0,2017-08-01,17.7,1012.1,0.0,16.202,21.2
1,2017-08-01,16.4,1012.1,0.0,15.55,21.8
2,2017-07-30,20.4,1007.5,0.0,17.372,21.55
3,2017-07-30,20.0,1006.7,0.0,17.14,21.55
4,2017-07-30,19.5,1006.5,0.0,17.215,21.55
5,2017-07-30,20.2,1006.2,0.0,17.7,21.55
6,2017-07-30,19.7,1006.2,0.0,17.611,21.55
7,2017-07-30,19.4,1006.8,21.0,17.02,21.55
8,2017-07-30,19.0,1007.2,127.0,16.48,21.55
9,2017-07-30,19.4,1007.9,246.0,15.335999999999999,21.55
10,2017-07-30,19.9,1008.1,332.0,15.575,21.55
11,2017-07-30,21.5,1008.7,638.0,16.3,21.55
12,2017-07-30,21.8,1009.0,835.0,15.634,21.55
13,2017-07-30,22.3,1009.1,169.0,15.786,21.55
14,2017-07-30,23.5,1009.0,397.0,15.465,21.55
15,2017-07-30,24.4,1009.4,1178.0,15.802,21.55
16,2017-07-30,23.2,1009.4,837.0,15.392000000000001,21.55
17,2017-07-30,24.4,1009.4,232.0,15.802,21.55
18,2017-07-30,23.4,1009.5,225.0,15.7,21.55
19,2017-07-30,24.3,1009.2,218.0,16.375,21.55
20,2017-07-30,24.0,1008.9,197.0,16.15,21.55
21,2017-07-30,22.8,1009.3,16.0,15.882,21.55
22,2017-07-30,21.4,1009.6,0.0,15.53,21.55
23,2017-07-30,20.3,1010.2,0.0,15.11,21.55
24,2017-07-31,19.5,1010.8,0.0,15.005,21.55
25,2017-07-31,18.6,1011.8,0.0,14.315999999999999,21.2
26,2017-07-29,18.2,1012.3,0.0,15.32,19.85
27,2017-07-29,17.7,1012.4,0.0,15.220999999999998,19.85
28,2017-07-29,17.5,1012.4,0.0,15.4,19.85
29,2017-07-29,17.7,1012.6,12.0,15.56,19.85
30,2017-07-29,17.8,1012.9,93.0,15.64,19.85
31,2017-07-29,18.5,1012.9,250.0,16.14,19.85
32,2017-07-29,20.0,1012.9,422.0,16.706,19.85
33,2017-07-29,21.5,1012.8,605.0,17.47,19.85
34,2017-07-29,24.1,1012.6,693.0,18.92,19.85
35,2017-07-29,26.6,1011.9,970.0,19.748,19.85
36,2017-07-29,26.6,1011.3,445.0,19.572,19.85
37,2017-07-29,27.5,1010.6,415.0,20.165,19.85
38,2017-07-29,28.2,1009.7,919.0,20.074,19.85
39,2017-07-29,28.0,1009.2,877.0,20.5,19.85
40,2017-07-29,27.9,1008.7,599.0,20.203,19.85
41,2017-07-29,27.5,1008.3,139.0,20.165,19.85
42,2017-07-29,26.5,1008.1,137.0,19.5,19.85
43,2017-07-29,25.1,1007.9,18.0,18.92,19.85
44,2017-07-29,23.9,1008.0,0.0,18.904,19.85
45,2017-07-29,23.2,1007.9,0.0,19.092,19.85
46,2017-07-30,22.6,1007.6,0.0,18.94,19.85
47,2017-07-30,21.3,1007.5,0.0,17.801,21.55
48,2017-07-28,16.1,1010.9,0.0,13.122,16.45
49,2017-07-29,18.4,1012.6,0.0,15.28,19.85
50,2017-07-28,16.3,1011.6,0.0,13.325999999999999,16.45
51,2017-07-28,15.9,1012.0,0.0,13.155999999999999,16.45
52,2017-07-28,15.2,1012.2,0.0,12.975999999999999,16.45
53,2017-07-28,14.5,1012.6,26.0,12.772,16.45
54,2017-07-28,15.6,1013.1,88.0,13.434000000000001,16.45
55,2017-07-28,16.1,1013.6,172.0,14.01,16.45
56,2017-07-28,16.7,1013.7,244.0,14.668,16.45
57,2017-07-28,18.5,1014.0,350.0,15.28,16.45
58,2017-07-28,21.9,1013.7,835.0,16.561,16.45
59,2017-07-28,21.4,1013.9,724.0,15.664000000000001,16.45
60,2017-07-28,21.2,1013.8,390.0,15.472000000000001,16.45
61,2017-07-28,21.3,1013.7,545.0,15.700999999999999,16.45
62,2017-07-28,22.9,1013.4,431.0,16.278,16.45
63,2017-07-28,23.6,1012.9,506.0,16.465999999999998,16.45
64,2017-07-28,23.1,1012.8,134.0,16.43,16.45
65,2017-07-28,22.3,1012.6,104.0,16.37,16.45
66,2017-07-28,21.9,1012.6,44.0,16.561,16.45
67,2017-07-28,21.4,1012.7,18.0,16.328,16.45
68,2017-07-28,20.9,1013.0,0.0,16.006,16.45
69,2017-07-28,20.5,1012.8,0.0,16.025,16.45
70,2017-07-29,19.2,1012.7,0.0,15.602,16.45
71,2017-07-29,18.3,1012.8,0.0,15.19,19.85
72,2017-07-27,17.2,1008.9,0.0,16.282,19.4
73,2017-07-29,18.4,1012.3,0.0,15.39,19.85
74,2017-07-27,16.9,1008.7,0.0,16.305999999999997,19.4
75,2017-07-27,17.1,1008.6,18.0,16.595,19.4
76,2017-07-27,16.3,1008.8,14.0,15.742,19.4
77,2017-07-27,16.0,1009.0,76.0,15.64,19.4
78,2017-07-27,17.1,1009.3,169.0,16.494,19.4
79,2017-07-27,17.3,1008.4,109.0,16.373,19.4
80,2017-07-27,18.1,1008.3,619.0,16.77,19.4
81,2017-07-27,19.7,1008.3,541.0,16.909000000000002,19.4
82,2017-07-27,20.2,1007.9,485.0,16.312,19.4
83,2017-07-27,20.2,1007.7,374.0,15.927999999999999,19.4
84,2017-07-27,20.8,1007.8,292.0,15.38,19.4
85,2017-07-27,21.3,1008.1,297.0,15.700999999999999,19.4
86,2017-07-27,21.3,1008.2,334.0,14.627,19.4
87,2017-07-27,20.6,1008.1,183.0,14.31,19.4
88,2017-07-27,20.3,1008.4,93.0,14.07,19.4
89,2017-07-27,20.0,1008.8,23.0,13.96,19.4
90,2017-07-27,19.5,1009.4,0.0,13.925,19.4
91,2017-07-27,18.6,1009.9,0.0,13.784,19.4
92,2017-07-28,17.1,1010.1,0.0,13.374,19.4
93,2017-07-28,16.2,1010.4,0.0,13.0,16.45
94,2017-07-26,14.4,1013.0,0.0,12.52,17.25
95,2017-07-27,17.5,1009.2,0.0,16.45,19.4
96,2017-07-26,12.4,1012.5,0.0,11.4,17.25
97,2017-07-28,16.1,1011.3,0.0,13.232999999999999,16.45
98,2017-07-26,12.2,1012.3,0.0,11.4,17.25
99,2017-07-26,12.2,1012.3,25.0,11.3,17.25
100,2017-07-26,14.9,1011.9,192.0,13.508,17.25
101,2017-07-26,17.9,1012.1,392.0,15.165,17.25
102,2017-07-26,21.2,1011.9,543.0,16.372,17.25
103,2017-07-26,23.3,1011.4,735.0,17.69,17.25
104,2017-07-26,22.2,1011.0,540.0,16.855999999999998,17.25
105,2017-07-26,23.4,1010.6,490.0,18.227999999999998,17.25
106,2017-07-26,21.6,1010.4,424.0,16.69,17.25
107,2017-07-26,20.4,1010.4,410.0,18.024,17.25
108,2017-07-26,20.1,1010.3,123.0,17.721,17.25
109,2017-07-26,19.4,1009.9,262.0,18.25,17.25
110,2017-07-26,19.4,1009.8,84.0,18.284000000000002,17.25
111,2017-07-26,19.9,1009.5,77.0,18.491,17.25
112,2017-07-26,20.0,1009.2,35.0,18.46,17.25
113,2017-07-26,19.8,1009.2,32.0,18.52,17.25
114,2017-07-26,18.8,1009.5,0.0,17.855999999999998,17.25
115,2017-07-26,18.4,1009.7,0.0,17.374000000000002,17.25
116,2017-07-27,18.2,1009.4,0.0,17.192,17.25
117,2017-07-27,17.8,1009.2,0.0,16.828,19.4
118,2017-07-25,15.7,1015.0,0.0,14.427999999999999,15.85
119,2017-07-27,17.2,1009.0,0.0,16.282,19.4
120,2017-07-25,15.2,1014.3,0.0,14.22,15.85
121,2017-07-27,17.2,1008.6,0.0,16.486,19.4
122,2017-07-25,14.8,1014.0,0.0,14.1,15.85
123,2017-07-25,14.9,1014.0,12.0,14.2,15.85
124,2017-07-25,15.4,1013.9,118.0,14.332,15.85
125,2017-07-25,15.4,1014.3,81.0,14.44,15.85
126,2017-07-25,16.4,1014.2,121.0,14.788,15.85
127,2017-07-25,16.6,1014.3,162.0,14.668,15.85
128,2017-07-25,16.9,1014.5,195.0,14.89,15.85
129,2017-07-25,17.8,1014.2,311.0,15.304,15.85
130,2017-07-25,17.3,1014.2,111.0,15.446,15.85
131,2017-07-25,19.3,1013.5,318.0,15.923,15.85
132,2017-07-25,20.1,1013.0,346.0,15.78,15.85
133,2017-07-25,20.0,1013.0,323.0,15.65,15.85
134,2017-07-25,21.1,1012.7,469.0,15.9,15.85
135,2017-07-25,20.7,1012.4,376.0,15.43,15.85
136,2017-07-25,20.4,1012.7,81.0,14.93,15.85
137,2017-07-25,19.8,1012.9,35.0,14.708,15.85
138,2017-07-25,18.2,1013.1,0.0,14.26,15.85
139,2017-07-25,17.0,1013.0,0.0,13.54,15.85
140,2017-07-26,16.0,1012.9,0.0,13.13,15.85
141,2017-07-26,15.3,1013.3,0.0,12.960999999999999,17.25
142,2017-07-24,14.4,1011.3,0.0,13.9,18.15
143,2017-07-26,13.2,1012.7,0.0,11.88,17.25
144,2017-07-24,17.9,1012.4,162.0,15.72,18.15
145,2017-07-26,11.7,1012.2,0.0,10.73,17.25
146,2017-07-24,16.4,1013.2,81.0,15.124,18.15
147,2017-07-24,16.4,1013.6,76.0,14.9,18.15
148,2017-07-24,16.2,1014.2,16.0,14.8,18.15
149,2017-07-24,15.8,1014.7,0.0,14.532,18.15
150,2017-07-24,15.7,1015.1,0.0,14.542,18.15
151,2017-07-25,15.5,1015.3,0.0,14.55,18.15
152,2017-07-25,15.4,1015.1,0.0,14.44,15.85
153,2017-07-23,13.9,1013.0,0.0,12.34,18.3
154,2017-07-25,15.3,1014.6,0.0,14.224,15.85
155,2017-07-24,17.8,1011.8,480.0,16.072,18.15
156,2017-07-24,16.2,1011.8,148.0,15.464,18.15
157,2017-07-24,16.7,1011.6,127.0,14.776,18.15
158,2017-07-24,16.3,1011.6,445.0,14.686,18.15
159,2017-07-24,15.4,1011.7,153.0,14.332,18.15
160,2017-07-24,14.7,1011.6,118.0,13.7,18.15
161,2017-07-24,14.1,1011.6,176.0,13.3,18.15
162,2017-07-24,13.4,1011.4,74.0,12.9,18.15
163,2017-07-24,13.2,1011.3,9.0,12.7,18.15
164,2017-07-24,13.5,1011.1,0.0,13.1,18.15
165,2017-07-24,13.5,1011.2,0.0,13.1,18.15
166,2017-07-24,13.8,1011.2,0.0,13.4,18.15
167,2017-07-24,14.0,1011.4,0.0,13.5,18.15
168,2017-07-23,13.2,1013.4,0.0,11.56,18.3
169,2017-07-25,14.8,1014.0,0.0,14.0,15.85
170,2017-07-23,12.9,1013.6,0.0,11.66,18.3
171,2017-07-23,12.8,1013.9,54.0,11.64,18.3
172,2017-07-23,13.7,1014.2,58.0,12.46,18.3
173,2017-07-23,14.8,1014.5,149.0,13.128,18.3
174,2017-07-23,16.0,1014.7,236.0,13.68,18.3
175,2017-07-23,17.5,1014.6,373.0,13.875,18.3
176,2017-07-23,17.9,1014.9,575.0,13.642000000000001,18.3
177,2017-07-23,19.4,1015.0,369.0,14.165999999999999,18.3
178,2017-07-23,19.9,1014.9,684.0,14.003,18.3
179,2017-07-23,20.2,1014.5,555.0,14.25,18.3
180,2017-07-23,20.5,1014.1,473.0,14.1,18.3
181,2017-07-23,20.9,1013.7,251.0,14.144,18.3
182,2017-07-23,20.4,1013.4,246.0,14.36,18.3
183,2017-07-23,18.9,1013.6,91.0,13.713,18.3
184,2017-07-23,18.3,1013.1,46.0,14.718,18.3
185,2017-07-23,16.8,1012.8,9.0,14.78,18.3
186,2017-07-23,16.1,1012.4,0.0,14.718,18.3
187,2017-07-23,15.1,1012.3,0.0,14.209000000000001,18.3
188,2017-07-24,14.9,1012.0,0.0,14.3,18.3
189,2017-07-24,14.5,1011.5,0.0,14.1,18.15
190,2017-07-22,17.8,1008.5,0.0,13.665999999999999,21.1
191,2017-07-24,18.2,1012.0,84.0,16.09,18.15
192,2017-07-22,16.6,1008.5,0.0,13.748,21.1
193,2017-07-24,18.1,1012.8,69.0,15.67,18.15
194,2017-07-22,16.8,1008.7,0.0,14.308,21.1
195,2017-07-22,16.9,1008.9,21.0,14.533,21.1
196,2017-07-22,16.6,1009.1,30.0,14.992,21.1
197,2017-07-22,16.2,1009.7,62.0,15.372,21.1
198,2017-07-22,16.7,1009.8,51.0,15.827,21.1
199,2017-07-22,18.4,1009.8,213.0,16.93,21.1
200,2017-07-22,18.0,1010.1,285.0,15.69,21.1
201,2017-07-22,20.2,1010.3,524.0,15.8,21.1
202,2017-07-22,20.8,1010.3,371.0,15.64,21.1
203,2017-07-22,22.5,1010.0,550.0,16.55,21.1
204,2017-07-22,22.1,1009.9,100.0,16.332,21.1
205,2017-07-22,20.3,1009.7,271.0,15.11,21.1
206,2017-07-22,20.9,1009.6,155.0,14.94,21.1
207,2017-07-22,21.0,1009.1,65.0,15.02,21.1
208,2017-07-22,19.6,1009.5,88.0,15.690999999999999,21.1
209,2017-07-22,16.0,1010.7,88.0,13.344000000000001,21.1
210,2017-07-22,15.4,1011.1,0.0,13.468,21.1
211,2017-07-22,15.2,1011.8,0.0,13.388,21.1
212,2017-07-23,15.4,1012.0,0.0,13.684000000000001,21.1
213,2017-07-23,14.6,1012.6,0.0,13.14,18.3
214,2017-07-21,15.1,1012.8,0.0,12.585,21.15
215,2017-07-23,13.4,1013.1,0.0,11.68,18.3
216,2017-07-21,14.2,1012.3,0.0,12.36,21.15
217,2017-07-23,13.3,1013.6,0.0,11.82,18.3
218,2017-07-21,14.3,1011.8,0.0,12.24,21.15
219,2017-07-21,14.8,1011.6,26.0,12.84,21.15
220,2017-07-21,15.7,1011.2,156.0,13.744000000000002,21.15
221,2017-07-21,18.7,1011.2,420.0,15.062000000000001,21.15
222,2017-07-21,19.3,1011.2,582.0,14.714,21.15
223,2017-07-21,20.6,1010.8,726.0,14.49,21.15
224,2017-07-21,22.3,1010.6,854.0,14.952,21.15
225,2017-07-21,24.1,1010.0,919.0,14.95,21.15
226,2017-07-21,23.1,1009.6,911.0,14.197000000000001,21.15
227,2017-07-21,25.1,1009.5,874.0,15.07,21.15
228,2017-07-21,25.6,1009.0,823.0,15.86,21.15
229,2017-07-21,24.5,1008.6,364.0,15.53,21.15
230,2017-07-21,23.6,1008.2,668.0,15.234000000000002,21.15
231,2017-07-21,22.6,1008.3,185.0,14.944,21.15
232,2017-07-21,22.7,1007.8,81.0,15.017999999999999,21.15
233,2017-07-21,22.6,1007.7,35.0,15.1,21.15
234,2017-07-21,21.4,1007.7,0.0,14.994000000000002,21.15
235,2017-07-21,20.3,1008.0,0.0,15.24,21.15
236,2017-07-22,20.4,1008.4,0.0,14.54,21.15
237,2017-07-22,19.0,1008.7,0.0,14.06,21.1
238,2017-07-20,20.1,1008.5,0.0,17.842,24.5
239,2017-07-22,17.2,1008.5,0.0,13.595999999999998,21.1
240,2017-07-20,19.5,1008.1,0.0,17.445,24.5
241,2017-07-22,16.4,1008.5,0.0,13.884,21.1
242,2017-07-20,18.1,1007.8,0.0,16.64,24.5
243,2017-07-20,18.2,1008.0,33.0,16.64,24.5
244,2017-07-20,18.6,1008.3,128.0,16.78,24.5
245,2017-07-20,20.0,1008.4,497.0,16.985,24.5
246,2017-07-20,19.9,1008.7,139.0,16.587,24.5
247,2017-07-20,19.5,1009.1,367.0,16.64,24.5
248,2017-07-20,21.0,1009.4,327.0,16.998,24.5
249,2017-07-20,19.3,1010.2,566.0,15.964,24.5
250,2017-07-20,20.6,1010.6,410.0,15.4,24.5
251,2017-07-20,19.6,1011.2,432.0,15.752,24.5
252,2017-07-20,20.6,1011.3,946.0,15.35,24.5
253,2017-07-20,19.9,1011.8,476.0,15.312999999999999,24.5
254,2017-07-20,18.8,1012.1,207.0,14.74,24.5
255,2017-07-20,19.8,1012.0,341.0,14.708,24.5
256,2017-07-20,19.8,1012.2,93.0,14.444,24.5
257,2017-07-20,19.3,1012.3,35.0,13.344000000000001,24.5
258,2017-07-20,18.7,1012.6,0.0,13.442,24.5
259,2017-07-20,17.9,1013.0,0.0,13.270999999999999,24.5
260,2017-07-21,16.9,1012.9,0.0,13.095999999999998,24.5
261,2017-07-21,15.3,1012.8,0.0,12.652000000000001,21.15
262,2017-07-19,25.6,1006.2,0.0,19.76,24.3
263,2017-07-21,14.3,1012.7,0.0,12.34,21.15
264,2017-07-01,15.2,1008.8,0.0,14.318,18.1
265,2017-07-21,14.2,1012.0,0.0,12.36,21.15
266,2017-07-19,25.0,1005.6,0.0,19.5,24.3
267,2017-07-19,24.6,1005.8,0.0,19.26,24.3
268,2017-07-19,24.2,1006.2,40.0,19.02,24.3
269,2017-07-19,24.1,1006.8,111.0,19.56,24.3
270,2017-07-19,24.7,1006.1,471.0,19.9,24.3
271,2017-07-19,26.8,1007.1,149.0,20.428,24.3
272,2017-07-19,25.3,1007.4,334.0,21.34,24.3
273,2017-07-19,27.5,1007.5,717.0,20.908,24.3
274,2017-07-19,29.3,1007.5,545.0,21.351999999999997,24.3
275,2017-07-19,30.1,1007.2,392.0,21.666,24.3
276,2017-07-19,29.1,1007.2,352.0,21.271,24.3
277,2017-07-19,27.8,1007.2,661.0,21.392,24.3
278,2017-07-19,26.9,1007.1,185.0,21.369,24.3
279,2017-07-19,26.4,1007.1,188.0,20.82,24.3
280,2017-07-19,26.8,1007.0,197.0,21.584,24.3
281,2017-07-19,24.8,1006.9,65.0,20.1,24.3
282,2017-07-19,24.1,1007.3,49.0,19.56,24.3
283,2017-07-19,23.2,1007.6,0.0,19.092,24.3
284,2017-07-19,22.3,1007.6,0.0,18.64,24.3
285,2017-07-20,21.1,1008.0,0.0,18.014,24.3
286,2017-07-20,20.5,1008.5,0.0,17.865,24.5
287,2017-07-18,21.5,1015.9,0.0,18.47,23.15
288,2017-07-18,22.7,1013.7,424.0,19.04,23.15
289,2017-07-20,18.5,1007.9,0.0,16.91,24.5
290,2017-07-18,26.9,1012.6,696.0,20.683000000000003,23.15
291,2017-07-18,28.6,1011.9,846.0,21.04,23.15
292,2017-07-18,29.9,1011.4,888.0,21.232,23.15
293,2017-07-18,30.9,1010.5,889.0,21.284000000000002,23.15
294,2017-07-18,31.5,1009.6,838.0,21.4,23.15
295,2017-07-18,31.9,1009.0,786.0,21.488000000000003,23.15
296,2017-07-18,32.2,1008.8,656.0,21.9,23.15
297,2017-07-18,32.2,1008.6,120.0,22.276,23.15
298,2017-07-18,31.3,1007.1,114.0,22.14,23.15
299,2017-07-17,16.2,1020.2,0.0,15.649000000000001,20.2
300,2017-07-19,25.3,1006.1,0.0,19.53,24.3
301,2017-07-17,17.4,1020.4,0.0,16.36,20.2
302,2017-07-18,18.9,1014.3,0.0,16.83,23.15
303,2017-07-18,18.9,1014.1,44.0,16.94,23.15
304,2017-07-18,20.1,1013.9,229.0,17.6,23.15
305,2017-07-02,13.6,1020.1,0.0,12.54,16.85
306,2017-07-20,19.8,1008.3,0.0,17.694000000000003,24.5
307,2017-07-19,25.0,1005.9,0.0,19.5,24.3
308,2017-07-17,18.8,1020.8,0.0,17.07,20.2
309,2017-07-19,26.4,1006.3,0.0,20.298,24.3
310,2017-07-19,26.4,1006.3,0.0,21.252,23.15
311,2017-07-18,27.0,1006.6,0.0,21.45,23.15
312,2017-07-18,28.5,1006.5,0.0,21.26,23.15
313,2017-07-18,30.3,1006.7,28.0,21.798000000000002,23.15
314,2017-07-18,31.3,1006.9,155.0,22.14,23.15
315,2017-07-31,18.1,1012.1,0.0,16.44,21.2
316,2017-07-31,18.5,1012.0,0.0,16.56,21.2
317,2017-07-31,20.9,1011.5,0.0,16.567,21.2
318,2017-07-31,23.1,1011.1,102.0,16.43,21.2
319,2017-07-31,23.8,1011.2,69.0,16.76,21.2
320,2017-07-31,23.7,1011.1,323.0,16.608,21.2
321,2017-07-31,24.5,1011.4,380.0,16.855,21.2
322,2017-07-31,23.8,1011.9,373.0,16.76,21.2
323,2017-07-31,23.5,1011.9,480.0,16.55,21.2
324,2017-07-31,23.1,1012.3,633.0,16.59,21.2
325,2017-07-31,21.9,1012.6,566.0,16.422,21.2
326,2017-07-31,21.9,1013.2,439.0,16.52,21.2
327,2017-07-31,21.8,1013.1,798.0,16.462,21.2
328,2017-07-31,20.2,1012.7,494.0,15.595999999999998,21.2
329,2017-07-31,16.3,1012.7,482.0,14.004000000000001,21.2
330,2017-07-31,14.9,1012.8,165.0,13.116,21.2
331,2017-07-31,14.2,1012.4,26.0,12.527999999999999,21.2
332,2017-07-31,13.9,1012.2,0.0,12.18,21.2
333,2017-07-31,14.4,1012.0,0.0,12.4,21.2
334,2017-07-31,15.4,1012.0,0.0,12.84,21.2
335,2017-07-31,16.4,1012.2,0.0,13.314,21.2
336,2017-07-31,17.4,1012.0,0.0,13.782,21.2
337,2017-08-03,23.6,1012.3,0.0,17.17,20.25
338,2017-08-02,18.7,1016.1,0.0,14.794,21.8
339,2017-08-01,20.5,1015.7,0.0,15.4,21.8
340,2017-08-01,22.3,1015.1,0.0,15.181,21.8
341,2017-08-01,24.0,1014.5,16.0,16.15,21.8
342,2017-08-01,25.6,1013.6,155.0,16.726,21.8
343,2017-08-01,26.6,1013.3,341.0,17.44,21.8
344,2017-08-01,25.8,1013.5,534.0,17.66,21.8
345,2017-08-01,25.8,1013.6,728.0,17.66,21.8
346,2017-08-01,24.3,1013.7,429.0,17.659000000000002,21.8
347,2017-08-01,24.0,1013.8,814.0,18.02,21.8
348,2017-08-01,24.0,1013.9,350.0,17.54,21.8
349,2017-08-01,24.1,1013.8,554.0,17.795,21.8
350,2017-08-01,21.3,1013.4,828.0,16.855999999999998,21.8
351,2017-08-01,18.8,1013.5,269.0,16.08,21.8
352,2017-08-01,17.6,1013.8,118.0,15.17,21.8
353,2017-08-01,16.6,1013.4,172.0,14.56,21.8
354,2017-08-01,15.4,1012.6,93.0,13.9,21.8
355,2017-08-01,15.2,1012.8,5.0,13.804,21.8
356,2017-08-01,15.3,1012.4,0.0,13.905999999999999,21.8
357,2017-08-01,15.0,1011.9,0.0,13.9,21.8
358,2017-08-01,15.4,1012.5,0.0,14.116,21.8
359,2017-08-01,16.0,1013.1,0.0,14.98,21.8
360,2017-08-01,16.4,1012.5,0.0,15.645,21.8
361,2017-08-02,24.4,1012.2,0.0,17.424,20.25
362,2017-08-02,25.0,1012.2,0.0,17.44,20.25
363,2017-08-02,26.8,1011.8,19.0,18.664,20.25
364,2017-08-02,27.6,1011.8,76.0,18.784000000000002,20.25
365,2017-08-02,27.9,1012.2,179.0,18.627,20.25
366,2017-08-02,28.7,1012.5,320.0,18.857,20.25
367,2017-08-02,29.1,1013.0,654.0,18.7,20.25
368,2017-08-02,28.0,1013.7,287.0,18.29,20.25
369,2017-08-02,26.7,1014.6,320.0,17.53,20.25
370,2017-08-02,25.1,1015.3,246.0,16.633,20.25
371,2017-08-02,24.6,1016.0,185.0,15.76,20.25
372,2017-08-02,24.3,1016.4,777.0,15.58,20.25
373,2017-08-02,24.2,1016.4,596.0,16.144000000000002,20.25
374,2017-08-02,20.9,1016.3,499.0,15.72,20.25
375,2017-08-02,19.7,1016.5,105.0,15.618,20.25
376,2017-08-02,17.2,1016.5,90.0,14.806,20.25
377,2017-08-02,16.8,1016.7,49.0,14.308,20.25
378,2017-08-02,16.8,1016.5,0.0,14.19,20.25
379,2017-08-02,17.2,1016.0,0.0,14.334000000000001,20.25
380,2017-08-02,17.4,1015.9,0.0,14.276,20.25
381,2017-08-02,17.2,1016.0,0.0,14.216,20.25
382,2017-08-02,16.6,1016.1,0.0,13.748,20.25
383,2017-08-02,17.5,1016.1,0.0,14.25,20.25
384,2017-06-03,19.0,1013.2,0.0,18.28,20.35
385,2017-06-03,19.0,1013.1,0.0,18.4,20.35
386,2017-06-03,19.0,1012.6,0.0,18.52,20.35
387,2017-06-03,19.0,1012.7,0.0,18.64,20.35
388,2017-06-03,19.0,1012.8,0.0,18.64,20.35
389,2017-06-03,19.0,1013.2,0.0,18.4,20.35
390,2017-06-03,19.0,1013.3,51.0,17.69,20.35
391,2017-06-03,19.0,1013.8,128.0,17.47,20.35
392,2017-06-03,19.0,1013.8,176.0,17.47,20.35
393,2017-06-03,19.0,1014.1,287.0,17.14,20.35
394,2017-06-03,19.0,1014.1,248.0,17.03,20.35
395,2017-06-03,19.0,1013.7,527.0,16.81,20.35
396,2017-06-03,19.0,1013.6,455.0,16.59,20.35
397,2017-06-03,19.0,1013.3,380.0,16.7,20.35
398,2017-06-03,19.0,1013.3,169.0,17.03,20.35
399,2017-06-03,19.0,1013.5,90.0,17.25,20.35
400,2017-06-03,19.0,1014.1,51.0,17.92,20.35
401,2017-06-03,19.0,1014.1,47.0,18.4,20.35
402,2017-06-03,19.0,1014.2,40.0,18.28,20.35
403,2017-06-03,19.0,1014.2,33.0,18.4,20.35
404,2017-06-03,19.0,1014.5,21.0,17.92,20.35
405,2017-06-03,19.0,1014.5,21.0,17.92,20.35
406,2017-06-03,19.0,1014.5,21.0,17.92,20.35
407,2017-06-04,19.0,1014.5,21.0,17.92,20.35
408,2017-06-04,19.0,1014.5,21.0,17.92,9.5
409,2017-06-04,19.0,1014.5,21.0,17.92,9.5
410,2017-06-04,19.0,1014.5,21.0,17.92,9.5
411,2017-06-04,19.0,1014.5,21.0,17.92,9.5
412,2017-06-04,19.0,1014.5,21.0,17.92,9.5
413,2017-06-04,19.0,1014.5,21.0,17.92,9.5
414,2017-06-04,19.0,1014.5,21.0,17.92,9.5
415,2017-06-04,19.0,1014.5,21.0,17.92,9.5
416,2017-06-04,19.0,1014.5,21.0,17.92,9.5
417,2017-06-04,19.0,1014.5,21.0,17.92,9.5
418,2017-06-04,19.0,1014.5,21.0,17.92,9.5
419,2017-06-04,19.0,1014.5,21.0,17.92,9.5
420,2017-06-04,19.0,1014.5,21.0,17.92,9.5
421,2017-06-04,19.0,1014.5,21.0,17.92,9.5
422,2017-06-04,19.0,1014.5,21.0,17.92,9.5
423,2017-06-04,19.0,1014.5,21.0,17.92,9.5
424,2017-06-04,19.0,1014.5,21.0,17.92,9.5
425,2017-06-04,19.0,1014.5,21.0,17.92,9.5
426,2017-06-04,19.0,1014.5,21.0,17.92,9.5
427,2017-06-04,19.0,1014.5,21.0,17.92,9.5
428,2017-06-04,19.0,1014.5,21.0,17.92,9.5
429,2017-06-04,19.0,1014.5,21.0,17.92,9.5
430,2017-06-04,19.0,1014.5,21.0,17.92,9.5
431,2017-06-05,19.0,1014.5,21.0,17.92,9.5
432,2017-06-05,19.0,1014.5,21.0,17.92,19.0
433,2017-06-05,19.0,1014.5,21.0,17.92,19.0
434,2017-06-05,19.0,1014.5,21.0,17.92,19.0
435,2017-06-05,19.0,1014.5,21.0,17.92,19.0
436,2017-06-05,19.0,1014.5,21.0,17.92,19.0
437,2017-06-05,19.0,1014.5,21.0,17.92,19.0
438,2017-06-05,19.0,1014.5,21.0,17.92,19.0
439,2017-06-05,19.0,1014.5,21.0,17.92,19.0
440,2017-06-05,19.0,1014.5,21.0,17.92,19.0
441,2017-06-05,19.0,0.0,32767.0,18.62,19.0
442,2017-06-05,20.0,1013.0,311.0,13.1,19.0
443,2017-06-05,20.0,1012.2,401.0,13.34,19.0
444,2017-06-05,20.0,1011.6,1074.0,13.34,19.0
445,2017-06-05,20.0,1010.6,1060.0,12.98,19.0
446,2017-06-05,20.0,1009.9,900.0,12.74,19.0
447,2017-06-05,20.0,1009.2,664.0,12.74,19.0
448,2017-06-05,20.0,1008.3,575.0,13.1,19.0
449,2017-06-05,20.0,1007.1,156.0,13.22,19.0
450,2017-06-05,20.0,1006.3,42.0,13.7,19.0
451,2017-06-05,20.0,1005.5,26.0,14.22,19.0
452,2017-06-05,20.0,1004.6,0.0,14.74,19.0
453,2017-06-05,20.0,1003.9,0.0,15.13,19.0
454,2017-06-06,20.0,1003.3,0.0,16.17,19.0
455,2017-08-03,22.6,1012.0,0.0,16.792,22.35
456,2017-06-06,20.0,1002.5,0.0,17.86,19.5
457,2017-06-06,20.0,1001.2,0.0,18.46,19.5
458,2017-06-06,20.0,999.2,0.0,18.34,19.5
459,2017-06-06,20.0,998.1,0.0,18.46,19.5
460,2017-06-06,20.0,997.4,0.0,18.83,19.5
461,2017-06-06,20.0,998.2,0.0,18.46,19.5
462,2017-06-06,20.0,999.5,79.0,18.46,19.5
463,2017-06-06,20.0,1000.5,299.0,18.1,19.5
464,2017-06-06,20.0,1001.6,606.0,17.62,19.5
465,2017-06-06,20.0,1002.5,861.0,17.14,19.5
466,2017-06-06,20.0,1002.5,861.0,17.14,19.5
467,2017-06-06,20.0,1002.5,861.0,17.14,19.5
468,2017-06-06,20.0,1002.5,861.0,17.14,19.5
469,2017-06-06,20.0,1002.5,861.0,17.14,19.5
470,2017-06-06,20.0,1002.5,861.0,17.14,19.5
471,2017-06-06,20.0,1002.5,861.0,17.14,19.5
472,2017-06-06,20.0,1002.5,861.0,17.14,19.5
473,2017-06-06,20.0,1002.5,861.0,17.14,19.5
474,2017-06-06,20.0,1002.5,861.0,17.14,19.5
475,2017-06-06,20.0,1002.5,861.0,17.14,19.5
476,2017-06-06,20.0,1002.5,861.0,17.14,19.5
477,2017-06-06,20.0,1002.5,861.0,17.14,19.5
478,2017-06-06,20.0,1002.5,861.0,17.14,19.5
479,2017-06-07,20.0,1002.5,861.0,17.14,19.5
480,2017-06-07,20.0,1002.5,861.0,17.14,19.5
481,2017-06-07,20.0,1002.5,861.0,17.14,19.5
482,2017-06-07,20.0,1002.5,861.0,17.14,19.5
483,2017-06-07,20.0,1002.5,861.0,17.14,19.5
484,2017-06-07,20.0,1002.5,861.0,17.14,19.5
485,2017-06-07,20.0,1002.5,861.0,17.14,19.5
486,2017-06-07,20.0,1002.5,861.0,17.14,19.5
487,2017-06-07,20.0,1002.5,861.0,17.14,19.5
488,2017-06-07,20.0,1002.5,861.0,17.14,19.5
489,2017-06-07,20.0,1002.5,861.0,17.14,19.5
490,2017-06-07,14.5,1016.4,350.0,11.0,19.5
491,2017-06-07,14.7,1017.2,533.0,11.4,19.5
492,2017-06-07,15.8,1017.4,536.0,11.52,19.5
493,2017-06-07,16.1,1017.6,410.0,11.66,19.5
494,2017-06-07,17.0,1017.5,1114.0,11.78,19.5
495,2017-06-07,18.8,1017.5,294.0,12.415999999999999,19.5
496,2017-06-07,19.2,1017.4,241.0,12.724,19.5
497,2017-06-07,18.5,1017.5,552.0,12.095,19.5
498,2017-06-07,19.2,1017.3,304.0,12.724,19.5
499,2017-06-07,19.2,1017.3,345.0,12.852,19.5
500,2017-06-07,19.2,1017.3,345.0,12.852,19.5
501,2017-06-07,19.2,1017.3,345.0,12.852,19.5
502,2017-06-07,19.2,1017.3,345.0,12.852,19.5
503,2017-06-08,19.2,1017.3,345.0,12.852,19.5
504,2017-06-08,19.2,1017.3,345.0,12.852,10.0
505,2017-06-08,19.2,1017.3,345.0,12.852,10.0
506,2017-06-08,19.2,1017.3,345.0,12.852,10.0
507,2017-06-08,19.2,1017.3,345.0,12.852,10.0
508,2017-06-08,19.2,1017.3,345.0,12.852,10.0
509,2017-06-08,19.2,1017.3,345.0,12.852,10.0
510,2017-06-08,19.2,1017.3,345.0,12.852,10.0
511,2017-06-08,19.2,1017.3,345.0,12.852,10.0
512,2017-06-08,19.2,1017.3,345.0,12.852,10.0
513,2017-06-08,19.2,1017.3,345.0,12.852,10.0
514,2017-06-08,19.2,1017.3,345.0,12.852,10.0
515,2017-06-08,19.2,1017.3,345.0,12.852,10.0
516,2017-06-08,19.2,1017.3,345.0,12.852,10.0
517,2017-06-08,19.2,1017.3,345.0,12.852,10.0
518,2017-06-08,19.2,1017.3,345.0,12.852,10.0
519,2017-06-08,19.2,1017.3,345.0,12.852,10.0
520,2017-06-08,19.2,1017.3,345.0,12.852,10.0
521,2017-06-08,27.5,1010.4,503.0,18.52,10.0
522,2017-06-08,26.8,1009.8,294.0,18.142,10.0
523,2017-06-08,26.5,1010.1,236.0,18.43,10.0
524,2017-06-08,24.5,1009.6,32.0,18.34,10.0
525,2017-06-08,22.7,1009.4,0.0,17.92,10.0
526,2017-06-08,21.7,1009.2,0.0,17.572,10.0
527,2017-06-09,18.3,1009.7,0.0,14.214,10.0
528,2017-06-09,18.0,1010.4,0.0,14.34,20.95
529,2017-06-09,16.0,1008.8,0.0,14.74,20.95
530,2017-06-09,15.9,1009.9,0.0,15.081,20.95
531,2017-06-09,16.6,1009.1,0.0,15.315999999999999,20.95
532,2017-06-09,16.4,1008.7,0.0,15.33,20.95
533,2017-06-09,15.9,1009.0,0.0,15.263,20.95
534,2017-06-09,15.5,1009.7,19.0,14.93,20.95
535,2017-06-09,15.6,1010.3,77.0,15.13,20.95
536,2017-06-09,16.0,1011.2,125.0,15.28,20.95
537,2017-06-09,15.9,1012.1,904.0,14.872,20.95
538,2017-06-09,16.8,1012.6,800.0,14.662,20.95
539,2017-06-09,18.4,1012.8,367.0,14.675999999999998,20.95
540,2017-06-09,18.9,1013.2,1007.0,13.713,20.95
541,2017-06-09,21.2,1013.6,1306.0,14.812000000000001,20.95
542,2017-06-09,20.4,1013.9,313.0,14.07,20.95
543,2017-06-09,20.6,1014.3,1044.0,14.048,20.95
544,2017-06-09,21.0,1014.4,766.0,14.08,20.95
545,2017-06-09,20.7,1014.5,287.0,13.857999999999999,20.95
546,2017-06-09,22.0,1014.8,148.0,14.65,20.95
547,2017-06-09,20.9,1015.2,220.0,14.144,20.95
548,2017-06-09,21.3,1015.7,51.0,14.77,20.95
549,2017-06-09,19.2,1015.8,0.0,14.36,20.95
550,2017-06-09,17.9,1016.4,0.0,14.247,20.95
551,2017-06-10,17.7,1016.7,0.0,14.43,20.95
552,2017-06-10,17.6,1016.9,0.0,14.34,20.25
553,2017-06-10,16.9,1017.2,0.0,14.414000000000001,20.25
554,2017-06-10,15.0,1017.3,0.0,13.4,20.25
555,2017-06-10,14.3,1017.2,0.0,13.042,20.25
556,2017-06-10,14.0,1017.1,0.0,12.92,20.25
557,2017-06-10,14.4,1017.4,12.0,13.224,20.25
558,2017-06-10,15.5,1017.3,69.0,13.67,20.25
559,2017-06-10,17.7,1017.7,248.0,14.91,20.25
560,2017-06-10,20.7,1018.1,475.0,16.224,20.25
561,2017-06-10,22.9,1018.1,633.0,17.067999999999998,20.25
562,2017-06-10,23.9,1018.3,773.0,16.83,20.25
563,2017-06-10,25.6,1018.3,877.0,17.378,20.25
564,2017-06-10,25.3,1018.2,937.0,17.185,20.25
565,2017-06-10,26.8,1018.0,947.0,17.418,20.25
566,2017-06-10,26.9,1017.7,911.0,16.886,20.25
567,2017-06-10,27.4,1017.5,826.0,17.45,20.25
568,2017-06-10,27.4,1017.3,701.0,17.66,20.25
569,2017-06-10,27.2,1017.0,548.0,17.52,20.25
570,2017-06-10,26.9,1017.0,378.0,17.504,20.25
571,2017-06-10,26.4,1017.2,214.0,16.887999999999998,20.25
572,2017-06-10,25.4,1017.1,47.0,16.912,20.25
573,2017-06-10,22.9,1017.0,0.0,16.594,20.25
574,2017-06-10,21.4,1017.3,0.0,16.3,20.25
575,2017-06-11,20.4,1017.1,0.0,15.572000000000001,20.25
576,2017-06-11,20.0,1016.8,0.0,15.52,21.4
577,2017-06-11,18.9,1016.9,0.0,15.51,21.4
578,2017-06-11,18.9,1016.6,0.0,15.234000000000002,21.4
579,2017-06-11,17.2,1016.5,0.0,14.924000000000001,21.4
580,2017-06-11,17.2,1016.4,0.0,14.806,21.4
581,2017-06-11,16.4,1016.1,9.0,14.452,21.4
582,2017-06-11,17.1,1015.8,146.0,14.28,21.4
583,2017-06-11,19.5,1015.6,265.0,16.295,21.4
584,2017-06-11,22.2,1015.7,529.0,17.42,21.4
585,2017-06-11,25.0,1015.2,652.0,18.48,21.4
586,2017-06-11,27.3,1015.2,791.0,18.547,21.4
587,2017-06-11,26.9,1014.9,1005.0,18.226,21.4
588,2017-06-11,27.1,1014.5,926.0,17.87,21.4
589,2017-06-11,29.7,1014.2,1100.0,19.046,21.4
590,2017-06-11,29.0,1013.8,842.0,18.817999999999998,21.4
591,2017-06-11,29.4,1013.5,886.0,19.236,21.4
592,2017-06-11,27.5,1013.4,352.0,18.705,21.4
593,2017-06-11,26.9,1013.2,281.0,18.226,21.4
594,2017-06-11,25.8,1013.0,496.0,18.035999999999998,21.4
595,2017-06-11,24.5,1013.3,72.0,17.02,21.4
596,2017-06-11,23.8,1013.6,65.0,17.33,21.4
597,2017-06-11,22.7,1014.1,0.0,17.5,21.4
598,2017-06-11,19.6,1015.6,0.0,17.064,21.4
599,2017-06-12,17.7,1016.0,0.0,14.769,21.4
600,2017-06-12,17.3,1016.3,0.0,13.689,22.0
601,2017-06-12,16.6,1016.4,0.0,13.277999999999999,22.0
602,2017-06-12,16.0,1016.5,0.0,13.35,22.0
603,2017-06-12,15.2,1017.0,0.0,13.376,22.0
604,2017-06-12,14.5,1017.5,0.0,13.05,22.0
605,2017-06-12,13.3,1017.9,11.0,11.98,22.0
606,2017-06-12,12.8,1018.1,98.0,11.48,22.0
607,2017-06-12,12.9,1018.4,149.0,11.5,22.0
608,2017-06-12,20.0,0.0,32767.0,19.6,22.0
609,2017-06-12,20.0,0.0,32767.0,19.6,22.0
610,2017-06-12,15.5,1019.2,939.0,11.94,22.0
611,2017-06-12,16.8,1019.3,241.0,12.675999999999998,22.0
612,2017-06-12,17.4,1019.6,1053.0,12.652000000000001,22.0
613,2017-06-12,18.2,1019.4,301.0,13.244000000000002,22.0
614,2017-06-12,19.1,1019.3,1000.0,13.532,22.0
615,2017-06-13,14.7,1019.4,0.0,12.36,0.0
616,2018-02-26,-3.3,1023.2,0.0,-5.412000000000001,0.8
617,2018-02-26,-3.4,1023.4,0.0,-5.457999999999999,0.8
618,2018-02-26,-3.6,1023.4,0.0,-5.568,0.8
619,2018-02-26,-3.9,1024.0,18.0,-5.761,0.8
620,2018-02-26,-3.4,1024.0,178.0,-5.457999999999999,0.8
621,2018-02-26,-3.0,1023.9,359.0,-5.2139999999999995,0.8
622,2018-02-26,-2.6,1024.1,69.0,-5.048,0.8
623,2018-02-26,-2.1,1023.9,554.0,-4.739,0.8
624,2017-06-13,13.8,1019.5,0.0,11.898,10.2
625,2017-06-13,13.3,1019.3,0.0,11.392999999999999,10.2
626,2017-06-13,12.8,1019.1,0.0,11.0,10.2
627,2017-06-13,12.0,1018.8,0.0,10.44,10.2
628,2017-06-13,11.4,1018.9,0.0,10.03,10.2
629,2017-06-13,11.1,1018.9,12.0,9.923,10.2
630,2017-06-13,12.1,1019.1,77.0,10.6,10.2
631,2017-06-13,13.8,1019.1,318.0,12.0,10.2
632,2017-06-13,15.9,1019.0,454.0,12.64,10.2
633,2017-06-13,18.0,1018.8,649.0,13.74,10.2
634,2017-06-13,19.4,1018.5,823.0,13.975999999999999,10.2
635,2017-06-13,20.4,1018.2,703.0,14.54,10.2
636,2017-06-13,21.0,1017.8,693.0,14.76,10.2
637,2017-06-13,22.0,1017.3,439.0,14.8,10.2
638,2017-06-13,23.0,1017.1,884.0,15.08,10.2
639,2017-06-13,22.9,1016.7,524.0,15.56,10.2
640,2017-06-13,23.2,1016.3,619.0,15.866,10.2
641,2017-06-13,23.3,1016.4,271.0,16.096,10.2
642,2017-06-13,23.2,1016.0,267.0,16.5,10.2
643,2017-06-13,22.6,1015.7,151.0,16.488,10.2
644,2017-06-13,21.9,1016.1,72.0,16.422,10.2
645,2017-06-13,20.4,1016.5,7.0,15.698,10.2
646,2017-06-13,19.2,1016.3,0.0,15.464,10.2
647,2017-06-14,18.6,1016.7,0.0,15.107999999999999,10.2
648,2017-06-14,18.4,1016.3,0.0,15.06,18.95
649,2017-06-14,18.4,1016.2,0.0,14.932,18.95
650,2017-06-14,17.5,1016.1,0.0,14.365,18.95
651,2017-06-14,16.8,1015.7,0.0,13.954,18.95
652,2017-06-14,15.9,1015.3,0.0,13.374,18.95
653,2017-06-14,15.7,1014.8,9.0,13.202,18.95
654,2017-06-14,15.5,1014.8,56.0,13.24,18.95
655,2017-06-14,17.7,1015.0,234.0,14.769,18.95
656,2017-06-14,19.4,1015.1,253.0,15.607999999999999,18.95
657,2017-06-14,20.2,1015.0,369.0,15.927999999999999,18.95
658,2017-06-14,22.5,1014.9,800.0,17.3,18.95
659,2017-06-14,24.8,1014.5,867.0,17.62,18.95
660,2017-06-14,25.7,1014.4,914.0,17.752,18.95
661,2017-06-14,27.1,1014.2,796.0,18.389,18.95
662,2017-06-14,27.6,1013.7,420.0,18.408,18.95
663,2017-06-14,28.0,1013.2,812.0,18.7,18.95
664,2017-06-14,28.4,1012.7,712.0,18.82,18.95
665,2017-06-14,28.0,1012.2,526.0,19.1,18.95
666,2017-06-14,28.4,1011.8,362.0,19.432000000000002,18.95
667,2017-06-14,28.9,1012.0,200.0,18.9,18.95
668,2017-06-14,28.1,1012.5,51.0,19.585,18.95
669,2017-06-14,25.8,1012.6,0.0,18.94,18.95
670,2017-06-14,24.3,1012.8,0.0,18.96,18.95
671,2017-06-15,22.8,1012.8,0.0,18.58,18.95
672,2017-06-15,22.1,1012.6,0.0,18.44,20.05
673,2017-06-15,21.3,1012.5,0.0,18.242,20.05
674,2017-06-15,21.0,1012.3,0.0,17.75,20.05
675,2017-06-15,20.7,1012.0,0.0,17.777,20.05
676,2017-06-15,20.3,1012.1,0.0,17.542,20.05
677,2017-06-15,20.0,1012.4,9.0,17.62,20.05
678,2017-06-15,20.2,1012.4,83.0,18.066,20.05
679,2017-06-15,20.9,1012.7,269.0,18.428,20.05
680,2017-06-15,22.9,1013.1,476.0,18.82,20.05
681,2017-06-15,23.5,1013.4,367.0,19.2,20.05
682,2017-06-15,23.1,1014.0,475.0,19.148,20.05
683,2017-06-15,24.5,1014.3,777.0,19.16,20.05
684,2017-06-15,25.1,1014.4,926.0,19.6,20.05
685,2017-06-15,25.9,1014.1,981.0,19.89,20.05
686,2017-06-15,26.0,1014.5,1028.0,19.31,20.05
687,2017-06-15,26.2,1014.5,823.0,19.112000000000002,20.05
688,2017-06-15,26.8,1014.6,687.0,18.838,20.05
689,2017-06-15,26.3,1014.7,591.0,18.09,20.05
690,2017-06-15,25.8,1014.9,265.0,18.224,20.05
691,2017-06-15,24.5,1015.3,178.0,18.01,20.05
692,2017-06-15,22.6,1016.2,74.0,17.4,20.05
693,2017-06-15,20.8,1017.4,0.0,16.494,20.05
694,2017-06-15,19.8,1018.1,0.0,16.396,20.05
695,2017-06-16,18.7,1018.5,0.0,16.21,20.05
696,2017-06-16,17.2,1019.1,0.0,14.924000000000001,21.05
697,2017-06-16,15.6,1019.5,0.0,13.328,21.05
698,2017-06-16,14.5,1019.8,0.0,12.2,21.05
699,2017-06-16,14.1,1020.3,0.0,12.362,21.05
700,2017-06-16,13.3,1020.7,0.0,11.82,21.05
701,2017-06-16,12.6,1021.2,11.0,11.44,21.05
702,2017-06-16,12.5,1022.0,54.0,11.42,21.05
703,2017-06-16,13.0,1022.5,290.0,11.84,21.05
704,2017-06-16,13.9,1023.0,499.0,12.4,21.05
705,2017-06-16,14.9,1023.4,803.0,12.72,21.05
706,2017-06-16,16.7,1023.4,979.0,13.252,21.05
707,2017-06-16,17.0,1023.9,352.0,13.54,21.05
708,2017-06-16,18.1,1024.0,1090.0,13.888,21.05
709,2017-06-16,19.4,1023.7,341.0,14.112,21.05
710,2017-06-16,20.2,1024.0,963.0,14.46,21.05
711,2017-06-16,21.3,1023.9,835.0,15.036,21.05
712,2017-06-16,21.5,1023.6,752.0,15.355,21.05
713,2017-06-16,21.4,1023.7,504.0,15.262,21.05
714,2017-06-16,22.0,1023.9,457.0,15.82,21.05
715,2017-06-16,21.7,1024.2,221.0,15.404000000000002,21.05
716,2017-06-16,20.9,1024.4,56.0,15.2,21.05
717,2017-06-16,18.9,1024.7,5.0,14.544,21.05
718,2017-06-16,17.6,1025.5,0.0,13.968,21.05
719,2017-06-17,16.7,1025.9,0.0,13.617,21.05
720,2017-06-17,15.7,1026.2,0.0,13.202,20.25
721,2017-06-17,15.0,1026.2,0.0,12.9,20.25
722,2017-06-17,14.3,1026.1,0.0,12.696,20.25
723,2017-06-17,13.9,1026.2,0.0,12.42,20.25
724,2017-06-17,13.5,1026.3,0.0,12.26,20.25
725,2017-06-17,13.7,1026.3,9.0,12.28,20.25
726,2017-06-17,14.3,1026.5,93.0,12.698,20.25
727,2017-06-17,16.8,1026.5,287.0,14.544,20.25
728,2017-06-17,18.2,1026.4,466.0,15.32,20.25
729,2017-06-17,20.8,1026.4,626.0,16.372,20.25
730,2017-06-17,21.5,1026.2,802.0,16.56,20.25
731,2017-06-17,23.1,1026.0,951.0,17.55,20.25
732,2017-06-17,24.0,1025.9,1151.0,17.86,20.25
733,2017-06-17,24.2,1025.6,406.0,17.727999999999998,20.25
734,2017-06-17,25.0,1024.9,570.0,18.217,20.25
735,2017-06-17,25.6,1024.4,930.0,18.74,20.25
736,2017-06-17,26.1,1024.0,714.0,18.87,20.25
737,2017-06-17,26.3,1023.5,657.0,19.183,20.25
738,2017-06-17,26.3,1023.1,390.0,19.01,20.25
739,2017-06-17,25.6,1023.0,211.0,18.74,20.25
740,2017-06-17,25.4,1022.9,51.0,18.71,20.25
741,2017-06-17,23.9,1022.9,0.0,18.18,20.25
742,2017-06-17,22.3,1023.2,0.0,17.8,20.25
743,2017-06-18,21.0,1023.2,0.0,16.809,20.25
744,2017-06-18,20.4,1023.2,0.0,16.844,19.55
745,2017-06-18,19.3,1023.0,0.0,16.714000000000002,19.55
746,2017-06-18,19.1,1022.8,0.0,16.7,19.55
747,2017-06-18,18.5,1022.5,0.0,16.14,19.55
748,2017-06-18,18.2,1022.0,0.0,15.76,19.55
749,2017-06-18,18.2,1021.8,9.0,15.65,19.55
750,2017-06-18,18.8,1021.6,97.0,15.97,19.55
751,2017-06-18,20.7,1021.4,294.0,16.858,19.55
752,2017-06-18,22.0,1021.5,459.0,17.64,19.55
753,2017-06-18,23.8,1021.3,629.0,18.828,19.55
754,2017-06-18,24.9,1021.0,756.0,18.724,19.55
755,2017-06-18,25.8,1020.7,803.0,19.52,19.55
756,2017-06-18,26.0,1020.4,909.0,19.14,19.55
757,2017-06-18,26.8,1020.0,942.0,19.36,19.55
758,2017-06-18,27.9,1019.4,898.0,19.809,19.55
759,2017-06-18,28.0,1018.7,817.0,19.7,19.55
760,2017-06-18,28.7,1018.3,693.0,19.887999999999998,19.55
761,2017-06-18,28.6,1017.9,541.0,20.215999999999998,19.55
762,2017-06-18,28.5,1017.8,374.0,20.01,19.55
763,2017-06-18,28.2,1017.5,214.0,20.074,19.55
764,2017-06-18,27.1,1017.4,56.0,19.777,19.55
765,2017-06-18,25.5,1017.6,0.0,19.32,19.55
766,2017-06-18,24.0,1018.2,0.0,18.66,19.55
767,2017-06-19,23.0,1018.1,0.0,18.36,19.55
768,2017-06-19,22.4,1017.9,0.0,18.04,21.15
769,2017-06-19,22.0,1017.7,0.0,17.64,21.15
770,2017-06-19,21.5,1017.2,0.0,17.08,21.15
771,2017-06-19,20.9,1017.1,0.0,16.445999999999998,21.15
772,2017-06-19,18.8,1016.9,0.0,15.97,21.15
773,2017-06-19,18.4,1017.1,9.0,15.61,21.15
774,2017-06-19,20.0,1017.0,98.0,16.17,21.15
775,2017-06-19,21.9,1016.8,304.0,17.252,21.15
776,2017-06-19,23.6,1017.1,483.0,17.58,21.15
777,2017-06-19,25.0,1016.6,647.0,18.31,21.15
778,2017-06-19,26.5,1016.4,784.0,18.43,21.15
779,2017-06-19,28.2,1016.1,877.0,19.064,21.15
780,2017-06-19,28.9,1015.9,949.0,18.617,21.15
781,2017-06-19,30.0,1015.5,942.0,19.05,21.15
782,2017-06-19,30.3,1015.0,905.0,19.024,21.15
783,2017-06-19,31.4,1014.5,810.0,19.142,21.15
784,2017-06-19,31.9,1014.3,698.0,19.632,21.15
785,2017-06-19,31.9,1013.8,559.0,19.24,21.15
786,2017-06-19,32.1,1013.5,387.0,19.807000000000002,21.15
787,2017-06-19,32.4,1013.7,220.0,20.038,21.15
788,2017-06-19,31.4,1013.6,56.0,19.868,21.15
789,2017-06-19,28.7,1013.7,0.0,19.680999999999997,21.15
790,2017-06-19,25.7,1014.1,0.0,19.01,21.15
791,2017-06-20,24.1,1014.3,0.0,18.439,21.15
792,2017-06-20,22.7,1014.4,0.0,17.74,25.55
793,2017-06-20,21.8,1014.3,0.0,17.666,25.55
794,2017-06-20,22.0,1014.0,0.0,17.64,25.55
795,2017-06-20,21.3,1013.9,0.0,17.36,25.55
796,2017-06-20,20.0,1013.6,0.0,16.78,25.55
797,2017-06-20,20.1,1013.8,11.0,16.493,25.55
798,2017-06-20,20.8,1013.9,79.0,16.738,25.55
799,2017-06-20,24.3,1014.0,281.0,19.34,25.55
800,2017-06-20,26.3,1014.3,452.0,20.566999999999997,25.55
801,2017-06-20,27.7,1014.5,621.0,20.677,25.55
802,2017-06-20,29.8,1014.2,756.0,20.828000000000003,25.55
803,2017-06-20,32.1,1014.3,821.0,20.941999999999997,25.55
804,2017-06-20,32.5,1014.0,991.0,20.76,25.55
805,2017-06-20,32.7,1013.6,928.0,21.105,25.55
806,2017-06-20,33.3,1013.5,780.0,21.322,25.55
807,2017-06-20,33.1,1013.3,724.0,21.375,25.55
808,2017-06-20,33.3,1013.0,640.0,21.525,25.55
809,2017-06-20,33.4,1012.8,501.0,21.396,25.55
810,2017-06-20,33.5,1012.3,327.0,21.47,25.55
811,2017-06-20,32.1,1012.5,213.0,21.396,25.55
812,2017-06-20,30.4,1013.1,63.0,20.52,25.55
813,2017-06-20,29.1,1013.3,5.0,19.808,25.55
814,2017-06-20,27.5,1013.4,0.0,19.075,25.55
815,2017-06-21,25.9,1013.4,0.0,18.511,25.55
816,2017-06-21,26.2,1013.9,0.0,19.284000000000002,25.95
817,2017-06-21,24.9,1013.5,0.0,18.628,25.95
818,2017-06-21,23.9,1012.9,0.0,18.27,25.95
819,2017-06-21,24.0,1012.8,0.0,18.27,25.95
820,2017-06-21,23.2,1012.6,0.0,18.448,25.95
821,2017-06-21,23.1,1012.7,7.0,18.154,25.95
822,2017-06-21,23.3,1012.7,74.0,18.372,25.95
823,2017-06-21,24.8,1012.7,220.0,19.46,25.95
824,2017-06-21,26.4,1012.7,401.0,20.124000000000002,25.95
825,2017-06-21,28.6,1012.7,527.0,21.04,25.95
826,2017-06-21,30.5,1012.7,663.0,21.17,25.95
827,2017-06-21,32.1,1012.6,738.0,21.85,25.95
828,2017-06-21,34.0,1012.6,837.0,22.89,25.95
829,2017-06-21,35.0,1012.2,909.0,23.592,25.95
830,2017-06-21,35.2,1011.8,281.0,23.808000000000003,25.95
831,2017-06-21,36.4,1011.1,835.0,23.04,25.95
832,2017-06-21,36.2,1010.7,643.0,23.066,25.95
833,2017-06-21,36.7,1010.4,468.0,23.184,25.95
834,2017-06-21,36.0,1010.4,97.0,21.93,25.95
835,2017-06-21,35.7,1010.5,185.0,22.02,25.95
836,2017-06-21,33.6,1010.8,51.0,22.368000000000002,25.95
837,2017-06-21,31.6,1011.0,0.0,21.84,25.95
838,2017-06-21,29.4,1011.4,0.0,21.72,25.95
839,2017-06-22,28.7,1011.4,0.0,21.694000000000003,25.95
840,2017-06-22,28.3,1011.3,0.0,21.381999999999998,28.35
841,2017-06-22,25.4,1010.9,0.0,21.2,28.35
842,2017-06-22,24.5,1010.8,0.0,20.74,28.35
843,2017-06-22,24.4,1010.6,0.0,20.642,28.35
844,2017-06-22,23.1,1010.6,0.0,20.277,28.35
845,2017-06-22,22.6,1010.7,11.0,20.06,28.35
846,2017-06-22,23.1,1010.7,72.0,20.46,28.35
847,2017-06-22,24.9,1010.7,190.0,21.528000000000002,28.35
848,2017-06-22,25.0,1011.3,366.0,20.46,28.35
849,2017-06-22,26.9,1011.2,622.0,20.146,28.35
850,2017-06-22,29.1,1011.3,719.0,21.061999999999998,28.35
851,2017-06-22,31.0,1011.6,701.0,22.26,28.35
852,2017-06-22,30.5,1011.4,875.0,22.12,28.35
853,2017-06-22,32.9,1011.1,898.0,22.682,28.35
854,2017-06-22,33.0,1011.0,911.0,22.1,28.35
855,2017-06-22,33.2,1010.7,664.0,21.978,28.35
856,2017-06-22,33.1,1010.5,390.0,22.52,28.35
857,2017-06-22,32.6,1010.4,508.0,23.896,28.35
858,2017-06-22,28.0,1011.2,457.0,22.45,28.35
859,2017-06-22,26.1,1011.9,137.0,21.285,28.35
860,2017-06-22,23.9,1012.3,47.0,20.01,28.35
861,2017-06-22,22.3,1012.9,0.0,18.78,28.35
862,2017-06-22,21.3,1013.7,0.0,17.948,28.35
863,2017-06-23,19.7,1014.2,0.0,16.792,28.35
864,2017-06-23,18.7,1014.7,0.0,16.08,27.7
865,2017-06-23,17.9,1015.2,0.0,15.498,27.7
866,2017-06-23,17.7,1015.2,0.0,15.334000000000001,27.7
867,2017-06-23,16.7,1015.6,0.0,14.67,27.7
868,2017-06-23,16.2,1015.9,0.0,14.468,27.7
869,2017-06-23,15.6,1016.2,7.0,13.988,27.7
870,2017-06-23,15.5,1016.8,67.0,13.9,27.7
871,2017-06-23,15.4,1017.5,134.0,13.792,27.7
872,2017-06-23,16.1,1017.6,221.0,13.677,27.7
873,2017-06-23,17.0,1018.0,343.0,14.04,27.7
874,2017-06-23,17.8,1018.1,1114.0,14.744000000000002,27.7
875,2017-06-23,18.5,1018.3,520.0,15.15,27.7
876,2017-06-23,19.1,1018.6,1183.0,15.392000000000001,27.7
877,2017-06-23,20.0,1018.8,478.0,15.39,27.7
878,2017-06-23,20.9,1018.5,984.0,15.72,27.7
879,2017-06-23,21.7,1018.2,782.0,16.226,27.7
880,2017-06-23,21.3,1018.0,554.0,15.967,27.7
881,2017-06-23,21.7,1017.8,589.0,16.089000000000002,27.7
882,2017-06-23,22.2,1017.9,90.0,16.424,27.7
883,2017-06-23,21.0,1018.2,114.0,15.8,27.7
884,2017-06-23,20.3,1018.4,56.0,15.367,27.7
885,2017-06-23,18.8,1019.1,0.0,15.012,27.7
886,2017-06-23,17.9,1019.5,0.0,14.720999999999998,27.7
887,2017-06-24,17.7,1019.3,0.0,14.543,27.7
888,2017-06-24,16.7,1019.0,0.0,14.202,20.95
889,2017-06-24,16.0,1018.5,0.0,13.9,20.95
890,2017-06-24,15.4,1018.6,0.0,13.45,20.95
891,2017-06-24,15.0,1018.6,0.0,13.2,20.95
892,2017-06-24,14.9,1018.4,0.0,13.017999999999999,20.95
893,2017-06-24,15.0,1018.7,5.0,12.92,20.95
894,2017-06-24,15.5,1018.6,65.0,13.24,20.95
895,2017-06-24,17.1,1018.6,125.0,14.128,20.95
896,2017-06-24,18.2,1018.5,200.0,14.755999999999998,20.95
897,2017-06-24,18.6,1018.4,378.0,14.975999999999999,20.95
898,2017-06-24,21.5,1017.9,346.0,16.128,20.95
899,2017-06-24,21.9,1017.5,244.0,16.186,20.95
900,2017-06-24,22.8,1017.2,329.0,16.352,20.95
901,2017-06-24,22.5,1016.9,380.0,16.1,20.95
902,2017-06-24,21.9,1016.8,306.0,15.866,20.95
903,2017-06-24,23.1,1015.9,638.0,16.04,20.95
904,2017-06-24,25.2,1015.3,789.0,16.995,20.95
905,2017-06-24,25.5,1014.6,374.0,17.19,20.95
906,2017-06-24,24.9,1014.4,352.0,16.825,20.95
907,2017-06-24,25.4,1014.2,229.0,17.28,20.95
908,2017-06-24,24.4,1013.9,32.0,17.02,20.95
909,2017-06-24,22.0,1014.3,0.0,16.1,20.95
910,2017-06-24,21.3,1014.6,0.0,15.700999999999999,20.95
911,2017-06-25,20.2,1014.6,0.0,15.415999999999999,20.95
912,2017-06-25,19.3,1014.5,0.0,15.125,20.55
913,2017-06-25,18.1,1014.3,0.0,14.79,20.55
914,2017-06-25,17.4,1014.3,0.0,14.74,20.55
915,2017-06-25,17.7,1014.1,0.0,15.107999999999999,20.55
916,2017-06-25,17.1,1013.9,0.0,14.722999999999999,20.55
917,2017-06-25,17.0,1014.0,0.0,15.0,20.55
918,2017-06-25,17.2,1014.1,63.0,15.364,20.55
919,2017-06-25,17.8,1014.3,135.0,15.64,20.55
920,2017-06-25,18.5,1014.4,190.0,16.03,20.55
921,2017-06-25,18.3,1014.8,668.0,15.85,20.55
922,2017-06-25,19.7,1014.7,986.0,15.752,20.55
923,2017-06-25,20.7,1014.9,870.0,15.683,20.55
924,2017-06-25,22.6,1014.7,969.0,16.7,20.55
925,2017-06-25,23.8,1014.6,1137.0,17.17,20.55
926,2017-06-25,24.9,1014.1,1143.0,17.355999999999998,20.55
927,2017-06-25,25.4,1013.8,369.0,17.832,20.55
928,2017-06-25,25.5,1013.3,308.0,18.3,20.55
929,2017-06-25,25.6,1013.0,302.0,18.57,20.55
930,2017-06-25,25.3,1012.8,179.0,18.37,20.55
931,2017-06-25,25.1,1012.8,111.0,18.24,20.55
932,2017-06-25,24.8,1012.8,67.0,18.46,20.55
933,2017-06-25,23.1,1013.0,0.0,18.154,20.55
934,2017-06-25,21.4,1013.6,0.0,17.224,20.55
935,2017-06-26,20.2,1013.6,0.0,16.692,20.55
936,2017-06-26,19.4,1013.5,0.0,16.564,20.35
937,2017-06-26,18.7,1013.5,0.0,16.21,20.35
938,2017-06-26,17.7,1013.3,0.0,15.880999999999998,20.35
939,2017-06-26,16.9,1012.8,0.0,15.604000000000001,20.35
940,2017-06-26,16.1,1012.8,0.0,15.19,20.35
941,2017-06-26,15.5,1012.8,7.0,14.74,20.35
942,2017-06-26,15.8,1012.6,67.0,15.064,20.35
943,2017-06-26,16.4,1012.4,83.0,15.46,20.35
944,2017-06-26,17.1,1012.2,225.0,15.686,20.35
945,2017-06-26,19.9,1011.8,617.0,16.944000000000003,20.35
946,2017-06-26,22.2,1011.6,758.0,17.7,20.35
947,2017-06-26,23.1,1011.3,819.0,18.012,20.35
948,2017-06-26,25.0,1010.7,754.0,18.65,20.35
949,2017-06-26,26.1,1010.1,949.0,19.14,20.35
950,2017-06-26,26.1,1009.4,468.0,19.041,20.35
951,2017-06-26,26.6,1009.1,615.0,19.114,20.35
952,2017-06-26,27.5,1008.9,388.0,19.445,20.35
953,2017-06-26,27.1,1008.6,185.0,19.427,20.35
954,2017-06-26,27.6,1007.9,346.0,19.912,20.35
955,2017-06-26,27.1,1007.5,125.0,19.6,20.35
956,2017-06-26,25.5,1007.6,35.0,19.15,20.35
957,2017-06-26,24.8,1008.1,5.0,18.964000000000002,20.35
958,2017-06-26,22.0,1007.9,0.0,19.7,20.35
959,2017-06-27,21.2,1007.8,0.0,19.712,20.35
960,2017-06-27,21.4,1007.9,0.0,18.648,22.35
961,2017-06-27,20.3,1007.5,0.0,18.272000000000002,22.35
962,2017-06-27,20.9,1007.3,0.0,18.105999999999998,22.35
963,2017-06-27,20.1,1006.9,0.0,17.842,22.35
964,2017-06-27,19.5,1006.4,0.0,17.56,22.35
965,2017-06-27,19.7,1006.1,0.0,17.727999999999998,22.35
966,2017-06-27,19.6,1006.0,14.0,17.644000000000002,22.35
967,2017-06-27,19.7,1005.6,65.0,17.845,22.35
968,2017-06-27,19.9,1005.5,121.0,18.015,22.35
969,2017-06-27,21.3,1005.2,276.0,18.683,22.35
970,2017-06-27,22.6,1004.7,425.0,18.94,22.35
971,2017-06-27,23.6,1004.1,383.0,19.588,22.35
972,2017-06-27,24.1,1003.5,309.0,19.72,22.35
973,2017-06-27,24.7,1002.5,271.0,19.78,22.35
974,2017-06-27,22.4,1002.4,39.0,19.72,22.35
975,2017-06-27,20.9,1002.2,167.0,19.69,22.35
976,2017-06-27,21.7,1001.5,357.0,20.033,22.35
977,2017-06-27,21.4,1000.7,186.0,19.74,22.35
978,2017-06-27,23.0,1000.2,65.0,20.6,22.35
979,2017-06-27,20.6,999.4,91.0,19.234,22.35
980,2017-06-27,20.4,999.4,39.0,19.016,22.35
981,2017-06-27,20.1,999.7,0.0,18.939,22.35
982,2017-06-27,19.2,999.3,0.0,18.346,22.35
983,2017-06-28,18.6,999.3,0.0,17.904,22.35
984,2017-06-28,18.2,999.1,0.0,17.528,20.15
985,2017-06-28,16.8,998.6,0.0,16.212,20.15
986,2017-06-28,16.2,998.2,0.0,15.648,20.15
987,2017-06-28,16.0,998.1,0.0,15.46,20.15
988,2017-06-28,15.8,998.0,0.0,15.354000000000001,20.15
989,2017-06-28,15.9,997.9,0.0,15.354000000000001,20.15
990,2017-06-28,16.0,998.0,23.0,15.46,20.15
991,2017-06-28,16.4,998.0,234.0,15.649000000000001,20.15
992,2017-06-28,17.3,997.5,461.0,15.652000000000001,20.15
993,2017-06-28,19.7,997.3,654.0,16.441,20.15
994,2017-06-28,21.8,997.1,199.0,17.28,20.15
995,2017-06-28,23.5,996.6,301.0,17.9,20.15
996,2017-06-28,20.0,996.5,239.0,17.62,20.15
997,2017-06-28,23.5,995.6,1016.0,18.82,20.15
998,2017-06-28,23.0,995.3,394.0,18.22,20.15
999,2017-06-28,20.2,995.4,287.0,16.817999999999998,20.15
1000,2017-06-28,19.8,995.3,281.0,17.063,20.15
1001,2017-06-28,16.7,995.8,51.0,15.412,20.15
1002,2017-06-28,17.3,994.9,315.0,16.078,20.15
1003,2017-06-28,18.9,995.1,199.0,16.94,20.15
1004,2017-06-28,18.9,995.0,62.0,16.17,20.15
1005,2017-06-28,17.8,995.6,9.0,15.527999999999999,20.15
1006,2017-06-28,17.4,996.3,0.0,15.424000000000001,20.15
1007,2017-06-29,16.6,996.2,0.0,15.424000000000001,20.15
1008,2017-06-29,16.2,996.2,0.0,15.048,21.7
1009,2017-06-29,15.3,996.0,0.0,14.427,21.7
1010,2017-06-29,15.1,995.7,0.0,13.498,21.7
1011,2017-06-29,14.7,996.1,0.0,13.136,21.7
1012,2017-06-29,14.2,995.9,0.0,13.032,21.7
1013,2017-06-29,14.0,996.0,5.0,12.84,21.7
1014,2017-06-29,13.9,996.3,105.0,12.74,21.7
1015,2017-06-29,14.4,996.8,267.0,13.136,21.7
1016,2017-06-29,15.4,996.6,230.0,13.468,21.7
1017,2017-06-29,17.5,996.7,250.0,14.48,21.7
1018,2017-06-29,18.0,997.0,823.0,14.34,21.7
1019,2017-06-29,18.7,997.1,1027.0,14.052,21.7
1020,2017-06-29,21.5,997.3,332.0,15.085,21.7
1021,2017-06-29,20.5,997.1,496.0,14.62,21.7
1022,2017-06-29,22.4,997.0,345.0,15.72,21.7
1023,2017-06-29,20.7,997.2,251.0,15.64,21.7
1024,2017-06-29,18.1,997.3,278.0,15.23,21.7
1025,2017-06-29,20.9,997.2,174.0,16.325,21.7
1026,2017-06-29,18.9,997.4,294.0,15.62,21.7
1027,2017-06-29,20.1,997.8,97.0,15.854000000000001,21.7
1028,2017-06-29,18.8,998.3,58.0,15.53,21.7
1029,2017-06-29,16.3,998.9,7.0,14.572000000000001,21.7
1030,2017-06-29,15.3,999.8,0.0,13.9,21.7
1031,2017-06-30,15.4,1000.2,0.0,13.9,21.7
1032,2017-06-30,15.6,1000.3,0.0,13.988,19.4
1033,2017-06-30,14.8,1000.7,0.0,13.512,19.4
1034,2017-06-30,14.9,1000.8,0.0,13.704,19.4
1035,2017-06-30,14.9,1000.6,0.0,13.508,19.4
1036,2017-06-30,14.7,1000.6,0.0,13.418,19.4
1037,2017-06-30,14.8,1000.7,0.0,13.512,19.4
1038,2017-06-30,14.5,1000.7,14.0,13.5,19.4
1039,2017-06-30,14.9,1000.8,39.0,13.9,19.4
1040,2017-06-30,15.6,1001.3,163.0,14.754000000000001,19.4
1041,2017-06-30,16.0,1001.5,810.0,14.86,19.4
1042,2017-06-30,17.8,1001.8,181.0,15.527999999999999,19.4
1043,2017-06-30,17.7,1002.1,464.0,15.56,19.4
1044,2017-06-30,18.1,1002.2,424.0,15.56,19.4
1045,2017-06-30,18.2,1002.2,476.0,15.65,19.4
1046,2017-06-30,21.0,1002.3,853.0,16.445999999999998,19.4
1047,2017-06-30,22.1,1002.4,394.0,17.18,19.4
1048,2017-06-30,21.5,1002.7,176.0,16.82,19.4
1049,2017-06-30,15.5,1003.7,21.0,14.33,19.4
1050,2017-06-30,16.0,1004.1,200.0,14.835999999999999,19.4
1051,2017-06-30,17.1,1004.8,153.0,15.8,19.4
1052,2017-06-30,16.9,1005.6,30.0,15.706,19.4
1053,2017-06-30,16.4,1006.5,0.0,15.46,19.4
1054,2017-06-30,15.9,1007.7,0.0,14.99,19.4
1055,2017-07-01,15.4,1008.1,0.0,14.536,19.4
1056,2017-07-01,14.3,1009.7,0.0,13.6,18.1
1057,2017-07-01,13.9,1010.0,0.0,13.3,18.1
1058,2017-07-01,13.7,1010.1,0.0,13.0,18.1
1059,2017-07-01,13.8,1010.7,0.0,13.2,18.1
1060,2017-07-01,14.0,1011.3,12.0,13.5,18.1
1061,2017-07-01,14.8,1011.6,51.0,14.2,18.1
1062,2017-07-01,15.3,1012.1,137.0,14.620999999999999,18.1
1063,2017-07-01,15.7,1012.6,93.0,14.956,18.1
1064,2017-07-01,15.3,1013.2,69.0,14.815,18.1
1065,2017-07-01,15.3,1013.5,63.0,14.912,18.1
1066,2017-07-01,14.4,1014.5,181.0,13.9,18.1
1067,2017-07-01,14.7,1015.1,195.0,14.2,18.1
1068,2017-07-01,15.7,1015.6,339.0,14.863,18.1
1069,2017-07-01,16.2,1016.3,220.0,14.815999999999999,18.1
1070,2017-07-01,16.8,1016.7,332.0,15.3,18.1
1071,2017-07-01,17.9,1016.8,316.0,15.72,18.1
1072,2017-07-01,18.8,1017.0,448.0,15.284,18.1
1073,2017-07-01,19.1,1017.4,232.0,15.114,18.1
1074,2017-07-01,18.1,1018.0,30.0,14.546,18.1
1075,2017-07-01,17.3,1018.6,0.0,14.655,18.1
1076,2017-07-01,16.8,1019.3,0.0,14.425999999999998,18.1
1077,2017-07-02,16.0,1019.5,0.0,13.9,18.1
1078,2017-07-02,15.7,1019.9,0.0,13.857999999999999,16.85
1079,2017-08-03,21.7,1011.8,0.0,16.5,22.35
1080,2017-07-02,14.7,1020.0,0.0,13.418,16.85
1081,2017-07-02,12.8,1020.0,0.0,11.8,16.85
1082,2017-07-02,12.5,1020.0,0.0,11.6,16.85
1083,2017-07-02,12.7,1020.3,21.0,11.9,16.85
1084,2017-07-02,12.8,1020.3,33.0,12.2,16.85
1085,2017-07-02,12.9,1020.6,79.0,12.4,16.85
1086,2017-07-02,13.2,1020.8,63.0,12.8,16.85
1087,2017-07-02,13.7,1020.9,97.0,13.4,16.85
1088,2017-07-02,14.5,1021.2,163.0,14.2,16.85
1089,2017-07-02,15.4,1021.3,153.0,15.015999999999998,16.85
1090,2017-07-02,16.7,1021.3,478.0,16.215,16.85
1091,2017-07-02,17.9,1021.2,406.0,16.483,16.85
1092,2017-07-02,19.5,1021.2,580.0,16.985,16.85
1093,2017-07-02,20.4,1021.2,225.0,16.976,16.85
1094,2017-07-02,21.8,1020.8,113.0,17.008,16.85
1095,2017-07-02,21.9,1020.7,417.0,16.838,16.85
1096,2017-07-02,22.0,1021.1,225.0,16.38,16.85
1097,2017-07-02,21.5,1021.2,58.0,16.128,16.85
1098,2017-07-02,19.8,1021.8,0.0,15.5,16.85
1099,2017-07-02,18.1,1022.3,0.0,15.12,16.85
1100,2017-07-03,16.9,1022.8,0.0,14.89,16.85
1101,2017-07-03,16.4,1022.9,0.0,14.452,17.95
1102,2017-07-01,14.9,1009.3,0.0,14.1,18.1
1103,2017-07-03,14.2,1022.4,0.0,12.948,17.95
1104,2017-07-03,13.9,1022.3,0.0,13.0,17.95
1105,2017-07-03,14.0,1022.5,0.0,12.9,17.95
1106,2017-07-03,14.3,1022.5,47.0,13.214,17.95
1107,2017-07-03,15.4,1022.5,167.0,14.012,17.95
1108,2017-07-03,16.5,1022.7,190.0,14.45,17.95
1109,2017-07-03,17.4,1022.6,292.0,15.088,17.95
1110,2017-07-03,18.0,1022.6,295.0,15.47,17.95
1111,2017-07-03,18.2,1022.6,318.0,15.76,17.95
1112,2017-07-03,19.3,1022.3,374.0,16.035999999999998,17.95
1113,2017-07-03,20.2,1021.8,1303.0,16.312,17.95
1114,2017-07-03,21.1,1021.3,946.0,16.04,17.95
1115,2017-07-03,22.2,1021.0,930.0,16.712,17.95
1116,2017-07-03,23.0,1020.4,719.0,17.0,17.95
1117,2017-07-03,23.4,1020.3,557.0,17.03,17.95
1118,2017-07-03,23.0,1020.1,373.0,16.84,17.95
1119,2017-07-03,22.9,1020.1,221.0,16.594,17.95
1120,2017-07-03,22.2,1020.2,46.0,16.28,17.95
1121,2017-07-03,20.2,1020.5,0.0,15.620999999999999,17.95
1122,2017-07-03,17.8,1021.1,0.0,14.856,17.95
1123,2017-07-04,16.8,1021.3,0.0,14.425999999999998,17.95
1124,2017-07-04,16.3,1021.2,0.0,14.117,18.0
1125,2017-07-02,15.2,1019.8,0.0,13.595999999999998,16.85
1126,2017-07-04,14.8,1021.0,0.0,13.415999999999999,18.0
1127,2017-07-18,19.3,1014.5,0.0,17.053,23.15
1128,2017-07-04,13.1,1020.7,0.0,12.3,18.0
1129,2017-07-04,12.8,1020.6,7.0,12.1,18.0
1130,2017-07-04,13.4,1020.7,74.0,12.8,18.0
1131,2017-07-04,17.4,1020.5,248.0,15.32,18.0
1132,2017-07-04,19.2,1020.8,424.0,16.3,18.0
1133,2017-07-04,20.8,1020.5,617.0,16.25,18.0
1134,2017-07-04,22.7,1019.9,754.0,17.346,18.0
1135,2017-07-04,23.9,1019.6,888.0,17.7,18.0
1136,2017-07-04,24.4,1019.2,1085.0,18.08,18.0
1137,2017-07-04,24.2,1018.7,984.0,17.634,18.0
1138,2017-07-04,26.7,1018.2,918.0,18.762,18.0
1139,2017-07-04,26.7,1017.8,830.0,18.508,18.0
1140,2017-07-04,28.2,1017.2,693.0,19.064,18.0
1141,2017-07-04,28.4,1016.7,575.0,19.024,18.0
1142,2017-07-04,28.0,1016.5,383.0,18.7,18.0
1143,2017-07-04,27.4,1016.1,209.0,18.547,18.0
1144,2017-07-04,26.9,1015.7,56.0,18.57,18.0
1145,2017-07-04,24.9,1016.0,0.0,18.386,18.0
1146,2017-07-04,22.2,1016.2,0.0,17.66,18.0
1147,2017-07-05,21.0,1016.3,0.0,16.64,18.0
1148,2017-07-05,20.4,1016.4,0.0,16.712,20.95
1149,2017-07-03,15.2,1022.9,0.0,13.8,17.95
1150,2017-07-05,18.3,1016.3,0.0,16.4,20.95
1151,2017-07-03,13.3,1022.4,0.0,12.5,17.95
1152,2017-07-05,16.8,1015.6,0.0,15.716,20.95
1153,2017-07-05,16.4,1015.6,7.0,15.46,20.95
1154,2017-07-05,16.8,1015.6,44.0,15.716,20.95
1155,2017-07-05,19.0,1015.6,239.0,17.03,20.95
1156,2017-07-05,20.7,1016.0,281.0,17.636,20.95
1157,2017-07-05,24.3,1016.0,494.0,19.28,20.95
1158,2017-07-05,25.1,1015.9,580.0,19.26,20.95
1159,2017-07-05,27.0,1015.6,858.0,19.86,20.95
1160,2017-07-05,28.3,1015.4,853.0,19.755,20.95
1161,2017-07-05,29.1,1014.9,944.0,19.599,20.95
1162,2017-07-05,30.0,1014.4,830.0,19.28,20.95
1163,2017-07-05,30.8,1014.1,898.0,19.855999999999998,20.95
1164,2017-07-05,30.9,1013.6,390.0,20.0,20.95
1165,2017-07-05,30.8,1013.5,265.0,20.348,20.95
1166,2017-07-05,30.7,1013.0,341.0,19.54,20.95
1167,2017-07-05,30.1,1013.0,109.0,19.12,20.95
1168,2017-07-05,29.0,1013.0,25.0,19.1,20.95
1169,2017-07-05,27.6,1013.3,0.0,19.348,20.95
1170,2017-07-05,26.1,1013.8,0.0,18.682000000000002,20.95
1171,2017-07-06,25.6,1013.9,0.0,18.4,20.95
1172,2017-07-06,24.0,1013.9,0.0,18.34,21.85
1173,2017-07-04,15.4,1021.2,0.0,13.684000000000001,18.0
1174,2017-07-06,22.2,1013.6,0.0,17.28,21.85
1175,2017-07-04,13.7,1020.7,0.0,12.62,18.0
1176,2017-07-06,22.2,1013.2,0.0,17.28,21.85
1177,2017-07-06,21.4,1013.0,0.0,16.84,21.85
1178,2017-07-06,21.8,1013.1,54.0,17.17,21.85
1179,2017-07-06,21.6,1013.5,37.0,17.588,21.85
1180,2017-07-06,22.4,1013.7,40.0,18.46,21.85
1181,2017-07-06,21.5,1013.3,186.0,18.905,21.85
1182,2017-07-06,21.7,1013.9,227.0,19.27,21.85
1183,2017-07-06,21.7,1013.9,227.0,19.27,21.85
1184,2017-07-06,21.7,1013.9,227.0,19.27,21.85
1185,2017-07-06,21.7,1013.9,227.0,19.27,21.85
1186,2017-07-06,21.7,1013.9,227.0,19.27,21.85
1187,2017-07-06,0.0,0.0,32767.0,0.0,21.85
1188,2017-07-06,35.0,1011.3,684.0,21.83,21.85
1189,2017-07-06,34.9,1010.9,533.0,21.259,21.85
1190,2017-07-06,33.9,1010.6,134.0,21.766,21.85
1191,2017-07-06,32.5,1010.9,81.0,21.62,21.85
1192,2017-07-06,30.7,1011.6,44.0,21.875999999999998,21.85
1193,2017-07-06,29.5,1012.1,0.0,21.595,21.85
1194,2017-07-06,27.9,1012.7,0.0,21.165,21.85
1195,2017-07-07,25.5,1012.8,0.0,20.84,21.85
1196,2017-07-07,23.0,1013.4,0.0,19.854,25.65
1197,2017-07-05,19.2,1016.3,0.0,16.636,20.95
1198,2017-07-07,22.5,1013.5,0.0,19.82,25.65
1199,2017-07-05,17.5,1015.9,0.0,16.135,20.95
1200,2017-07-07,21.3,1013.8,0.0,18.83,25.65
1201,2017-07-07,20.3,1014.2,5.0,18.169,25.65
1202,2017-07-07,20.3,1014.6,62.0,18.292,25.65
1203,2017-07-07,20.4,1014.6,102.0,18.024,25.65
1204,2017-07-07,22.2,1015.0,441.0,18.68,25.65
1205,2017-07-07,24.2,1015.4,601.0,18.86,25.65
1206,2017-07-07,25.6,1015.6,823.0,19.42,25.65
1207,2017-07-07,27.5,1015.9,838.0,19.445,25.65
1208,2017-07-07,28.6,1015.7,912.0,19.925,25.65
1209,2017-07-07,29.5,1015.6,935.0,18.675,25.65
1210,2017-07-07,30.7,1015.3,898.0,18.808,25.65
1211,2017-07-07,31.6,1014.9,814.0,19.576,25.65
1212,2017-07-07,31.7,1014.5,682.0,19.436,25.65
1213,2017-07-07,32.0,1014.2,571.0,19.5,25.65
1214,2017-07-07,32.8,1013.5,371.0,20.552,25.65
1215,2017-07-07,31.3,1013.9,204.0,20.264,25.65
1216,2017-07-07,28.7,1014.4,25.0,18.736,25.65
1217,2017-07-07,26.9,1015.0,0.0,18.398,25.65
1218,2017-07-07,25.3,1015.7,0.0,17.734,25.65
1219,2017-07-08,24.1,1016.2,0.0,17.312,25.65
1220,2017-07-08,22.9,1016.2,0.0,16.594,16.45
1221,2017-07-06,22.5,1013.8,0.0,17.58,21.85
1222,2017-07-08,20.3,1016.3,0.0,14.85,16.45
1223,2017-07-06,22.3,1013.4,0.0,17.24,21.85
1224,2017-07-08,18.4,1016.1,0.0,14.932,16.45
1225,2017-07-08,17.7,1016.3,5.0,14.995,16.45
1226,2017-07-08,17.4,1016.1,28.0,15.088,16.45
1227,2017-07-08,18.5,1016.4,258.0,15.7,16.45
1228,2017-07-08,19.5,1016.6,436.0,16.18,16.45
1229,2017-07-08,21.3,1016.7,608.0,16.982,16.45
1230,2017-07-08,22.9,1017.0,807.0,17.98,16.45
1231,2017-07-08,23.4,1017.4,1041.0,17.92,16.45
1232,2017-07-08,24.9,1016.7,573.0,18.555,16.45
1233,2017-07-08,26.3,1016.1,561.0,18.754,16.45
1234,2017-07-08,27.7,1015.4,877.0,19.33,16.45
1235,2017-07-08,28.9,1014.8,814.0,19.637999999999998,16.45
1236,2017-07-08,29.7,1014.5,682.0,20.248,16.45
1237,2017-07-08,28.9,1014.3,536.0,20.055999999999997,16.45
1238,2017-07-08,29.2,1013.6,378.0,20.104,16.45
1239,2017-07-08,28.6,1013.1,204.0,20.01,16.45
1240,2017-07-08,27.9,1013.5,67.0,19.809,16.45
1241,2017-07-08,25.7,1013.7,5.0,18.77,16.45
1242,2017-07-08,24.1,1014.2,0.0,18.117,16.45
1243,2017-07-09,23.0,1014.3,0.0,17.94,16.45
1244,2017-07-09,21.8,1013.9,0.0,17.416,25.0
1245,2017-07-07,22.4,1013.5,0.0,19.62,25.65
1246,2017-07-09,20.9,1012.7,0.0,17.3,25.0
1247,2017-07-07,22.1,1013.5,0.0,19.38,25.65
1248,2017-07-09,19.8,1011.6,0.0,16.792,25.0
1249,2017-07-09,19.0,1011.7,5.0,16.59,25.0
1250,2017-07-09,19.1,1011.7,63.0,16.78,25.0
1251,2017-07-09,20.5,1011.4,163.0,17.325,25.0
1252,2017-07-09,22.5,1011.6,427.0,18.56,25.0
1253,2017-07-09,23.7,1011.3,571.0,18.98,25.0
1254,2017-07-09,24.5,1011.0,420.0,19.16,25.0
1255,2017-07-09,26.1,1010.8,671.0,19.725,25.0
1256,2017-07-09,26.0,1010.5,255.0,19.65,25.0
1257,2017-07-09,26.6,1009.8,299.0,19.748,25.0
1258,2017-07-09,27.0,1009.5,278.0,19.954,25.0
1259,2017-07-09,27.4,1008.7,693.0,20.236,25.0
1260,2017-07-09,27.8,1008.1,230.0,21.08,25.0
1261,2017-07-09,24.5,1007.9,86.0,20.12,25.0
1262,2017-07-09,25.3,1007.5,46.0,20.724,25.0
1263,2017-07-09,24.1,1007.6,16.0,20.2,25.0
1264,2017-07-09,20.3,1008.3,5.0,18.907,25.0
1265,2017-07-09,19.7,1008.7,0.0,18.557000000000002,25.0
1266,2017-07-09,19.6,1008.9,0.0,18.718,25.0
1267,2017-07-10,19.0,1008.3,0.0,18.28,25.0
1268,2017-07-10,19.4,1008.6,0.0,18.656,22.65
1269,2017-07-08,21.5,1016.4,0.0,15.49,16.45
1270,2017-07-10,18.6,1007.9,0.0,18.02,22.65
1271,2017-07-08,19.4,1016.4,0.0,14.248,16.45
1272,2017-07-10,17.4,1007.6,0.0,16.984,22.65
1273,2017-07-10,17.1,1008.0,0.0,16.595,22.65
1274,2017-07-10,16.9,1008.5,5.0,16.305999999999997,22.65
1275,2017-07-10,16.2,1009.2,60.0,15.464,22.65
1276,2017-07-10,16.4,1009.1,79.0,15.835999999999999,22.65
1277,2017-07-10,16.5,1009.3,97.0,16.025,22.65
1278,2017-07-10,17.8,1009.2,399.0,16.936,22.65
1279,2017-07-10,19.2,1009.6,265.0,17.195999999999998,22.65
1280,2017-07-10,19.8,1009.5,253.0,17.34,22.65
1281,2017-07-10,19.8,1009.4,97.0,17.222,22.65
1282,2017-07-10,21.0,1009.1,1234.0,18.2,22.65
1283,2017-07-10,17.9,1009.7,174.0,16.81,22.65
1284,2017-07-10,19.8,1009.2,381.0,17.93,22.65
1285,2017-07-10,20.8,1009.1,51.0,17.58,22.65
1286,2017-07-10,19.4,1009.4,308.0,18.16,22.65
1287,2017-07-10,18.9,1009.6,162.0,18.04,22.65
1288,2017-07-10,19.3,1009.9,65.0,17.844,22.65
1289,2017-07-10,18.7,1010.8,0.0,17.53,22.65
1290,2017-07-10,17.6,1011.5,0.0,16.646,22.65
1291,2017-07-11,17.1,1011.6,0.0,15.585,22.65
1292,2017-07-11,16.4,1011.9,0.0,14.9,20.3
1293,2017-07-09,21.0,1013.6,0.0,17.15,25.0
1294,2017-07-11,15.4,1012.1,0.0,14.224,20.3
1295,2017-07-09,20.2,1011.8,0.0,17.07,25.0
1296,2017-07-11,14.5,1011.7,0.0,13.6,20.3
1297,2017-07-11,15.0,1012.1,0.0,14.2,20.3
1298,2017-07-11,14.9,1012.1,14.0,13.9,20.3
1299,2017-07-11,15.2,1012.3,63.0,14.318,20.3
1300,2017-07-11,16.2,1012.3,144.0,15.164000000000001,20.3
1301,2017-07-11,17.4,1012.4,220.0,15.735999999999999,20.3
1302,2017-07-11,18.2,1012.6,251.0,15.98,20.3
1303,2017-07-11,19.5,1012.6,657.0,16.87,20.3
1304,2017-07-11,22.8,1012.0,425.0,17.88,20.3
1305,2017-07-11,22.2,1011.7,951.0,17.7,20.3
1306,2017-07-11,23.5,1011.3,308.0,16.24,20.3
1307,2017-07-11,23.8,1011.2,1074.0,16.0,20.3
1308,2017-07-11,23.0,1011.0,462.0,15.24,20.3
1309,2017-07-11,22.8,1010.9,466.0,15.565999999999999,20.3
1310,2017-07-11,22.6,1010.5,98.0,15.645999999999999,20.3
1311,2017-07-11,21.5,1010.4,49.0,15.355,20.3
1312,2017-07-11,21.4,1010.3,28.0,15.664000000000001,20.3
1313,2017-07-11,20.8,1010.3,0.0,15.51,20.3
1314,2017-07-11,20.4,1010.5,0.0,15.446,20.3
1315,2017-07-12,19.9,1010.2,0.0,15.182,20.3
1316,2017-07-12,18.2,1010.5,0.0,15.63,20.1
1317,2017-07-10,19.2,1008.4,0.0,18.468,22.65
1318,2017-07-12,17.5,1009.2,0.0,15.61,20.1
1319,2017-07-10,17.9,1007.5,0.0,17.355,22.65
1320,2017-07-12,17.5,1008.4,0.0,15.285,20.1
1321,2017-07-12,17.5,1008.4,0.0,15.715,20.1
1322,2017-07-12,16.9,1008.6,9.0,15.91,20.1
1323,2017-07-12,16.8,1008.9,62.0,16.212,20.1
1324,2017-07-12,17.4,1009.2,141.0,16.776,20.1
1325,2017-07-12,18.4,1009.4,163.0,17.488,20.1
1326,2017-07-12,19.6,1009.7,415.0,17.644000000000002,20.1
1327,2017-07-12,19.5,1010.7,461.0,16.87,20.1
1328,2017-07-12,20.9,1011.5,179.0,17.224,20.1
1329,2017-07-12,20.7,1012.4,541.0,17.213,20.1
1330,2017-07-12,19.8,1013.5,594.0,18.048,20.1
1331,2017-07-12,18.5,1014.6,178.0,17.58,20.1
1332,2017-07-12,19.0,1015.5,519.0,17.71,20.1
1333,2017-07-12,20.7,1016.1,285.0,17.495,20.1
1334,2017-07-12,21.3,1016.4,186.0,17.48,20.1
1335,2017-07-12,21.2,1017.1,114.0,16.992,20.1
1336,2017-07-12,20.8,1017.8,42.0,16.738,20.1
1337,2017-07-12,19.9,1018.2,0.0,16.587,20.1
1338,2017-07-12,19.2,1019.1,0.0,15.74,20.1
1339,2017-07-13,18.2,1019.6,0.0,14.99,20.1
1340,2017-07-13,17.4,1019.9,0.0,14.276,18.0
1341,2017-07-11,15.5,1012.2,0.0,14.44,20.3
1342,2017-07-13,16.3,1020.0,0.0,13.325999999999999,18.0
1343,2017-07-11,15.1,1011.8,0.0,14.008,20.3
1344,2017-07-13,15.5,1019.9,0.0,12.82,18.0
1345,2017-07-13,15.2,1019.6,0.0,12.67,18.0
1346,2017-07-13,15.0,1019.6,39.0,12.6,18.0
1347,2017-07-13,15.4,1020.0,42.0,12.84,18.0
1348,2017-07-13,16.2,1019.7,121.0,13.672,18.0
1349,2017-07-13,17.7,1019.5,359.0,14.655999999999999,18.0
1350,2017-07-13,19.7,1019.3,383.0,15.690999999999999,18.0
1351,2017-07-13,21.7,1019.0,745.0,16.634,18.0
1352,2017-07-13,22.0,1018.7,512.0,16.94,18.0
1353,2017-07-13,23.0,1018.3,457.0,17.384,18.0
1354,2017-07-13,23.0,1017.9,322.0,17.32,18.0
1355,2017-07-13,24.0,1017.4,322.0,17.86,18.0
1356,2017-07-13,23.5,1017.1,186.0,17.67,18.0
1357,2017-07-13,23.3,1016.8,218.0,18.01,18.0
1358,2017-07-13,23.1,1016.5,276.0,17.87,18.0
1359,2017-07-13,22.8,1016.4,84.0,17.6,18.0
1360,2017-07-13,22.2,1016.3,0.0,18.12,18.0
1361,2017-07-13,18.2,1016.8,0.0,16.75,18.0
1362,2017-07-13,18.0,1017.2,0.0,17.12,18.0
1363,2017-07-14,17.6,1017.2,0.0,16.858,18.0
1364,2017-07-14,16.3,1017.7,0.0,15.142000000000001,20.15
1365,2017-07-12,16.5,1009.9,0.0,15.33,20.1
1366,2017-07-14,15.8,1017.7,0.0,14.532,20.15
1367,2017-07-12,17.7,1008.7,0.0,15.220999999999998,20.1
1368,2017-07-14,14.3,1018.2,0.0,12.14,20.15
1369,2017-07-14,13.4,1018.5,0.0,11.6,20.15
1370,2017-07-14,13.3,1018.7,65.0,11.66,20.15
1371,2017-07-14,13.9,1018.7,258.0,12.1,20.15
1372,2017-07-14,15.3,1019.2,445.0,12.755,20.15
1373,2017-07-14,16.5,1019.2,613.0,13.18,20.15
1374,2017-07-14,18.5,1019.2,737.0,15.02,20.15
1375,2017-07-14,19.4,1019.3,1158.0,15.2,20.15
1376,2017-07-14,20.0,1019.0,311.0,14.789000000000001,20.15
1377,2017-07-14,20.3,1018.8,1074.0,15.11,20.15
1378,2017-07-14,21.1,1018.5,427.0,14.982999999999999,20.15
1379,2017-07-14,21.5,1018.5,322.0,15.085,20.15
1380,2017-07-14,21.5,1018.7,322.0,15.355,20.15
1381,2017-07-14,21.6,1018.7,287.0,15.448,20.15
1382,2017-07-14,21.4,1018.8,418.0,15.262,20.15
1383,2017-07-14,20.2,1019.3,274.0,14.59,20.15
1384,2017-07-14,19.4,1019.7,53.0,13.84,20.15
1385,2017-07-14,17.8,1020.3,0.0,13.788,20.15
1386,2017-07-14,16.5,1021.0,0.0,13.277999999999999,20.15
1387,2017-07-15,15.8,1021.3,0.0,12.856,20.15
1388,2017-07-15,14.9,1021.7,0.0,12.62,18.4
1389,2017-07-13,16.8,1019.9,0.0,13.718,18.0
1390,2017-07-15,13.8,1021.8,0.0,12.16,18.4
1391,2017-07-13,16.0,1019.9,0.0,13.02,18.0
1392,2017-07-15,12.8,1021.8,0.0,11.64,18.4
1393,2017-07-15,12.5,1022.1,0.0,11.5,18.4
1394,2017-07-15,12.5,1022.7,62.0,11.5,18.4
1395,2017-07-15,13.4,1022.6,95.0,12.22,18.4
1396,2017-07-15,15.3,1023.1,362.0,13.8,18.4
1397,2017-07-15,18.2,1023.1,512.0,15.01,18.4
1398,2017-07-15,19.2,1023.0,338.0,14.498,18.4
1399,2017-07-15,20.9,1023.0,835.0,15.12,18.4
1400,2017-07-15,23.2,1022.6,846.0,15.939,18.4
1401,2017-07-15,24.3,1022.3,886.0,16.692999999999998,18.4
1402,2017-07-15,24.1,1022.1,840.0,16.378,18.4
1403,2017-07-15,23.9,1021.8,745.0,16.152,18.4
1404,2017-07-15,24.5,1021.6,450.0,16.03,18.4
1405,2017-07-15,24.8,1021.3,364.0,16.227999999999998,18.4
1406,2017-07-15,24.7,1021.2,125.0,16.162,18.4
1407,2017-07-15,24.2,1021.1,88.0,16.057000000000002,18.4
1408,2017-07-15,23.3,1021.5,26.0,15.625,18.4
1409,2017-07-15,21.9,1022.3,0.0,15.449000000000002,18.4
1410,2017-07-15,21.4,1022.5,0.0,14.994000000000002,18.4
1411,2017-07-16,21.0,1022.4,0.0,15.28,18.4
1412,2017-07-16,20.4,1022.6,0.0,15.446,19.1
1413,2017-07-14,15.9,1017.9,0.0,14.4,20.15
1414,2017-07-16,19.2,1022.7,0.0,15.399000000000001,19.1
1415,2017-07-14,15.0,1017.8,0.0,12.9,20.15
1416,2017-07-16,17.5,1022.6,0.0,14.825,19.1
1417,2017-07-16,17.2,1022.8,0.0,14.924000000000001,19.1
1418,2017-07-16,17.0,1022.9,37.0,15.0,19.1
1419,2017-07-16,17.2,1023.3,109.0,15.364,19.1
1420,2017-07-16,17.8,1023.3,483.0,15.64,19.1
1421,2017-07-16,19.1,1023.3,585.0,16.78,19.1
1422,2017-07-16,21.1,1023.0,754.0,17.715999999999998,19.1
1423,2017-07-16,22.3,1023.0,896.0,18.64,19.1
1424,2017-07-16,23.3,1022.6,904.0,19.47,19.1
1425,2017-07-16,24.4,1022.2,918.0,20.02,19.1
1426,2017-07-16,25.5,1022.0,946.0,20.45,19.1
1427,2017-07-16,26.4,1021.6,1076.0,20.725,19.1
1428,2017-07-16,26.8,1021.4,775.0,20.605999999999998,19.1
1429,2017-07-16,27.8,1020.8,585.0,20.924,19.1
1430,2017-07-16,27.9,1020.4,420.0,20.706,19.1
1431,2017-07-16,27.2,1020.0,199.0,20.222,19.1
1432,2017-07-16,26.7,1020.2,44.0,20.175,19.1
1433,2017-07-16,24.5,1020.4,0.0,19.32,19.1
1434,2017-07-16,22.1,1021.0,0.0,18.76,19.1
1435,2017-07-17,20.7,1021.2,0.0,17.918,19.1
1436,2017-07-17,19.6,1021.2,0.0,17.528,20.2
1437,2017-07-15,14.3,1021.9,0.0,12.44,18.4
1438,2017-07-17,17.9,1020.6,0.0,16.592,20.2
1439,2017-07-15,13.5,1021.5,0.0,12.1,18.4
1440,2017-07-17,16.7,1020.2,0.0,15.924000000000001,20.2
1441,2017-07-17,16.2,1020.2,28.0,15.648,20.2
1442,2017-07-17,16.8,1020.4,257.0,16.016,20.2
1443,2017-07-17,18.6,1020.2,420.0,16.89,20.2
1444,2017-07-17,21.2,1020.1,594.0,17.832,20.2
1445,2017-07-17,23.4,1019.8,737.0,19.032,20.2
1446,2017-07-17,25.4,1019.4,796.0,19.73,20.2
1447,2017-07-17,26.3,1019.1,956.0,20.144000000000002,20.2
1448,2017-07-17,26.9,1018.6,1014.0,20.325,20.2
1449,2017-07-17,27.4,1018.3,791.0,20.404,20.2
1450,2017-07-17,27.9,1017.6,828.0,20.4,20.2
1451,2017-07-17,28.9,1017.1,703.0,20.683000000000003,20.2
1452,2017-07-17,28.8,1016.4,125.0,20.18,20.2
1453,2017-07-17,28.9,1016.0,396.0,20.055999999999997,20.2
1454,2017-07-17,28.0,1016.0,120.0,19.5,20.2
1455,2017-07-17,26.9,1016.2,72.0,19.086,20.2
1456,2017-07-17,25.2,1016.3,0.0,18.68,20.2
1457,2017-07-17,24.1,1016.4,0.0,18.92,20.2
1458,2017-07-18,23.3,1016.4,0.0,19.47,20.2
1459,2017-07-18,22.3,1016.2,0.0,18.92,23.15
1460,2017-07-16,20.0,1022.6,0.0,15.39,19.1
1461,2017-07-18,20.7,1015.6,0.0,17.918,23.15
1462,2017-07-16,18.6,1022.7,0.0,15.24,19.1
1463,2017-07-18,25.1,1013.4,608.0,19.916,23.15
1464,2017-07-18,19.9,1015.0,0.0,17.42,23.15
1465,2017-08-03,21.3,1011.2,0.0,16.372,22.35
1466,2017-08-03,20.5,1011.0,0.0,16.025,22.35
1467,2017-08-03,20.0,1010.7,0.0,16.17,22.35
1468,2017-08-03,18.7,1010.2,0.0,16.21,22.35
1469,2017-08-03,17.8,1010.8,7.0,16.156,22.35
1470,2017-08-03,18.2,1011.1,53.0,16.62,22.35
1471,2017-08-03,19.4,1011.3,172.0,17.59,22.35
1472,2017-08-03,19.2,1011.9,67.0,17.756,22.35
1473,2017-08-03,21.2,1011.7,729.0,18.128,22.35
1474,2017-08-03,23.0,1011.9,851.0,17.32,22.35
1475,2017-08-03,23.7,1012.1,983.0,16.230999999999998,22.35
1476,2017-08-03,24.6,1012.1,926.0,16.264,22.35
1477,2017-08-03,24.8,1012.0,935.0,16.402,22.35
1478,2017-08-03,25.2,1012.1,698.0,16.908,22.35
1479,2017-08-03,24.8,1011.9,454.0,16.924,22.35
1480,2017-08-03,24.7,1012.0,243.0,16.768,22.35
1481,2017-08-03,24.1,1011.8,158.0,16.684,22.35
1482,2017-08-03,23.4,1011.9,90.0,16.324,22.35
1483,2017-08-03,22.3,1012.1,11.0,16.224,22.35
1484,2017-08-03,21.2,1012.4,0.0,15.34,22.35
1485,2017-08-03,20.6,1012.6,0.0,15.09,22.35
1486,2017-08-04,19.9,1012.8,0.0,15.182,22.35
1487,2017-08-04,19.2,1012.6,0.0,15.187999999999999,20.95
1488,2017-08-04,18.7,1012.5,0.0,15.196,20.95
1489,2017-08-04,18.3,1012.5,0.0,15.08,20.95
1490,2017-08-04,17.9,1012.4,0.0,14.943,20.95
1491,2017-08-04,17.3,1012.7,0.0,14.772,20.95
1492,2017-08-04,17.0,1012.8,0.0,14.722999999999999,20.95
1493,2017-08-04,16.9,1012.9,19.0,14.89,20.95
1494,2017-08-04,17.3,1013.4,56.0,15.005999999999998,20.95
1495,2017-08-04,18.0,1013.6,276.0,15.03,20.95
1496,2017-08-04,19.8,1013.6,411.0,15.824000000000002,20.95
1497,2017-08-04,21.5,1013.8,246.0,16.165,20.95
1498,2017-08-04,22.1,1014.0,387.0,16.1,20.95
1499,2017-08-04,22.1,1014.1,364.0,15.764000000000001,20.95
1500,2017-08-04,23.3,1013.9,420.0,16.41,20.95
1501,2017-08-04,24.1,1013.8,854.0,16.684,20.95
1502,2017-08-04,25.0,1013.6,434.0,17.26,20.95
1503,2017-08-04,24.7,1013.3,388.0,17.53,20.95
1504,2017-08-04,23.9,1013.3,179.0,17.47,20.95
1505,2017-08-04,23.4,1013.3,74.0,17.6,20.95
1506,2017-08-04,22.9,1013.3,51.0,17.98,20.95
1507,2017-08-04,22.5,1013.5,5.0,17.86,20.95
1508,2017-08-04,20.8,1013.7,0.0,17.724,20.95
1509,2017-08-04,20.4,1013.4,0.0,17.671,20.95
1510,2017-08-05,19.9,1013.2,0.0,17.777,20.95
1511,2017-08-05,20.3,1012.5,0.0,17.923,21.8
1512,2017-08-05,19.7,1012.0,0.0,17.962,21.8
1513,2017-08-05,19.2,1011.8,0.0,17.868,21.8
1514,2017-08-05,18.2,1011.9,0.0,17.509,21.8
1515,2017-08-05,15.3,1012.8,0.0,14.815,21.8
1516,2017-08-05,14.9,1012.9,0.0,14.5,21.8
1517,2017-08-05,14.7,1013.5,12.0,14.1,21.8
1518,2017-08-05,14.8,1014.4,33.0,14.2,21.8
1519,2017-08-05,15.3,1015.0,84.0,14.620999999999999,21.8
1520,2017-08-05,15.9,1015.6,213.0,14.99,21.8
1521,2017-08-05,17.5,1015.9,793.0,15.055,21.8
1522,2017-08-05,19.2,1016.2,330.0,15.602,21.8
1523,2017-08-05,19.4,1016.4,1162.0,15.064,21.8
1524,2017-08-05,20.4,1016.5,1002.0,15.11,21.8
1525,2017-08-05,20.9,1016.9,454.0,14.94,21.8
1526,2017-08-05,21.2,1017.0,819.0,14.944,21.8
1527,2017-08-05,21.8,1017.0,171.0,15.634,21.8
1528,2017-08-05,21.9,1017.4,594.0,15.68,21.8
1529,2017-08-05,21.0,1017.9,113.0,15.02,21.8
1530,2017-08-05,21.0,1018.2,42.0,14.76,21.8
1531,2017-08-05,19.8,1018.9,19.0,14.18,21.8
1532,2017-08-05,18.1,1019.9,0.0,13.046,21.8
1533,2017-08-05,16.7,1020.3,0.0,12.26,21.8
1534,2017-08-06,15.9,1020.7,0.0,12.165,21.8
1535,2017-08-06,15.1,1021.1,0.0,11.960999999999999,19.5
1536,2017-08-06,13.9,1021.2,0.0,11.595,19.5
1537,2017-08-06,13.6,1021.3,0.0,11.592,19.5
1538,2017-08-06,13.2,1021.5,0.0,11.64,19.5
1539,2017-08-06,12.8,1021.7,0.0,11.4,19.5
1540,2017-08-06,11.5,1022.1,0.0,10.465,19.5
1541,2017-08-06,11.5,1022.5,18.0,10.55,19.5
1542,2017-08-06,12.3,1022.7,186.0,11.3,19.5
1543,2017-08-06,14.1,1023.0,383.0,12.772,19.5
1544,2017-08-06,16.3,1023.3,584.0,13.665,19.5
1545,2017-08-06,17.8,1023.5,784.0,13.544,19.5
1546,2017-08-06,18.2,1023.2,875.0,12.779000000000002,19.5
1547,2017-08-06,19.7,1022.9,279.0,13.307,19.5
1548,2017-08-06,20.3,1022.5,984.0,13.184000000000001,19.5
1549,2017-08-06,22.5,1022.0,870.0,13.93,19.5
1550,2017-08-06,21.9,1021.6,780.0,13.661,19.5
1551,2017-08-06,22.5,1021.2,638.0,13.93,19.5
1552,2017-08-06,22.8,1021.2,527.0,14.14,19.5
1553,2017-08-06,23.2,1021.0,357.0,14.436,19.5
1554,2017-08-06,22.9,1020.7,139.0,14.53,19.5
1555,2017-08-06,21.5,1020.7,18.0,14.225,19.5
1556,2017-08-06,19.3,1020.9,0.0,13.07,19.5
1557,2017-08-06,18.0,1020.9,0.0,12.85,19.5
1558,2017-08-07,16.6,1020.9,0.0,13.06,19.5
1559,2017-08-07,15.8,1020.7,0.0,12.964,19.3
1560,2017-08-07,15.0,1020.5,0.0,12.5,19.3
1561,2017-08-07,14.3,1020.1,0.0,12.14,19.3
1562,2017-08-07,13.4,1019.8,0.0,11.494000000000002,19.3
1563,2017-08-07,12.8,1019.4,0.0,11.08,19.3
1564,2017-08-07,12.2,1018.8,0.0,10.64,19.3
1565,2017-08-07,12.2,1018.7,21.0,10.64,19.3
1566,2017-08-07,14.0,1018.2,195.0,11.9,19.3
1567,2017-08-07,16.5,1018.2,411.0,12.34,19.3
1568,2017-08-07,19.1,1017.9,577.0,13.307,19.3
1569,2017-08-07,21.4,1017.4,696.0,14.284,19.3
1570,2017-08-07,22.3,1016.8,821.0,14.875,19.3
1571,2017-08-07,23.3,1016.1,914.0,14.514000000000001,19.3
1572,2017-08-07,24.4,1015.1,951.0,14.73,19.3
1573,2017-08-07,24.7,1014.4,631.0,14.74,19.3
1574,2017-08-07,25.1,1013.6,795.0,14.9,19.3
1575,2017-08-07,25.8,1013.0,682.0,15.19,19.3
1576,2017-08-07,25.8,1012.5,427.0,15.02,19.3
1577,2017-08-07,25.7,1011.9,186.0,14.93,19.3
1578,2017-08-07,25.1,1011.6,69.0,14.39,19.3
1579,2017-08-07,23.5,1011.3,14.0,14.67,19.3
1580,2017-08-07,21.8,1011.5,0.0,14.184000000000001,19.3
1581,2017-08-07,21.0,1011.2,0.0,14.36,19.3
1582,2017-08-08,20.5,1010.5,0.0,14.23,19.3
1583,2017-08-08,19.3,1010.3,0.0,13.892000000000001,18.9
1584,2017-08-08,18.5,1009.8,0.0,13.715,18.9
1585,2017-08-08,17.8,1009.1,0.0,13.665999999999999,18.9
1586,2017-08-08,17.3,1008.6,0.0,13.562000000000001,18.9
1587,2017-08-08,16.9,1007.9,0.0,13.315999999999999,18.9
1588,2017-08-08,16.7,1007.7,0.0,13.5,18.9
1589,2017-08-08,16.9,1007.5,0.0,14.057,18.9
1590,2017-08-08,14.7,1007.6,28.0,13.324000000000002,18.9
1591,2017-08-08,15.2,1007.8,40.0,13.908,18.9
1592,2017-08-08,15.7,1007.9,169.0,14.2,18.9
1593,2017-08-08,16.8,1007.8,410.0,14.308,18.9
1594,2017-08-08,15.8,1008.6,70.0,13.952,18.9
1595,2017-08-08,15.4,1008.9,111.0,14.332,18.9
1596,2017-08-08,15.8,1009.1,139.0,14.764000000000001,18.9
1597,2017-08-08,18.8,1008.8,443.0,17.18,18.9
1598,2017-08-08,16.1,1009.3,905.0,15.072000000000001,18.9
1599,2017-08-08,15.7,1010.4,47.0,14.542,18.9
1600,2017-08-08,14.5,1011.2,93.0,13.6,18.9
1601,2017-08-08,14.7,1011.2,144.0,13.7,18.9
1602,2017-08-08,15.7,1011.7,125.0,14.085999999999999,18.9
1603,2017-08-08,15.2,1012.1,11.0,13.908,18.9
1604,2017-08-08,14.2,1012.7,0.0,13.116,18.9
1605,2017-08-08,13.7,1013.0,0.0,12.8,18.9
1606,2017-08-09,13.5,1013.4,0.0,12.7,18.9
1607,2017-08-09,13.4,1013.4,0.0,12.6,16.3
1608,2017-08-09,14.2,1013.5,0.0,13.116,16.3
1609,2017-08-09,14.5,1013.5,0.0,13.5,16.3
1610,2017-08-09,14.3,1013.3,0.0,13.214,16.3
1611,2017-08-09,14.1,1013.1,0.0,13.1,16.3
1612,2017-08-09,13.7,1013.3,0.0,12.7,16.3
1613,2017-08-09,13.2,1013.2,14.0,12.4,16.3
1614,2017-08-09,13.2,1013.3,74.0,12.3,16.3
1615,2017-08-09,14.7,1013.3,330.0,13.512,16.3
1616,2017-08-09,15.4,1013.5,346.0,13.9,16.3
1617,2017-08-09,18.3,1014.0,925.0,14.97,16.3
1618,2017-08-09,19.6,1013.6,1074.0,14.412,16.3
1619,2017-08-09,18.4,1014.0,169.0,14.164000000000001,16.3
1620,2017-08-09,16.0,1014.6,97.0,14.02,16.3
1621,2017-08-09,15.8,1014.3,520.0,13.395999999999999,16.3
1622,2017-08-09,15.8,1014.7,81.0,13.952,16.3
1623,2017-08-09,14.5,1015.1,70.0,13.23,16.3
1624,2017-08-09,13.8,1014.5,171.0,12.9,16.3
1625,2017-08-09,15.1,1014.9,285.0,12.989,16.3
1626,2017-08-09,14.4,1014.9,26.0,13.048,16.3
1627,2017-08-09,13.7,1015.4,9.0,12.8,16.3
1628,2017-08-09,13.4,1015.9,0.0,12.5,16.3
1629,2017-08-09,12.6,1016.6,0.0,11.9,16.3
1630,2017-08-10,12.6,1016.8,0.0,12.0,16.3
1631,2017-08-10,12.2,1017.1,0.0,11.6,16.55
1632,2017-08-10,11.6,1017.1,0.0,11.12,16.55
1633,2017-08-10,11.3,1017.4,0.0,10.927999999999999,16.55
1634,2017-08-10,11.5,1017.4,0.0,11.12,16.55
1635,2017-08-10,11.9,1017.1,0.0,11.603,16.55
1636,2017-08-10,12.3,1017.3,0.0,12.0,16.55
1637,2017-08-10,12.5,1017.4,11.0,12.1,16.55
1638,2017-08-10,13.0,1017.8,32.0,12.4,16.55
1639,2017-08-10,13.0,1018.1,69.0,12.4,16.55
1640,2017-08-10,13.5,1018.0,172.0,12.7,16.55
1641,2017-08-10,15.3,1018.1,288.0,13.588,16.55
1642,2017-08-10,15.2,1018.3,81.0,13.694,16.55
1643,2017-08-10,16.0,1018.5,1053.0,14.26,16.55
1644,2017-08-10,17.8,1018.1,919.0,14.52,16.55
1645,2017-08-10,18.7,1018.0,199.0,14.794,16.55
1646,2017-08-10,19.1,1017.7,221.0,14.28,16.55
1647,2017-08-10,18.5,1017.7,137.0,13.58,16.55
1648,2017-08-10,19.2,1017.7,668.0,15.05,16.55
1649,2017-08-10,19.2,1017.7,83.0,15.05,16.55
1650,2017-08-10,17.4,1018.2,28.0,15.204,16.55
1651,2017-08-10,16.1,1018.6,0.0,14.482000000000001,16.55
1652,2017-08-10,15.5,1019.2,0.0,13.89,16.55
1653,2017-08-10,15.3,1019.5,0.0,13.27,16.55
1654,2017-08-11,14.9,1019.5,0.0,13.312000000000001,16.55
1655,2017-08-11,14.4,1019.5,0.0,13.312000000000001,16.15
1656,2017-08-11,13.7,1019.3,0.0,12.8,16.15
1657,2017-08-11,13.5,1019.1,0.0,12.7,16.15
1658,2017-08-11,13.2,1018.8,0.0,12.5,16.15
1659,2017-08-11,13.2,1018.5,0.0,12.5,16.15
1660,2017-08-11,13.0,1018.5,0.0,12.2,16.15
1661,2017-08-11,13.1,1018.9,9.0,12.5,16.15
1662,2017-08-11,13.8,1018.7,107.0,13.1,16.15
1663,2017-08-11,15.0,1018.8,443.0,13.9,16.15
1664,2017-08-11,16.0,1018.7,520.0,14.14,16.15
1665,2017-08-11,15.8,1019.4,174.0,13.952,16.15
1666,2017-08-11,17.4,1019.2,278.0,14.624,16.15
1667,2017-08-11,18.3,1019.1,476.0,14.844000000000001,16.15
1668,2017-08-11,18.0,1019.1,195.0,14.7,16.15
1669,2017-08-11,18.5,1019.0,501.0,14.76,16.15
1670,2017-08-11,20.3,1018.4,846.0,15.11,16.15
1671,2017-08-11,19.4,1018.2,195.0,15.472000000000001,16.15
1672,2017-08-11,19.4,1018.2,253.0,14.927999999999999,16.15
1673,2017-08-11,20.0,1018.4,315.0,15.39,16.15
1674,2017-08-11,19.4,1018.3,60.0,14.87,16.15
1675,2017-08-11,18.8,1018.5,9.0,15.012,16.15
1676,2017-08-11,17.8,1018.8,0.0,14.744000000000002,16.15
1677,2017-08-11,16.7,1019.0,0.0,14.085,16.15
1678,2017-08-12,15.4,1019.1,0.0,13.255999999999998,16.15
1679,2017-08-12,14.7,1018.8,0.0,12.948,15.85
1680,2017-08-12,13.4,1018.6,0.0,12.08,15.85
1681,2017-08-12,13.3,1018.5,0.0,12.06,15.85
1682,2017-08-12,13.6,1018.2,0.0,12.12,15.85
1683,2017-08-12,13.8,1017.8,0.0,12.24,15.85
1684,2017-08-12,13.5,1017.7,0.0,12.26,15.85
1685,2017-08-12,14.0,1017.7,7.0,12.52,15.85
1686,2017-08-12,13.7,1017.7,40.0,12.7,15.85
1687,2017-08-12,14.3,1018.0,69.0,13.3,15.85
1688,2017-08-12,15.0,1018.1,90.0,13.7,15.85
1689,2017-08-12,16.7,1018.1,237.0,14.882,15.85
1690,2017-08-12,18.2,1018.1,353.0,15.76,15.85
1691,2017-08-12,19.2,1018.1,417.0,16.3,15.85
1692,2017-08-12,19.8,1018.1,274.0,16.75,15.85
1693,2017-08-12,19.0,1018.3,178.0,16.59,15.85
1694,2017-08-12,18.3,1018.2,174.0,16.84,15.85
1695,2017-08-12,18.4,1018.2,176.0,16.93,15.85
1696,2017-08-12,18.5,1018.0,125.0,17.02,15.85
1697,2017-08-12,19.2,1017.9,26.0,17.308,15.85
1698,2017-08-12,18.2,1018.0,26.0,17.08,15.85
1699,2017-08-12,17.6,1018.2,9.0,17.07,15.85
1700,2017-08-12,17.3,1018.7,0.0,16.785,15.85
1701,2017-08-12,16.7,1019.0,0.0,16.118,15.85
1702,2017-08-13,15.9,1019.2,0.0,15.263,15.85
1703,2017-08-13,15.0,1019.6,0.0,14.0,16.3
1704,2017-08-13,14.7,1019.5,0.0,13.7,16.3
1705,2017-08-13,14.2,1019.4,0.0,13.3,16.3
1706,2017-08-13,13.5,1019.5,0.0,12.6,16.3
1707,2017-08-13,12.9,1019.4,0.0,12.2,16.3
1708,2017-08-13,12.4,1019.3,0.0,11.8,16.3
1709,2017-08-13,11.7,1019.5,16.0,11.020999999999999,16.3
1710,2017-08-13,12.3,1019.7,165.0,11.6,16.3
1711,2017-08-13,14.2,1019.9,378.0,13.1,16.3
1712,2017-08-13,15.4,1020.1,499.0,14.116,16.3
1713,2017-08-13,18.1,1020.3,812.0,14.302,16.3
1714,2017-08-13,18.4,1020.3,615.0,14.036,16.3
1715,2017-08-13,20.2,1020.2,1056.0,15.209000000000001,16.3
1716,2017-08-13,19.6,1020.1,316.0,14.144,16.3
1717,2017-08-13,20.6,1019.7,292.0,14.49,16.3
1718,2017-08-13,20.8,1019.6,984.0,14.73,16.3
1719,2017-08-13,21.3,1019.3,206.0,14.77,16.3
1720,2017-08-13,22.5,1018.7,601.0,15.18,16.3
1721,2017-08-13,22.2,1018.5,292.0,15.104000000000001,16.3
1722,2017-08-13,21.6,1018.5,107.0,15.175999999999998,16.3
1723,2017-08-13,20.7,1018.7,11.0,14.52,16.3
1724,2017-08-13,17.5,1019.2,0.0,14.0,16.3
1725,2017-08-13,17.4,1019.2,0.0,13.782,16.3
1726,2017-08-14,15.2,1019.1,0.0,12.772,16.3
1727,2017-08-14,13.9,1018.8,0.0,12.34,17.8
1728,2017-08-14,14.1,1018.5,0.0,12.444,17.8
1729,2017-08-14,13.2,1018.2,0.0,11.88,17.8
1730,2017-08-14,13.2,1018.0,0.0,11.72,17.8
1731,2017-08-14,12.2,1017.8,0.0,10.94,17.8
1732,2017-08-14,12.7,1017.6,0.0,11.38,17.8
1733,2017-08-14,11.0,1017.6,12.0,10.01,17.8
1734,2017-08-14,13.1,1017.5,153.0,12.02,17.8
1735,2017-08-14,17.9,1017.5,359.0,15.276,17.8
1736,2017-08-14,21.0,1017.2,543.0,15.28,17.8
1737,2017-08-14,22.4,1017.2,684.0,16.164,17.8
1738,2017-08-14,23.6,1016.7,816.0,16.94,17.8
1739,2017-08-14,24.4,1016.2,875.0,17.098,17.8
1740,2017-08-14,25.2,1015.6,976.0,17.636,17.8
1741,2017-08-14,25.0,1014.9,283.0,17.62,17.8
1742,2017-08-14,25.8,1014.5,867.0,18.511,17.8
1743,2017-08-14,26.3,1014.0,696.0,18.642,17.8
1744,2017-08-14,26.4,1013.6,388.0,18.17,17.8
1745,2017-08-14,25.9,1013.3,141.0,18.322,17.8
1746,2017-08-14,25.8,1013.2,86.0,18.77,17.8
1747,2017-08-14,24.7,1013.3,7.0,18.964000000000002,17.8
1748,2017-08-14,23.0,1013.2,0.0,17.94,17.8
1749,2017-08-14,21.7,1012.9,0.0,17.304000000000002,17.8
1750,2017-08-15,21.4,1013.0,0.0,17.224,17.8
1751,2017-08-15,20.8,1012.6,0.0,16.738,19.4
1752,2017-08-15,20.4,1012.5,0.0,16.58,19.4
1753,2017-08-15,19.5,1011.9,0.0,16.295,19.4
1754,2017-08-15,19.5,1011.3,0.0,16.64,19.4
1755,2017-08-15,20.5,1010.4,0.0,17.325,19.4
1756,2017-08-15,19.4,1009.6,0.0,16.906,19.4
1757,2017-08-15,19.4,1009.7,11.0,17.02,19.4
1758,2017-08-15,20.2,1010.4,88.0,17.574,19.4
1759,2017-08-15,21.3,1010.7,142.0,18.276,19.4
1760,2017-08-15,22.7,1011.0,309.0,19.18,19.4
1761,2017-08-15,22.3,1012.2,186.0,18.5,19.4
1762,2017-08-15,22.3,1012.8,318.0,18.64,19.4
1763,2017-08-15,22.9,1013.4,330.0,18.96,19.4
1764,2017-08-15,24.8,1013.8,819.0,19.132,19.4
1765,2017-08-15,25.0,1014.1,691.0,19.16,19.4
1766,2017-08-15,25.3,1014.2,155.0,19.29,19.4
1767,2017-08-15,24.7,1014.1,336.0,18.866,19.4
1768,2017-08-15,23.5,1014.8,90.0,19.35,19.4
1769,2017-08-15,22.4,1015.1,86.0,19.54,19.4
1770,2017-08-15,21.8,1015.4,42.0,19.486,19.4
1771,2017-08-15,21.3,1016.0,5.0,19.435,19.4
1772,2017-08-15,21.4,1016.7,0.0,18.21,19.4
1773,2017-08-15,20.7,1017.6,0.0,17.354,19.4
1774,2017-08-16,19.8,1018.2,0.0,16.75,19.4
1775,2017-08-16,18.7,1018.7,0.0,16.32,18.3
1776,2017-08-16,18.2,1018.7,0.0,16.09,18.3
1777,2017-08-16,16.9,1018.7,0.0,15.298,18.3
1778,2017-08-16,16.4,1018.9,0.0,14.9,18.3
1779,2017-08-16,15.5,1018.9,0.0,14.33,18.3
1780,2017-08-16,14.7,1019.2,0.0,13.8,18.3
1781,2017-08-16,14.2,1019.5,25.0,13.5,18.3
1782,2017-08-16,15.0,1019.5,90.0,14.2,18.3
1783,2017-08-16,16.3,1019.5,214.0,15.255999999999998,18.3
1784,2017-08-16,17.8,1019.4,288.0,15.527999999999999,18.3
1785,2017-08-16,20.3,1019.8,596.0,16.256,18.3
1786,2017-08-16,22.4,1019.3,884.0,16.756,18.3
1787,2017-08-16,24.3,1019.0,707.0,17.404,18.3
1788,2017-08-16,23.5,1018.7,661.0,17.51,18.3
1789,2017-08-16,24.3,1018.5,715.0,17.659000000000002,18.3
1790,2017-08-16,25.0,1018.0,504.0,18.14,18.3
1791,2017-08-16,25.4,1018.0,740.0,19.22,18.3
1792,2017-08-16,24.8,1017.5,202.0,19.3,18.3
1793,2017-08-16,24.3,1017.3,32.0,19.28,18.3
1794,2017-08-16,22.6,1017.2,37.0,19.22,18.3
1795,2017-08-16,21.9,1017.2,9.0,19.067,18.3
1796,2017-08-16,21.2,1017.5,0.0,18.424,18.3
1797,2017-08-16,19.9,1017.3,0.0,17.42,18.3
1798,2017-08-17,19.5,1016.9,0.0,17.1,18.3
1799,2017-08-17,18.8,1016.7,0.0,16.41,22.6
1800,2017-08-17,17.8,1016.6,0.0,15.609000000000002,22.6
1801,2017-08-17,17.6,1016.5,0.0,14.796,22.6
1802,2017-08-17,17.9,1016.0,0.0,14.943,22.6
1803,2017-08-17,17.8,1015.3,0.0,14.968,22.6
1804,2017-08-17,17.1,1015.5,0.0,15.08,22.6
1805,2017-08-17,16.4,1015.3,9.0,14.9,22.6
1806,2017-08-17,17.0,1015.3,58.0,15.5,22.6
1807,2017-08-17,18.7,1015.4,111.0,16.54,22.6
1808,2017-08-17,17.9,1015.7,42.0,16.919,22.6
1809,2017-08-17,18.4,1015.8,225.0,17.509,22.6
1810,2017-08-17,18.9,1015.8,132.0,17.71,22.6
1811,2017-08-17,19.9,1015.8,229.0,18.253,22.6
1812,2017-08-17,20.9,1015.9,278.0,18.787,22.6
1813,2017-08-17,22.0,1015.5,246.0,19.46,22.6
1814,2017-08-17,24.0,1015.0,297.0,20.7,22.6
1815,2017-08-17,24.2,1014.6,118.0,19.66,22.6
1816,2017-08-17,22.2,1014.7,673.0,20.436,22.6
1817,2017-08-17,21.6,1014.4,28.0,20.142,22.6
1818,2017-08-17,20.3,1014.5,58.0,19.284000000000002,22.6
1819,2017-08-17,20.6,1014.5,0.0,19.608,22.6
1820,2017-08-17,20.0,1014.4,0.0,19.09,22.6
1821,2017-08-17,19.8,1014.2,0.0,19.032,22.6
1822,2017-08-18,19.5,1014.4,0.0,18.75,22.6
1823,2017-08-18,19.4,1013.8,0.0,18.656,19.3
1824,2017-08-18,18.9,1013.8,0.0,18.305,19.3
1825,2017-08-18,18.7,1013.7,0.0,17.998,19.3
1826,2017-08-18,18.7,1013.3,0.0,17.998,19.3
1827,2017-08-18,19.0,1013.2,0.0,18.16,19.3
1828,2017-08-18,18.8,1012.9,0.0,18.092,19.3
1829,2017-08-18,18.6,1013.2,0.0,18.02,19.3
1830,2017-08-18,18.9,1013.2,25.0,18.305,19.3
1831,2017-08-18,18.8,1013.1,113.0,17.974,19.3
1832,2017-08-18,18.8,1013.3,74.0,17.855999999999998,19.3
1833,2017-08-18,18.0,1013.2,174.0,17.23,19.3
1834,2017-08-18,17.9,1013.2,69.0,17.028,19.3
1835,2017-08-18,17.8,1013.4,153.0,17.26,19.3
1836,2017-08-18,19.0,1012.9,325.0,18.28,19.3
1837,2017-08-18,20.2,1012.6,394.0,18.554000000000002,19.3
1838,2017-08-18,21.7,1012.6,981.0,17.864,19.3
1839,2017-08-18,20.8,1012.7,262.0,16.616,19.3
1840,2017-08-18,21.2,1012.8,225.0,16.62,19.3
1841,2017-08-18,20.2,1013.3,69.0,16.692,19.3
1842,2017-08-18,19.8,1014.3,32.0,14.972000000000001,19.3
1843,2017-08-18,19.0,1015.0,7.0,14.2,19.3
1844,2017-08-18,17.5,1015.6,0.0,13.782,19.3
1845,2017-08-18,16.6,1016.2,0.0,13.277999999999999,19.3
1846,2017-08-19,15.4,1016.6,0.0,12.84,19.3
1847,2017-08-19,14.2,1017.3,0.0,12.26,19.15
1848,2017-08-19,12.9,1017.6,0.0,11.26,19.15
1849,2017-08-19,12.0,1017.9,0.0,10.6,19.15
1850,2017-08-19,11.3,1017.9,0.0,10.196,19.15
1851,2017-08-19,11.2,1018.0,0.0,10.192,19.15
1852,2017-08-19,10.9,1018.2,0.0,9.99,19.15
1853,2017-08-19,10.8,1018.5,9.0,9.972000000000001,19.15
1854,2017-08-19,11.3,1018.8,128.0,10.463,19.15
1855,2017-08-19,13.2,1019.3,332.0,11.88,19.15
1856,2017-08-19,15.3,1019.3,510.0,13.376,19.15
1857,2017-08-19,16.5,1019.6,779.0,13.76,19.15
1858,2017-08-19,17.4,1019.7,336.0,14.034,19.15
1859,2017-08-19,18.3,1019.7,1102.0,14.466,19.15
1860,2017-08-19,18.9,1019.7,501.0,13.991,19.15
1861,2017-08-19,19.3,1019.8,872.0,14.302999999999999,19.15
1862,2017-08-19,19.3,1020.0,297.0,14.302999999999999,19.15
1863,2017-08-19,20.2,1019.8,708.0,14.38,19.15
1864,2017-08-19,18.9,1020.1,67.0,14.405999999999999,19.15
1865,2017-08-19,18.2,1020.5,54.0,14.136,19.15
1866,2017-08-19,18.6,1020.7,56.0,14.184000000000001,19.15
1867,2017-08-19,17.5,1021.1,0.0,13.875,19.15
1868,2017-08-19,17.2,1021.8,0.0,13.595999999999998,19.15
1869,2017-08-19,16.0,1022.3,0.0,12.91,19.15
1870,2017-08-20,15.2,1022.4,0.0,12.262,19.15
1871,2017-08-20,14.4,1022.6,0.0,12.32,17.75
1872,2017-08-20,13.7,1022.7,0.0,11.98,17.75
1873,2017-08-20,13.0,1022.8,0.0,11.44,17.75
1874,2017-08-20,12.5,1023.0,0.0,11.1,17.75
1875,2017-08-20,11.9,1023.2,0.0,10.667,17.75
1876,2017-08-20,11.4,1023.5,0.0,10.288,17.75
1877,2017-08-20,11.1,1023.5,11.0,10.19,17.75
1878,2017-08-20,11.0,1023.9,104.0,10.19,17.75
1879,2017-08-20,12.6,1024.4,292.0,11.44,17.75
1880,2017-08-20,14.6,1024.6,496.0,12.864,17.75
1881,2017-08-20,16.3,1024.8,728.0,12.984000000000002,17.75
1882,2017-08-20,17.6,1024.6,172.0,12.974,17.75
1883,2017-08-20,19.2,1024.6,369.0,13.255999999999998,17.75
1884,2017-08-20,19.4,1024.6,1035.0,12.908,17.75
1885,2017-08-20,20.5,1024.5,919.0,13.58,17.75
1886,2017-08-20,20.9,1023.9,765.0,13.454,17.75
1887,2017-08-20,21.1,1023.7,260.0,13.52,17.75
1888,2017-08-20,20.6,1023.5,183.0,13.652000000000001,17.75
1889,2017-08-20,21.2,1022.9,207.0,13.686,17.75
1890,2017-08-20,20.3,1022.8,35.0,13.562000000000001,17.75
1891,2017-08-20,20.2,1023.1,0.0,13.94,17.75
1892,2017-08-20,19.4,1023.3,0.0,13.704,17.75
1893,2017-08-20,18.5,1023.6,0.0,13.648,17.75
1894,2017-08-21,18.3,1023.1,0.0,13.577,17.75
1895,2017-08-21,18.1,1022.8,0.0,13.936,16.5
1896,2017-08-21,17.7,1022.5,0.0,13.937999999999999,16.5
1897,2017-08-21,17.5,1022.4,0.0,13.875,16.5
1898,2017-08-21,17.7,1022.2,0.0,14.061,16.5
1899,2017-08-21,17.3,1021.8,0.0,13.943,16.5
1900,2017-08-21,17.2,1021.6,0.0,13.98,16.5
1901,2017-08-21,17.3,1021.3,0.0,14.304,16.5
1902,2017-08-21,17.1,1021.7,49.0,14.366,16.5
1903,2017-08-21,18.3,1021.6,146.0,15.3,16.5
1904,2017-08-21,18.5,1021.4,209.0,15.37,16.5
1905,2017-08-21,18.6,1021.4,301.0,15.9,16.5
1906,2017-08-21,21.1,1021.1,399.0,17.269000000000002,16.5
1907,2017-08-21,21.7,1020.9,352.0,17.983,16.5
1908,2017-08-21,23.6,1020.2,670.0,18.9,16.5
1909,2017-08-21,23.4,1019.9,367.0,19.264,16.5
1910,2017-08-21,22.8,1019.7,264.0,19.14,16.5
1911,2017-08-21,23.1,1019.5,163.0,19.430999999999997,16.5
1912,2017-08-21,22.9,1019.3,199.0,19.1,16.5
1913,2017-08-21,23.5,1019.1,153.0,19.5,16.5
1914,2017-08-21,23.6,1018.7,69.0,19.436,16.5
1915,2017-08-21,21.8,1019.0,0.0,18.785,16.5
1916,2017-08-21,20.2,1019.4,0.0,18.066,16.5
1917,2017-08-21,19.6,1019.5,0.0,17.992,16.5
1918,2017-08-22,18.7,1019.4,0.0,17.53,16.5
1919,2017-08-22,17.8,1018.8,0.0,17.044,17.55
1920,2017-08-22,17.4,1019.0,0.0,16.88,17.55
1921,2017-08-22,17.0,1019.0,0.0,16.5,17.55
1922,2017-08-22,16.7,1018.7,0.0,16.408,17.55
1923,2017-08-22,16.5,1018.3,0.0,16.12,17.55
1924,2017-08-22,16.8,1018.3,0.0,16.506,17.55
1925,2017-08-22,16.5,1018.3,69.0,16.118,17.55
1926,2017-08-22,17.6,1018.0,302.0,17.387999999999998,17.55
1927,2017-08-22,20.8,1017.9,497.0,18.3,17.55
1928,2017-08-22,22.4,1017.7,640.0,18.74,17.55
1929,2017-08-22,24.4,1017.4,756.0,19.38,17.55
1930,2017-08-22,25.3,1016.5,629.0,19.8,17.55
1931,2017-08-22,26.0,1015.9,830.0,20.16,17.55
1932,2017-08-22,26.7,1015.2,900.0,20.175,17.55
1933,2017-08-22,27.1,1015.1,696.0,20.485,17.55
1934,2017-08-22,27.3,1013.3,237.0,20.484,17.55
1935,2017-08-22,27.3,1013.7,452.0,20.655,17.55
1936,2017-08-22,27.1,1013.4,255.0,20.131,17.55
1937,2017-08-22,26.5,1013.1,62.0,20.375,17.55
1938,2017-08-22,25.0,1012.9,0.0,19.82,17.55
1939,2017-08-22,23.5,1013.2,0.0,19.35,17.55
1940,2017-08-22,22.6,1012.8,0.0,18.8,17.55
1941,2017-08-23,21.7,1012.8,0.0,18.269000000000002,17.55
1942,2017-08-23,20.8,1012.6,0.0,17.724,22.2
1943,2017-08-23,20.3,1012.0,0.0,17.671,22.2
1944,2017-08-23,19.9,1011.7,0.0,17.539,22.2
1945,2017-08-23,19.5,1010.9,0.0,17.1,22.2
1946,2017-08-23,19.3,1011.1,0.0,17.166,22.2
1947,2017-08-23,18.4,1010.9,0.0,17.04,22.2
1948,2017-08-23,18.0,1011.1,5.0,16.68,22.2
1949,2017-08-23,18.4,1011.4,102.0,16.93,22.2
1950,2017-08-23,20.6,1011.4,313.0,18.226,22.2
1951,2017-08-23,22.6,1011.7,490.0,19.5,22.2
1952,2017-08-23,21.6,1012.4,707.0,19.16,22.2
1953,2017-08-23,25.1,1012.5,738.0,21.022,22.2
1954,2017-08-23,27.0,1012.5,826.0,21.816,22.2
1955,2017-08-23,27.8,1012.6,826.0,22.16,22.2
1956,2017-08-23,28.3,1012.5,236.0,22.3,22.2
1957,2017-08-23,25.9,1012.8,682.0,20.968000000000004,22.2
1958,2017-08-23,25.5,1012.9,563.0,20.355999999999998,22.2
1959,2017-08-23,24.3,1013.3,267.0,19.6,22.2
1960,2017-08-23,22.2,1013.7,153.0,18.54,22.2
1961,2017-08-23,21.4,1014.1,53.0,17.918,22.2
1962,2017-08-23,20.2,1014.3,0.0,17.322,22.2
1963,2017-08-23,19.3,1014.8,0.0,16.714000000000002,22.2
1964,2017-08-23,18.8,1015.3,0.0,16.19,22.2
1965,2017-08-24,17.7,1015.7,0.0,15.447000000000001,22.2
1966,2017-08-24,16.9,1015.5,0.0,15.094000000000001,22.6
1967,2017-08-24,15.5,1015.6,0.0,14.22,22.6
1968,2017-08-24,16.5,1015.9,0.0,14.89,22.6
1969,2017-08-24,15.3,1016.1,0.0,14.012,22.6
1970,2017-08-24,15.6,1016.3,0.0,14.324000000000002,22.6
1971,2017-08-24,14.2,1016.2,0.0,13.3,22.6
1972,2017-08-24,13.8,1016.4,0.0,13.0,22.6
1973,2017-08-24,14.3,1016.6,74.0,13.6,22.6
1974,2017-08-24,16.0,1016.4,114.0,14.98,22.6
1975,2017-08-24,17.8,1016.5,221.0,15.64,22.6
1976,2017-08-24,19.1,1017.2,218.0,15.93,22.6
1977,2017-08-24,21.0,1017.3,408.0,16.64,22.6
1978,2017-08-24,22.4,1016.7,494.0,17.52,22.6
1979,2017-08-24,22.2,1016.3,584.0,16.855999999999998,22.6
1980,2017-08-24,23.0,1016.1,817.0,17.16,22.6
1981,2017-08-24,24.0,1015.8,759.0,17.54,22.6
1982,2017-08-24,23.6,1015.5,237.0,17.58,22.6
1983,2017-08-24,23.9,1015.2,279.0,17.79,22.6
1984,2017-08-24,24.1,1015.0,146.0,18.117,22.6
1985,2017-08-24,23.0,1014.8,30.0,17.8,22.6
1986,2017-08-24,22.1,1014.9,0.0,17.32,22.6
1987,2017-08-24,21.1,1015.2,0.0,16.754,22.6
1988,2017-08-24,20.8,1015.3,0.0,16.616,22.6
1989,2017-08-25,21.0,1015.3,0.0,16.64,22.6
1990,2017-08-25,19.5,1015.6,0.0,16.18,21.15
1991,2017-08-25,18.9,1015.3,0.0,16.17,21.15
1992,2017-08-25,18.4,1015.1,0.0,15.72,21.15
1993,2017-08-25,18.1,1014.8,0.0,15.56,21.15
1994,2017-08-25,17.2,1014.4,0.0,15.16,21.15
1995,2017-08-25,16.7,1014.4,0.0,14.882,21.15
1996,2017-08-25,16.4,1014.1,0.0,14.675999999999998,21.15
1997,2017-08-25,17.2,1013.7,84.0,15.364,21.15
1998,2017-08-25,17.4,1014.5,33.0,15.84,21.15
1999,2017-08-25,17.5,1015.0,11.0,16.345,21.15
2000,2017-08-25,16.7,1014.2,144.0,16.118,21.15
2001,2017-08-25,16.5,1013.9,53.0,16.025,21.15
2002,2017-08-25,17.3,1014.2,65.0,16.785,21.15
2003,2017-08-25,19.2,1013.7,297.0,17.98,21.15
2004,2017-08-25,19.4,1013.8,162.0,18.284000000000002,21.15
2005,2017-08-25,20.1,1013.0,339.0,18.81,21.15
2006,2017-08-25,21.0,1012.8,323.0,19.303,21.15
2007,2017-08-25,21.9,1012.7,98.0,20.0,21.15
2008,2017-08-25,22.1,1012.6,105.0,20.215,21.15
2009,2017-08-25,21.5,1012.7,21.0,19.97,21.15
2010,2017-08-25,20.7,1013.0,0.0,19.593,21.15
2011,2017-08-25,20.3,1013.3,0.0,19.410999999999998,21.15
2012,2017-08-25,19.7,1013.5,0.0,18.811,21.15
2013,2017-08-26,18.9,1013.6,0.0,18.186,21.15
2014,2017-08-26,18.4,1013.4,0.0,17.944000000000003,18.0
2015,2017-08-26,17.7,1013.5,0.0,17.165,18.0
2016,2017-08-26,18.3,1013.5,0.0,17.848,18.0
2017,2017-08-26,17.3,1013.5,0.0,16.682000000000002,18.0
2018,2017-08-26,17.0,1013.3,0.0,16.7,18.0
2019,2017-08-26,16.8,1013.5,0.0,16.506,18.0
2020,2017-08-26,17.4,1013.8,0.0,17.088,18.0
2021,2017-08-26,17.4,1013.9,65.0,17.192,18.0
2022,2017-08-26,17.8,1014.0,156.0,17.584,18.0
2023,2017-08-26,19.3,1014.2,311.0,19.054000000000002,18.0
2024,2017-08-26,20.5,1014.3,320.0,19.875,18.0
2025,2017-08-26,23.9,1014.1,659.0,21.522,18.0
2026,2017-08-26,26.3,1013.8,788.0,21.598000000000003,18.0
2027,2017-08-26,25.4,1013.8,311.0,20.964000000000002,18.0
2028,2017-08-26,27.4,1013.6,722.0,21.244,18.0
2029,2017-08-26,28.2,1013.4,687.0,21.136,18.0
2030,2017-08-26,27.4,1013.3,510.0,20.404,18.0
2031,2017-08-26,27.4,1012.8,341.0,20.236,18.0
2032,2017-08-26,27.1,1012.7,116.0,20.662,18.0
2033,2017-08-26,26.0,1012.4,54.0,20.64,18.0
2034,2017-08-26,24.8,1013.0,0.0,20.68,18.0
2035,2017-08-26,22.5,1013.8,0.0,19.54,18.0
2036,2017-08-26,21.8,1013.8,0.0,19.38,18.0
2037,2017-08-27,20.6,1014.0,0.0,18.226,18.0
2038,2017-08-27,20.0,1014.0,0.0,17.62,22.4
2039,2017-08-27,19.7,1014.3,0.0,17.34,22.4
2040,2017-08-27,19.5,1014.0,0.0,16.985,22.4
2041,2017-08-27,19.0,1013.8,0.0,16.7,22.4
2042,2017-08-27,18.4,1013.7,0.0,16.71,22.4
2043,2017-08-27,17.8,1013.7,0.0,16.18,22.4
2044,2017-08-27,17.7,1014.5,0.0,16.202,22.4
2045,2017-08-27,17.3,1016.1,0.0,16.27,22.4
2046,2017-08-27,17.2,1014.9,74.0,16.588,22.4
2047,2017-08-27,18.7,1015.6,373.0,17.998,22.4
2048,2017-08-27,21.2,1014.9,534.0,19.712,22.4
2049,2017-08-27,23.6,1014.9,650.0,20.908,22.4
2050,2017-08-27,25.0,1015.1,714.0,21.36,22.4
2051,2017-08-27,26.3,1015.1,735.0,21.455,22.4
2052,2017-08-27,26.8,1014.8,589.0,20.962,22.4
2053,2017-08-27,27.3,1014.4,606.0,20.484,22.4
2054,2017-08-27,27.4,1014.5,332.0,20.908,22.4
2055,2017-08-27,27.3,1014.0,258.0,20.655,22.4
2056,2017-08-27,27.0,1014.3,128.0,20.22,22.4
2057,2017-08-27,26.5,1014.4,40.0,20.55,22.4
2058,2017-08-27,24.6,1014.9,0.0,20.838,22.4
2059,2017-08-27,23.2,1015.2,0.0,20.374000000000002,22.4
2060,2017-08-27,21.4,1015.6,0.0,19.53,22.4
2061,2017-08-28,20.9,1015.8,0.0,18.787,22.4
2062,2017-08-28,20.7,1015.5,0.0,18.581,22.0
2063,2017-08-28,20.1,1015.5,0.0,18.31,22.0
2064,2017-08-28,19.3,1015.4,0.0,17.730999999999998,22.0
2065,2017-08-28,18.9,1015.1,0.0,17.49,22.0
2066,2017-08-28,19.2,1014.7,0.0,17.644000000000002,22.0
2067,2017-08-28,18.2,1014.7,0.0,17.08,22.0
2068,2017-08-28,18.5,1015.3,7.0,17.24,22.0
2069,2017-08-28,18.6,1015.2,81.0,17.44,22.0
2070,2017-08-28,20.3,1015.3,223.0,18.660999999999998,22.0
2071,2017-08-28,23.0,1015.5,376.0,20.18,22.0
2072,2017-08-28,25.3,1015.9,550.0,21.031999999999996,22.0
2073,2017-08-28,26.4,1015.8,666.0,20.82,22.0
2074,2017-08-28,27.4,1015.5,744.0,20.826,22.0
2075,2017-08-28,28.3,1015.1,722.0,21.535,22.0
2076,2017-08-28,28.9,1014.7,601.0,21.628,22.0
2077,2017-08-28,29.4,1014.2,570.0,21.72,22.0
2078,2017-08-28,29.7,1013.7,387.0,21.756999999999998,22.0
2079,2017-08-28,29.4,1013.5,353.0,21.39,22.0
2080,2017-08-28,29.0,1013.4,134.0,21.72,22.0
2081,2017-08-28,27.5,1013.5,44.0,21.32,22.0
2082,2017-08-28,25.7,1013.8,0.0,20.732,22.0
2083,2017-08-28,23.9,1014.0,0.0,20.159000000000002,22.0
2084,2017-08-28,22.5,1013.7,0.0,19.54,22.0
2085,2017-08-29,22.2,1013.7,0.0,19.38,22.0
2086,2017-08-29,22.2,1013.6,0.0,19.62,23.4
2087,2017-08-29,20.8,1013.2,0.0,18.684,23.4
2088,2017-08-29,20.4,1012.9,0.0,18.396,23.4
2089,2017-08-29,19.7,1012.7,0.0,18.079,23.4
2090,2017-08-29,19.8,1012.1,0.0,18.048,23.4
2091,2017-08-29,19.3,1011.9,0.0,17.730999999999998,23.4
2092,2017-08-29,19.1,1011.8,9.0,17.668,23.4
2093,2017-08-29,19.8,1011.9,90.0,18.166,23.4
2094,2017-08-29,22.2,1011.8,232.0,19.66,23.4
2095,2017-08-29,24.1,1011.7,415.0,20.2,23.4
2096,2017-08-29,25.9,1011.6,564.0,20.541999999999998,23.4
2097,2017-08-29,28.0,1011.2,663.0,21.1,23.4
2098,2017-08-29,28.9,1010.9,733.0,21.469,23.4
2099,2017-08-29,30.3,1010.5,742.0,21.991999999999997,23.4
2100,2017-08-29,31.5,1010.0,703.0,21.76,23.4
2101,2017-08-29,31.6,1009.3,615.0,22.02,23.4
2102,2017-08-29,31.7,1008.8,489.0,22.46,23.4
2103,2017-08-29,31.5,1008.3,327.0,22.66,23.4
2104,2017-08-29,31.3,1008.1,172.0,23.04,23.4
2105,2017-08-29,30.0,1007.5,39.0,22.54,23.4
2106,2017-08-29,28.1,1007.4,0.0,21.647,23.4
2107,2017-08-29,27.5,1007.3,0.0,21.412,23.4
2108,2017-08-29,26.7,1007.0,0.0,21.500999999999998,23.4
2109,2017-08-30,25.6,1006.6,0.0,20.84,23.4
2110,2017-08-30,25.7,1006.4,0.0,20.638,25.2
2111,2017-08-30,24.7,1005.8,0.0,20.936,25.2
2112,2017-08-30,21.8,1005.5,0.0,18.954,25.2
2113,2017-08-30,20.4,1005.7,0.0,18.148,25.2
2114,2017-08-30,19.6,1005.6,0.0,17.644000000000002,25.2
2115,2017-08-30,19.1,1006.6,0.0,17.335,25.2
2116,2017-08-30,18.0,1006.9,0.0,16.9,25.2
2117,2017-08-30,17.9,1007.1,47.0,16.919,25.2
2118,2017-08-30,18.4,1007.2,156.0,17.26,25.2
2119,2017-08-30,18.9,1007.8,132.0,17.49,25.2
2120,2017-08-30,19.4,1008.3,192.0,17.817999999999998,25.2
2121,2017-08-30,21.8,1008.0,262.0,19.238,25.2
2122,2017-08-30,22.6,1007.7,113.0,19.64,25.2
2123,2017-08-30,21.4,1007.8,91.0,18.94,25.2
2124,2017-08-30,20.0,1008.2,109.0,18.22,25.2
2125,2017-08-30,20.5,1007.5,269.0,18.5,25.2
2126,2017-08-30,20.8,1007.1,183.0,18.428,25.2
2127,2017-08-30,18.3,1007.5,5.0,17.17,25.2
2128,2017-08-30,14.9,1008.0,32.0,14.3,25.2
2129,2017-08-30,14.8,1008.6,30.0,14.2,25.2
2130,2017-08-30,15.0,1009.4,0.0,14.4,25.2
2131,2017-08-30,14.8,1010.7,0.0,14.1,25.2
2132,2017-08-30,13.9,1011.8,0.0,13.4,25.2
2133,2017-08-31,12.1,1012.6,0.0,11.7,25.2
2134,2017-08-31,11.7,1013.0,0.0,11.215,22.45
2135,2017-08-31,11.4,1013.4,0.0,11.024000000000001,22.45
2136,2017-08-31,11.5,1013.5,0.0,11.12,22.45
2137,2017-08-31,11.6,1014.2,0.0,11.12,22.45
2138,2017-08-31,11.7,1014.9,0.0,11.12,22.45
2139,2017-08-31,11.4,1015.8,0.0,10.93,22.45
2140,2017-08-31,11.3,1016.5,0.0,10.927999999999999,22.45
2141,2017-08-31,11.3,1017.2,46.0,10.835,22.45
2142,2017-08-31,12.2,1017.7,274.0,11.6,22.45
2143,2017-08-31,13.9,1018.1,513.0,12.82,22.45
2144,2017-08-31,15.1,1018.6,281.0,13.388,22.45
2145,2017-08-31,17.0,1018.7,812.0,14.057,22.45
2146,2017-08-31,17.4,1018.6,981.0,13.908,22.45
2147,2017-08-31,17.9,1018.8,255.0,14.368,22.45
2148,2017-08-31,18.3,1018.8,431.0,14.466,22.45
2149,2017-08-31,21.5,1018.1,775.0,14.95,22.45
2150,2017-08-31,19.0,1018.5,77.0,14.62,22.45
2151,2017-08-31,18.0,1018.1,436.0,14.81,22.45
2152,2017-08-31,19.2,1018.2,121.0,14.222000000000001,22.45
2153,2017-08-31,18.4,1018.4,56.0,14.164000000000001,22.45
2154,2017-08-31,17.0,1018.8,0.0,13.41,22.45
2155,2017-08-31,15.6,1019.3,0.0,12.904000000000002,22.45
2156,2017-08-31,15.7,1019.5,0.0,12.880999999999998,22.45
2157,2017-09-01,15.4,1019.6,0.0,12.944,22.45
2158,2017-09-01,14.8,1019.6,0.0,12.64,16.9
2159,2017-09-01,14.2,1019.1,0.0,12.527999999999999,16.9
2160,2017-09-01,14.3,1018.8,0.0,12.698,16.9
2161,2017-09-01,13.9,1018.9,0.0,12.42,16.9
2162,2017-09-01,13.0,1018.7,0.0,11.84,16.9
2163,2017-09-01,12.3,1018.6,0.0,11.4,16.9
2164,2017-09-01,12.2,1018.6,0.0,11.5,16.9
2165,2017-09-01,13.1,1018.7,37.0,12.02,16.9
2166,2017-09-01,13.7,1018.9,127.0,12.54,16.9
2167,2017-09-01,15.4,1019.1,522.0,13.152000000000001,16.9
2168,2017-09-01,18.2,1019.1,615.0,14.384,16.9
2169,2017-09-01,18.2,1019.0,837.0,14.012,16.9
2170,2017-09-01,19.2,1018.2,197.0,13.892000000000001,16.9
2171,2017-09-01,20.0,1018.1,800.0,13.96,16.9
2172,2017-09-01,20.9,1017.4,888.0,14.144,16.9
2173,2017-09-01,21.8,1017.3,703.0,14.565,16.9
2174,2017-09-01,20.7,1017.0,461.0,14.78,16.9
2175,2017-09-01,14.9,1017.9,23.0,12.82,16.9
2176,2017-09-01,13.7,1018.9,5.0,12.8,16.9
2177,2017-09-01,12.7,1019.2,0.0,12.0,16.9
2178,2017-09-01,12.3,1019.5,0.0,11.7,16.9
2179,2017-09-01,12.2,1019.7,0.0,11.6,16.9
2180,2017-09-01,12.8,1019.9,0.0,12.0,16.9
2181,2017-09-02,12.3,1020.1,0.0,11.7,16.9
2182,2017-09-02,12.7,1020.0,0.0,12.2,16.95
2183,2017-09-02,12.3,1019.9,0.0,11.9,16.95
2184,2017-09-02,12.0,1020.0,0.0,11.5,16.95
2185,2017-09-02,11.9,1020.1,0.0,11.405,16.95
2186,2017-09-02,12.0,1020.0,0.0,11.5,16.95
2187,2017-09-02,11.9,1019.7,0.0,11.405,16.95
2188,2017-09-02,11.9,1019.8,0.0,11.405,16.95
2189,2017-09-02,11.9,1019.8,54.0,11.306,16.95
2190,2017-09-02,13.2,1020.0,255.0,12.5,16.95
2191,2017-09-02,14.7,1020.2,457.0,13.418,16.95
2192,2017-09-02,16.7,1020.4,680.0,14.552999999999999,16.95
2193,2017-09-02,17.2,1020.5,861.0,14.57,16.95
2194,2017-09-02,17.4,1020.2,833.0,13.53,16.95
2195,2017-09-02,18.4,1019.8,236.0,13.645999999999999,16.95
2196,2017-09-02,19.3,1019.4,821.0,14.029000000000002,16.95
2197,2017-09-02,18.3,1019.3,316.0,14.214,16.95
2198,2017-09-02,18.0,1019.3,308.0,12.85,16.95
2199,2017-09-02,18.4,1019.1,153.0,13.512,16.95
2200,2017-09-02,18.2,1018.9,172.0,13.508,16.95
2201,2017-09-02,17.7,1019.0,23.0,13.569,16.95
2202,2017-09-02,15.8,1019.3,0.0,12.64,16.95
2203,2017-09-02,14.6,1019.5,0.0,12.38,16.95
2204,2017-09-02,13.2,1019.3,0.0,11.8,16.95
2205,2017-09-03,12.1,1019.2,0.0,11.1,16.95
2206,2017-09-03,11.7,1018.9,0.0,10.924000000000001,15.7
2207,2017-09-03,10.9,1018.6,0.0,10.263,15.7
2208,2017-09-03,10.5,1018.1,0.0,9.93,15.7
2209,2017-09-03,10.3,1017.5,0.0,9.815,15.7
2210,2017-09-03,10.2,1017.2,0.0,9.71,15.7
2211,2017-09-03,11.7,1016.7,0.0,10.73,15.7
2212,2017-09-03,11.3,1016.3,0.0,10.196,15.7
2213,2017-09-03,11.5,1016.1,51.0,10.465,15.7
2214,2017-09-03,14.3,1015.8,234.0,12.698,15.7
2215,2017-09-03,16.1,1015.5,265.0,13.57,15.7
2216,2017-09-03,18.2,1015.2,401.0,14.546,15.7
2217,2017-09-03,19.8,1014.8,499.0,14.575999999999999,15.7
2218,2017-09-03,20.6,1014.3,673.0,15.604000000000001,15.7
2219,2017-09-03,21.4,1013.8,520.0,15.395999999999999,15.7
2220,2017-09-03,22.4,1013.2,487.0,15.412,15.7
2221,2017-09-03,21.4,1012.1,385.0,15.128,15.7
2222,2017-09-03,21.5,1011.4,316.0,15.22,15.7
2223,2017-09-03,20.8,1010.9,105.0,14.99,15.7
2224,2017-09-03,20.0,1010.8,51.0,15.0,15.7
2225,2017-09-03,19.1,1010.5,18.0,14.975,15.7
2226,2017-09-03,18.1,1010.9,0.0,14.668,15.7
2227,2017-09-03,16.7,1011.8,0.0,14.319,15.7
2228,2017-09-03,16.2,1011.7,0.0,13.672,15.7
2229,2017-09-04,16.0,1011.4,0.0,13.68,15.7
2230,2017-09-04,15.5,1011.2,0.0,13.78,17.3
2231,2017-09-04,15.7,1011.3,0.0,13.523,17.3
2232,2017-09-04,15.8,1011.0,0.0,13.952,17.3
2233,2017-09-04,15.8,1010.8,0.0,14.046,17.3
2234,2017-09-04,15.5,1010.8,0.0,13.78,17.3
2235,2017-09-04,15.2,1011.0,0.0,13.908,17.3
2236,2017-09-04,16.0,1010.5,0.0,14.38,17.3
2237,2017-09-04,16.3,1011.2,16.0,14.458,17.3
2238,2017-09-04,16.9,1011.9,56.0,14.770999999999999,17.3
2239,2017-09-04,18.0,1012.3,188.0,15.25,17.3
2240,2017-09-04,20.7,1012.8,404.0,16.052,17.3
2241,2017-09-04,22.2,1012.9,439.0,17.38,17.3
2242,2017-09-04,23.4,1013.1,858.0,18.227999999999998,17.3
2243,2017-09-04,24.3,1013.3,754.0,18.474,17.3
2244,2017-09-04,24.1,1013.4,765.0,18.538,17.3
2245,2017-09-04,24.7,1013.7,274.0,19.033,17.3
2246,2017-09-04,23.1,1013.8,199.0,18.438,17.3
2247,2017-09-04,23.6,1013.9,132.0,18.676,17.3
2248,2017-09-04,22.9,1014.2,102.0,18.64,17.3
2249,2017-09-04,22.0,1014.6,26.0,18.2,17.3
2250,2017-09-04,21.3,1015.2,0.0,17.948,17.3
2251,2017-09-04,20.9,1015.7,0.0,17.959,17.3
2252,2017-09-04,20.5,1015.9,0.0,18.1,17.3
2253,2017-09-05,20.2,1015.8,0.0,17.944000000000003,17.3
2254,2017-09-05,20.2,1016.1,0.0,17.944000000000003,17.5
2255,2017-09-05,20.0,1015.9,0.0,17.74,17.5
2256,2017-09-05,20.1,1015.7,0.0,17.842,17.5
2257,2017-09-05,20.0,1015.6,0.0,17.62,17.5
2258,2017-09-05,19.6,1015.4,0.0,17.644000000000002,17.5
2259,2017-09-05,19.4,1015.5,0.0,17.704,17.5
2260,2017-09-05,18.8,1015.4,0.0,17.49,17.5
2261,2017-09-05,18.0,1015.8,37.0,17.23,17.5
2262,2017-09-05,18.5,1015.9,19.0,17.58,17.5
2263,2017-09-05,18.5,1015.9,163.0,16.8,17.5
2264,2017-09-05,19.4,1016.2,163.0,17.134,17.5
2265,2017-09-05,18.6,1016.6,287.0,16.45,17.5
2266,2017-09-05,19.0,1016.8,135.0,16.72,17.5
2267,2017-09-05,20.0,1016.5,701.0,16.9,17.5
2268,2017-09-05,22.4,1015.8,239.0,18.18,17.5
2269,2017-09-05,21.8,1015.6,221.0,17.84,17.5
2270,2017-09-05,21.6,1015.5,100.0,17.864,17.5
2271,2017-09-05,21.8,1015.3,165.0,18.102,17.5
2272,2017-09-05,21.3,1015.4,53.0,17.948,17.5
2273,2017-09-05,21.0,1015.4,35.0,17.45,17.5
2274,2017-09-05,20.2,1015.9,0.0,16.944000000000003,17.5
2275,2017-09-05,19.5,1016.5,0.0,16.792,17.5
2276,2017-09-05,18.5,1016.4,0.0,16.47,17.5
2277,2017-09-06,18.5,1016.9,0.0,16.69,17.5
2278,2017-09-06,18.4,1017.3,0.0,16.27,18.85
2279,2017-09-06,17.3,1017.8,0.0,15.755,18.85
2280,2017-09-06,15.4,1018.4,0.0,14.632,18.85
2281,2017-09-06,15.2,1018.7,0.0,14.012,18.85
2282,2017-09-06,14.5,1018.8,0.0,13.14,18.85
2283,2017-09-06,13.8,1019.1,0.0,12.48,18.85
2284,2017-09-06,13.2,1019.5,0.0,12.12,18.85
2285,2017-09-06,12.8,1020.1,44.0,11.72,18.85
2286,2017-09-06,13.9,1020.4,244.0,12.42,18.85
2287,2017-09-06,15.3,1020.5,439.0,13.064,18.85
2288,2017-09-06,16.1,1020.7,485.0,13.335999999999999,18.85
2289,2017-09-06,17.1,1020.8,229.0,13.503,18.85
2290,2017-09-06,17.8,1020.5,345.0,13.788,18.85
2291,2017-09-06,18.8,1020.1,710.0,14.196,18.85
2292,2017-09-06,19.0,1019.9,288.0,13.92,18.85
2293,2017-09-06,17.9,1019.9,483.0,14.247,18.85
2294,2017-09-06,18.5,1019.3,316.0,13.98,18.85
2295,2017-09-06,18.0,1019.5,114.0,14.34,18.85
2296,2017-09-06,17.7,1019.6,44.0,14.307,18.85
2297,2017-09-06,17.2,1019.6,7.0,14.452,18.85
2298,2017-09-06,16.5,1020.1,0.0,14.105,18.85
2299,2017-09-06,15.5,1020.3,0.0,13.78,18.85
2300,2017-09-06,15.2,1020.2,0.0,13.492,18.85
2301,2017-09-07,15.0,1020.1,0.0,13.1,18.85
2302,2017-09-07,14.6,1020.1,0.0,12.864,18.75
2303,2017-09-07,14.5,1019.7,0.0,12.78,18.75
2304,2017-09-07,14.3,1019.2,0.0,12.784,18.75
2305,2017-09-07,14.2,1018.8,0.0,12.78,18.75
2306,2017-09-07,13.5,1018.4,0.0,12.26,18.75
2307,2017-09-07,12.5,1018.0,0.0,11.5,18.75
2308,2017-09-07,12.1,1018.1,0.0,11.3,18.75
2309,2017-09-07,12.2,1018.2,53.0,11.5,18.75
2310,2017-09-07,12.2,1018.3,69.0,11.4,18.75
2311,2017-09-07,12.9,1018.3,102.0,12.0,18.75
2312,2017-09-07,13.4,1018.1,102.0,12.5,18.75
2313,2017-09-07,14.9,1017.8,218.0,13.508,18.75
2314,2017-09-07,16.9,1017.1,380.0,14.414000000000001,18.75
2315,2017-09-07,19.5,1016.5,925.0,15.2,18.75
2316,2017-09-07,18.9,1016.0,355.0,14.267999999999999,18.75
2317,2017-09-07,19.2,1015.5,288.0,14.140999999999998,18.75
2318,2017-09-07,19.5,1015.1,534.0,14.06,18.75
2319,2017-09-07,19.2,1014.7,334.0,14.084000000000001,18.75
2320,2017-09-07,18.4,1014.5,47.0,13.908,18.75
2321,2017-09-07,17.8,1014.3,0.0,13.788,18.75
2322,2017-09-07,17.3,1014.4,0.0,13.562000000000001,18.75
2323,2017-09-07,16.8,1014.5,0.0,13.347999999999999,18.75
2324,2017-09-07,16.3,1014.3,0.0,13.1,18.75
2325,2017-09-08,16.1,1013.4,0.0,13.232999999999999,18.75
2326,2017-09-08,15.8,1012.7,0.0,13.072000000000001,16.7
2327,2017-09-08,15.5,1012.4,0.0,13.135,16.7
2328,2017-09-08,15.5,1011.6,0.0,13.345,16.7
2329,2017-09-08,15.2,1010.9,0.0,13.388,16.7
2330,2017-09-08,15.1,1010.2,0.0,13.4,16.7
2331,2017-09-08,15.0,1009.2,0.0,13.3,16.7
2332,2017-09-08,14.7,1009.0,0.0,13.23,16.7
2333,2017-09-08,14.8,1008.6,19.0,13.512,16.7
2334,2017-09-08,15.0,1008.1,76.0,14.0,16.7
2335,2017-09-08,15.3,1007.8,162.0,14.427,16.7
2336,2017-09-08,15.9,1007.6,111.0,14.872,16.7
2337,2017-09-08,17.4,1006.7,239.0,15.735999999999999,16.7
2338,2017-09-08,18.0,1005.8,320.0,15.69,16.7
2339,2017-09-08,18.1,1005.4,214.0,15.78,16.7
2340,2017-09-08,17.4,1004.8,302.0,16.048,16.7
2341,2017-09-08,18.7,1004.0,137.0,16.41,16.7
2342,2017-09-08,17.6,1002.9,91.0,16.116,16.7
2343,2017-09-08,17.7,1002.1,19.0,16.095,16.7
2344,2017-09-08,15.8,1002.0,11.0,15.064,16.7
2345,2017-09-08,15.8,1001.6,0.0,15.248,16.7
2346,2017-09-08,15.3,1000.9,0.0,14.815,16.7
2347,2017-09-08,15.0,1000.5,0.0,14.5,16.7
2348,2017-09-08,14.5,999.3,0.0,14.0,16.7
2349,2017-09-09,14.3,999.1,0.0,13.8,16.7
2350,2017-09-09,13.4,998.7,0.0,12.8,15.4
2351,2017-09-09,13.2,998.1,0.0,12.7,15.4
2352,2017-09-09,13.0,997.7,0.0,12.5,15.4
2353,2017-09-09,12.9,997.4,0.0,12.4,15.4
2354,2017-09-09,13.1,997.3,0.0,12.7,15.4
2355,2017-09-09,12.8,997.3,0.0,12.3,15.4
2356,2017-09-09,12.8,997.5,0.0,12.2,15.4
2357,2017-09-09,12.7,997.7,28.0,12.2,15.4
2358,2017-09-09,13.2,998.2,241.0,12.5,15.4
2359,2017-09-09,13.6,998.6,153.0,12.52,15.4
2360,2017-09-09,14.9,999.1,223.0,13.116,15.4
2361,2017-09-09,15.3,999.4,200.0,13.376,15.4
2362,2017-09-09,13.9,999.2,777.0,12.58,15.4
2363,2017-09-09,15.6,998.9,870.0,14.22,15.4
2364,2017-09-09,15.5,999.1,102.0,13.434000000000001,15.4
2365,2017-09-09,13.5,999.5,230.0,12.34,15.4
2366,2017-09-09,15.5,999.7,480.0,13.24,15.4
2367,2017-09-09,15.2,999.8,352.0,13.294,15.4
2368,2017-09-09,15.0,1000.1,109.0,13.4,15.4
2369,2017-09-09,14.2,1000.5,14.0,12.696,15.4
2370,2017-09-09,13.0,1001.1,0.0,11.28,15.4
2371,2017-09-09,12.3,1001.8,0.0,11.06,15.4
2372,2017-09-09,11.7,1002.1,0.0,10.564,15.4
2373,2017-09-10,11.1,1002.6,0.0,10.28,15.4
2374,2017-09-10,10.7,1002.5,0.0,9.863,15.65
2375,2017-09-10,10.4,1002.7,0.0,9.632,15.65
2376,2017-09-10,10.3,1003.3,0.0,9.621,15.65
2377,2017-09-10,9.9,1003.6,0.0,9.312000000000001,15.65
2378,2017-09-10,9.8,1003.8,0.0,9.32,15.65
2379,2017-09-10,9.7,1004.3,0.0,9.324,15.65
2380,2017-09-10,9.4,1004.4,0.0,9.048,15.65
2381,2017-09-10,9.3,1004.9,35.0,9.042,15.65
2382,2017-09-10,10.4,1005.6,97.0,10.112,15.65
2383,2017-09-10,11.0,1005.9,190.0,10.73,15.65
2384,2017-09-10,12.5,1006.1,239.0,12.1,15.65
2385,2017-09-10,15.8,1006.1,369.0,13.952,15.65
2386,2017-09-10,17.3,1005.7,313.0,14.421,15.65
2387,2017-09-10,18.3,1005.2,234.0,15.3,15.65
2388,2017-09-10,18.8,1005.0,265.0,15.012,15.65
2389,2017-09-10,16.6,1004.6,111.0,14.668,15.65
2390,2017-09-10,19.4,1003.5,374.0,14.927999999999999,15.65
2391,2017-09-10,18.0,1003.1,132.0,14.58,15.65
2392,2017-09-10,18.3,1002.4,83.0,14.844000000000001,15.65
2393,2017-09-10,17.4,1001.6,5.0,14.276,15.65
2394,2017-09-10,16.9,1001.2,0.0,13.819,15.65
2395,2017-09-10,16.3,1000.9,0.0,13.439,15.65
2396,2017-09-10,16.1,1000.1,0.0,13.565999999999999,15.65
2397,2017-09-11,14.7,999.8,0.0,13.324000000000002,15.65
2398,2017-09-11,14.1,998.9,0.0,13.3,15.2
2399,2017-09-11,13.8,999.1,0.0,13.2,15.2
2400,2017-09-11,13.7,999.1,0.0,13.1,15.2
2401,2017-09-11,12.2,999.3,0.0,11.4,15.2
2402,2017-09-11,12.2,999.3,0.0,11.4,15.2
2403,2017-09-11,11.5,999.3,0.0,10.93,15.2
2404,2017-09-11,11.5,999.5,0.0,10.835,15.2
2405,2017-09-11,11.4,1000.0,44.0,10.648,15.2
2406,2017-09-11,12.7,1000.1,137.0,11.62,15.2
2407,2017-09-11,13.2,1000.7,260.0,11.72,15.2
2408,2017-09-11,14.4,1000.8,613.0,12.22,15.2
2409,2017-09-11,14.8,1001.0,193.0,11.94,15.2
2410,2017-09-11,16.2,1000.9,684.0,12.544,15.2
2411,2017-09-11,16.1,1001.1,223.0,12.116,15.2
2412,2017-09-11,16.2,1001.3,332.0,12.315999999999999,15.2
2413,2017-09-11,16.4,1001.4,90.0,12.61,15.2
2414,2017-09-11,16.8,1001.5,216.0,12.97,15.2
2415,2017-09-11,16.9,1001.7,199.0,12.675999999999998,15.2
2416,2017-09-11,17.4,1001.5,46.0,13.152000000000001,15.2
2417,2017-09-11,15.5,1002.2,12.0,12.4,15.2
2418,2017-09-11,14.3,1003.0,0.0,12.24,15.2
2419,2017-09-11,13.2,1003.7,0.0,11.88,15.2
2420,2017-09-11,12.8,1004.1,0.0,11.72,15.2
2421,2017-09-12,12.3,1004.3,0.0,11.3,15.2
2422,2017-09-12,12.0,1004.5,0.0,11.1,13.4
2423,2017-09-12,11.8,1004.9,0.0,11.015999999999998,13.4
2424,2017-09-12,11.6,1005.3,0.0,10.735999999999999,13.4
2425,2017-09-12,11.4,1005.7,0.0,10.648,13.4
2426,2017-09-12,11.1,1006.0,0.0,10.372,13.4
2427,2017-09-12,10.8,1006.3,0.0,10.156,13.4
2428,2017-09-12,10.9,1006.9,0.0,10.263,13.4
2429,2017-09-12,11.1,1007.8,37.0,10.463,13.4
2430,2017-09-12,11.8,1008.3,128.0,11.009,13.4
2431,2017-09-12,13.0,1009.1,165.0,11.76,13.4
2432,2017-09-12,14.2,1009.7,385.0,12.36,13.4
2433,2017-09-12,15.9,1010.2,230.0,13.047,13.4
2434,2017-09-12,16.2,1010.5,817.0,12.772,13.4
2435,2017-09-12,17.4,1010.7,283.0,13.152000000000001,13.4
2436,2017-09-12,17.5,1010.6,258.0,13.375,13.4
2437,2017-09-12,15.4,1011.5,113.0,13.45,13.4
2438,2017-09-12,16.3,1011.3,239.0,14.117,13.4
2439,2017-09-12,17.1,1010.9,105.0,13.374,13.4
2440,2017-09-12,16.4,1011.1,90.0,13.314,13.4
2441,2017-09-12,15.8,1011.1,11.0,12.192,13.4
2442,2017-09-12,15.2,1010.6,0.0,12.262,13.4
2443,2017-09-12,14.5,1010.5,0.0,12.1,13.4
2444,2017-09-12,14.5,1009.9,0.0,12.3,13.4
2445,2017-09-13,14.8,1009.1,0.0,12.24,13.4
2446,2017-09-13,14.4,1007.8,0.0,12.42,14.85
2447,2017-09-13,14.1,1006.8,0.0,12.444,14.85
2448,2017-09-13,14.5,1005.8,0.0,12.87,14.85
2449,2017-09-13,15.2,1005.0,0.0,13.908,14.85
2450,2017-09-13,14.9,1004.3,0.0,14.2,14.85
2451,2017-09-13,15.4,1004.2,0.0,14.824000000000002,14.85
2452,2017-09-13,15.8,1004.2,0.0,15.34,14.85
2453,2017-09-13,16.5,1004.8,12.0,15.74,14.85
2454,2017-09-13,16.7,1005.7,118.0,14.988,14.85
2455,2017-09-13,16.9,1006.3,174.0,14.992,14.85
2456,2017-09-13,17.5,1006.9,86.0,15.505,14.85
2457,2017-09-13,16.4,1007.3,120.0,14.9,14.85
2458,2017-09-13,15.3,1007.6,98.0,14.620999999999999,14.85
2459,2017-09-13,15.0,1007.6,105.0,14.5,14.85
2460,2017-09-13,15.1,1007.1,58.0,14.704,14.85
2461,2017-09-13,14.1,1007.0,47.0,13.7,14.85
2462,2017-09-13,13.5,1006.6,104.0,13.1,14.85
2463,2017-09-13,13.3,1005.8,44.0,12.9,14.85
2464,2017-09-13,12.4,1005.4,14.0,12.0,14.85
2465,2017-09-13,11.8,1005.2,0.0,11.505999999999998,14.85
2466,2017-09-13,12.4,1005.5,0.0,12.1,14.85
2467,2017-09-13,12.8,1005.7,0.0,12.5,14.85
2468,2017-09-13,12.7,1005.5,0.0,12.4,14.85
2469,2017-09-14,12.7,1005.5,0.0,12.3,14.85
2470,2017-09-14,12.2,1004.9,0.0,11.8,14.35
2471,2017-09-14,11.8,1005.1,0.0,11.31,14.35
2472,2017-09-14,11.6,1004.9,0.0,11.025,14.35
2473,2017-09-14,11.2,1005.0,0.0,10.74,14.35
2474,2017-09-14,10.9,1005.1,0.0,10.445,14.35
2475,2017-09-14,11.0,1005.2,0.0,10.19,14.35
2476,2017-09-14,11.1,1005.5,0.0,10.372,14.35
2477,2017-09-14,10.7,1006.4,28.0,9.335,14.35
2478,2017-09-14,10.9,1006.6,230.0,9.812000000000001,14.35
2479,2017-09-14,11.6,1007.9,436.0,10.052,14.35
2480,2017-09-14,11.9,1009.7,255.0,9.902000000000001,14.35
2481,2017-09-14,12.7,1010.8,457.0,10.793,14.35
2482,2017-09-14,13.6,1011.7,907.0,10.76,14.35
2483,2017-09-14,14.4,1012.2,190.0,11.04,14.35
2484,2017-09-14,14.2,1012.9,475.0,12.444,14.35
2485,2017-09-14,14.9,1013.2,204.0,11.92,14.35
2486,2017-09-14,15.0,1013.6,564.0,12.3,14.35
2487,2017-09-14,13.5,1013.6,163.0,11.94,14.35
2488,2017-09-14,13.5,1013.7,35.0,11.7,14.35
2489,2017-09-14,12.6,1014.1,7.0,11.36,14.35
2490,2017-09-14,11.9,1014.9,0.0,10.829,14.35
2491,2017-09-14,11.7,1015.1,0.0,10.647,14.35
2492,2017-09-14,11.4,1015.0,0.0,10.37,14.35
2493,2017-09-15,10.9,1014.9,0.0,10.081,14.35
2494,2017-09-15,10.7,1014.6,0.0,9.956,13.75
2495,2017-09-15,10.8,1014.3,0.0,10.064,13.75
2496,2017-09-15,10.6,1013.8,0.0,9.942,13.75
2497,2017-09-15,9.9,1013.4,0.0,9.312000000000001,13.75
2498,2017-09-15,9.5,1013.2,0.0,9.05,13.75
2499,2017-09-15,9.4,1013.3,0.0,8.96,13.75
2500,2017-09-15,8.7,1012.8,0.0,8.3,13.75
2501,2017-09-15,8.4,1012.8,33.0,8.0,13.75
2502,2017-09-15,9.3,1012.8,299.0,8.783999999999999,13.75
2503,2017-09-15,10.7,1013.3,415.0,9.596,13.75
2504,2017-09-15,12.2,1013.4,570.0,10.64,13.75
2505,2017-09-15,13.4,1013.2,761.0,11.175,13.75
2506,2017-09-15,14.0,1012.8,297.0,10.72,13.75
2507,2017-09-15,14.5,1012.2,352.0,10.52,13.75
2508,2017-09-15,15.2,1011.8,715.0,10.74,13.75
2509,2017-09-15,14.2,1011.7,130.0,10.76,13.75
2510,2017-09-15,15.0,1011.3,527.0,11.44,13.75
2511,2017-09-15,15.5,1011.1,137.0,11.34,13.75
2512,2017-09-15,13.1,1011.5,56.0,10.21,13.75
2513,2017-09-15,12.6,1011.4,7.0,9.846,13.75
2514,2017-09-15,11.4,1011.8,0.0,9.506,13.75
2515,2017-09-15,10.9,1011.8,0.0,9.367,13.75
2516,2017-09-15,11.0,1011.8,0.0,9.567,13.75
2517,2017-09-16,10.3,1011.7,0.0,9.081,13.75
2518,2017-09-16,9.6,1011.6,0.0,8.683,13.4
2519,2017-09-16,8.6,1011.5,0.0,7.96,13.4
2520,2017-09-16,8.4,1011.2,0.0,7.84,13.4
2521,2017-09-16,7.9,1010.8,0.0,7.332999999999999,13.4
2522,2017-09-16,7.6,1010.5,0.0,7.096,13.4
2523,2017-09-16,7.8,1010.3,0.0,7.308,13.4
2524,2017-09-16,7.6,1010.2,0.0,7.0120000000000005,13.4
2525,2017-09-16,6.9,1010.3,37.0,6.3660000000000005,13.4
2526,2017-09-16,9.2,1010.4,211.0,8.527999999999999,13.4
2527,2017-09-16,12.6,1010.8,250.0,11.12,13.4
2528,2017-09-16,14.1,1011.0,631.0,11.9,13.4
2529,2017-09-16,15.0,1010.7,188.0,12.1,13.4
2530,2017-09-16,11.4,1010.8,105.0,9.943999999999999,13.4
2531,2017-09-16,12.9,1010.5,336.0,11.5,13.4
2532,2017-09-16,13.8,1010.2,144.0,11.592,13.4
2533,2017-09-16,13.7,1010.0,636.0,11.694,13.4
2534,2017-09-16,14.8,1009.7,483.0,11.6,13.4
2535,2017-09-16,14.5,1009.6,125.0,10.64,13.4
2536,2017-09-16,15.0,1009.8,76.0,10.92,13.4
2537,2017-09-16,14.1,1010.1,0.0,11.96,13.4
2538,2017-09-16,12.7,1010.4,0.0,11.06,13.4
2539,2017-09-16,11.5,1010.9,0.0,10.55,13.4
2540,2017-09-16,11.6,1010.8,0.0,10.472000000000001,13.4
2541,2017-09-17,10.2,1010.9,0.0,9.416,13.4
2542,2017-09-17,10.2,1010.9,0.0,9.416,12.15
2543,2017-09-17,10.6,1010.7,0.0,9.942,12.15
2544,2017-09-17,10.7,1010.5,0.0,10.064,12.15
2545,2017-09-17,10.2,1010.4,0.0,9.524,12.15
2546,2017-09-17,9.6,1010.2,0.0,8.96,12.15
2547,2017-09-17,9.6,1010.2,0.0,9.14,12.15
2548,2017-09-17,9.4,1010.4,0.0,8.96,12.15
2549,2017-09-17,9.5,1010.8,12.0,9.05,12.15
2550,2017-09-17,11.1,1011.2,81.0,10.372,12.15
2551,2017-09-17,11.2,1011.5,272.0,10.372,12.15
2552,2017-09-17,14.0,1011.6,577.0,12.26,12.15
2553,2017-09-17,13.5,1011.5,573.0,11.7,12.15
2554,2017-09-17,17.0,1011.4,733.0,13.15,12.15
2555,2017-09-17,15.5,1011.3,821.0,11.94,12.15
2556,2017-09-17,16.7,1010.9,853.0,12.755999999999998,12.15
2557,2017-09-17,16.8,1010.8,230.0,12.97,12.15
2558,2017-09-17,17.3,1011.2,253.0,12.677,12.15
2559,2017-09-17,11.4,1011.9,16.0,10.116,12.15
2560,2017-09-17,11.3,1012.1,35.0,10.556,12.15
2561,2017-09-17,11.8,1012.5,5.0,10.918,12.15
2562,2017-09-17,10.7,1013.6,0.0,10.049,12.15
2563,2017-09-17,10.1,1014.0,0.0,9.605,12.15
2564,2017-09-17,9.7,1014.2,0.0,9.23,12.15
2565,2017-09-18,9.7,1014.5,0.0,9.23,12.15
2566,2017-09-18,9.2,1014.6,0.0,8.78,12.15
2567,2017-09-18,9.0,1014.7,0.0,8.68,12.15
2568,2017-09-18,9.0,1014.8,0.0,8.68,12.15
2569,2017-09-18,8.7,1014.8,0.0,8.38,12.15
2570,2017-09-18,8.5,1014.8,0.0,8.26,12.15
2571,2017-09-18,8.6,1014.8,0.0,8.36,12.15
2572,2017-09-18,8.2,1015.1,0.0,7.88,12.15
2573,2017-09-18,7.9,1015.5,25.0,7.657,12.15
2574,2017-09-18,9.1,1015.5,193.0,8.854,12.15
2575,2017-09-18,11.0,1015.8,417.0,10.37,12.15
2576,2017-09-18,12.5,1015.9,478.0,11.26,12.15
2577,2017-09-18,13.5,1016.0,223.0,11.94,12.15
2578,2017-09-18,14.9,1016.0,842.0,12.52,12.15
2579,2017-09-18,16.3,1015.7,803.0,12.868,12.15
2580,2017-09-18,15.9,1015.6,120.0,12.72,12.15
2581,2017-09-18,11.7,1016.2,60.0,10.481,12.15
2582,2017-09-18,14.2,1016.4,466.0,12.527999999999999,12.15
2583,2017-09-18,14.5,1016.2,244.0,12.6,12.15
2584,2017-09-18,14.4,1016.7,90.0,12.696,12.15
2585,2017-09-18,11.4,1017.1,0.0,10.288,12.15
2586,2017-09-18,11.5,1017.5,0.0,10.835,12.15
2587,2017-09-18,11.4,1018.2,0.0,10.835999999999999,12.15
2588,2017-09-18,11.3,1018.2,0.0,10.649000000000001,12.15
2589,2017-09-19,10.7,1018.3,0.0,10.142000000000001,12.15
2590,2017-09-19,10.4,1018.1,0.0,9.824,13.25
2591,2017-09-19,10.3,1018.1,0.0,9.815,13.25
2592,2017-09-19,10.3,1018.1,0.0,9.815,13.25
2593,2017-09-19,10.3,1018.1,0.0,9.815,13.25
2594,2017-09-19,10.4,1017.9,0.0,9.92,13.25
2595,2017-09-19,10.2,1017.7,0.0,9.71,13.25
2596,2017-09-19,10.1,1018.0,0.0,9.704,13.25
2597,2017-09-19,10.0,1018.3,12.0,9.6,13.25
2598,2017-09-19,9.9,1018.6,56.0,9.508,13.25
2599,2017-09-19,10.2,1018.8,90.0,9.808,13.25
2600,2017-09-19,10.6,1019.4,163.0,10.13,13.25
2601,2017-09-19,11.5,1019.9,294.0,10.835,13.25
2602,2017-09-19,13.0,1020.5,130.0,11.44,13.25
2603,2017-09-19,13.1,1020.3,758.0,11.7,13.25
2604,2017-09-19,14.2,1020.3,693.0,11.88,13.25
2605,2017-09-19,15.5,1020.5,575.0,12.4,13.25
2606,2017-09-19,16.0,1020.1,478.0,12.498,13.25
2607,2017-09-19,15.7,1020.3,118.0,12.447000000000001,13.25
2608,2017-09-19,15.0,1020.9,51.0,12.1,13.25
2609,2017-09-19,14.6,1021.4,0.0,11.88,13.25
2610,2017-09-19,13.5,1021.9,0.0,11.49,13.25
2611,2017-09-19,12.3,1022.3,0.0,10.74,13.25
2612,2017-09-19,11.4,1022.5,0.0,10.116,13.25
2613,2017-09-20,9.8,1022.3,0.0,8.936,13.25
2614,2017-09-20,9.3,1022.4,0.0,8.698,11.95
2615,2017-09-20,9.3,1022.4,0.0,8.783999999999999,11.95
2616,2017-09-20,8.2,1022.4,0.0,7.72,11.95
2617,2017-09-20,7.2,1022.4,0.0,6.865,11.95
2618,2017-09-20,6.8,1022.1,0.0,6.36,11.95
2619,2017-09-20,6.4,1022.0,0.0,6.064,11.95
2620,2017-09-20,6.2,1022.0,0.0,5.954,11.95
2621,2017-09-20,7.4,1021.9,21.0,7.056,11.95
2622,2017-09-20,10.3,1021.8,207.0,9.808,11.95
2623,2017-09-20,13.1,1021.9,301.0,11.68,11.95
2624,2017-09-20,16.2,1021.8,568.0,13.224,11.95
2625,2017-09-20,15.4,1021.7,715.0,12.735999999999999,11.95
2626,2017-09-20,16.9,1021.1,763.0,12.804,11.95
2627,2017-09-20,16.8,1020.7,367.0,12.1,11.95
2628,2017-09-20,16.8,1020.4,251.0,12.718,11.95
2629,2017-09-20,16.8,1020.2,253.0,12.718,11.95
2630,2017-09-20,16.9,1020.1,248.0,12.675999999999998,11.95
2631,2017-09-20,18.4,1019.8,285.0,13.645999999999999,11.95
2632,2017-09-20,18.0,1019.5,44.0,13.74,11.95
2633,2017-09-20,15.9,1019.4,0.0,12.829,11.95
2634,2017-09-20,13.2,1019.4,0.0,11.66,11.95
2635,2017-09-20,12.3,1019.2,0.0,10.9,11.95
2636,2017-09-20,10.9,1019.1,0.0,9.972000000000001,11.95
2637,2017-09-21,10.6,1019.0,0.0,9.942,11.95
2638,2017-09-21,10.1,1018.8,0.0,9.416,14.2
2639,2017-09-21,9.7,1018.8,0.0,9.136000000000001,14.2
2640,2017-09-21,9.4,1018.7,0.0,8.96,14.2
2641,2017-09-21,9.1,1018.5,0.0,8.69,14.2
2642,2017-09-21,10.6,1018.2,0.0,9.754,14.2
2643,2017-09-21,10.4,1017.9,0.0,9.356,14.2
2644,2017-09-21,10.1,1017.9,0.0,9.209,14.2
2645,2017-09-21,10.1,1017.9,23.0,9.1,14.2
2646,2017-09-21,11.4,1017.7,167.0,10.202,14.2
2647,2017-09-21,14.2,1017.8,396.0,12.26,14.2
2648,2017-09-21,16.8,1017.6,434.0,13.222000000000001,14.2
2649,2017-09-21,19.2,1017.5,671.0,14.084000000000001,14.2
2650,2017-09-21,19.4,1016.8,694.0,14.248,14.2
2651,2017-09-21,20.7,1016.6,710.0,14.44,14.2
2652,2017-09-21,20.6,1015.9,589.0,14.18,14.2
2653,2017-09-21,20.5,1015.6,512.0,14.23,14.2
2654,2017-09-21,21.0,1015.3,394.0,14.5,14.2
2655,2017-09-21,20.7,1015.4,267.0,14.26,14.2
2656,2017-09-21,20.3,1015.7,49.0,14.07,14.2
2657,2017-09-21,18.1,1016.2,0.0,13.814,14.2
2658,2017-09-21,15.6,1016.8,0.0,13.01,14.2
2659,2017-09-21,13.3,1017.0,0.0,11.9,14.2
2660,2017-09-21,12.6,1017.3,0.0,11.54,14.2
2661,2017-09-22,11.8,1017.4,0.0,10.918,14.2
2662,2017-09-22,11.4,1017.5,0.0,10.648,13.7
2663,2017-09-22,12.4,1017.9,0.0,11.16,13.7
2664,2017-09-22,12.8,1018.1,0.0,11.9,13.7
2665,2017-09-22,13.2,1018.1,0.0,12.6,13.7
2666,2017-09-22,13.7,1018.4,0.0,13.2,13.7
2667,2017-09-22,13.7,1018.3,0.0,13.2,13.7
2668,2017-09-22,13.5,1018.5,0.0,13.0,13.7
2669,2017-09-22,13.5,1019.1,0.0,12.9,13.7
2670,2017-09-22,13.5,1019.3,60.0,12.9,13.7
2671,2017-09-22,13.6,1019.7,90.0,13.0,13.7
2672,2017-09-22,14.2,1020.0,167.0,13.4,13.7
2673,2017-09-22,15.2,1020.2,172.0,13.908,13.7
2674,2017-09-22,15.8,1020.5,339.0,14.085999999999999,13.7
2675,2017-09-22,16.2,1020.6,346.0,14.235999999999999,13.7
2676,2017-09-22,17.6,1020.3,691.0,14.43,13.7
2677,2017-09-22,18.3,1020.4,566.0,13.444,13.7
2678,2017-09-22,19.0,1020.0,425.0,13.64,13.7
2679,2017-09-22,19.1,1020.0,239.0,12.89,13.7
2680,2017-09-22,18.1,1020.4,23.0,12.847999999999999,13.7
2681,2017-09-22,16.2,1021.0,0.0,11.7,13.7
2682,2017-09-22,13.8,1021.6,0.0,11.184000000000001,13.7
2683,2017-09-22,12.8,1022.1,0.0,10.568,13.7
2684,2017-09-22,11.9,1022.4,0.0,10.1,13.7
2685,2017-09-23,11.7,1022.4,0.0,9.982999999999999,13.7
2686,2017-09-23,11.2,1022.6,0.0,9.84,14.2
2687,2017-09-23,10.5,1022.6,0.0,9.38,14.2
2688,2017-09-23,10.1,1022.7,0.0,9.209,14.2
2689,2017-09-23,9.9,1022.3,0.0,8.92,14.2
2690,2017-09-23,8.9,1022.3,0.0,8.42,14.2
2691,2017-09-23,9.6,1021.9,0.0,9.14,14.2
2692,2017-09-23,9.4,1021.8,0.0,8.872,14.2
2693,2017-09-23,8.8,1022.0,18.0,8.32,14.2
2694,2017-09-23,10.4,1021.7,134.0,9.815,14.2
2695,2017-09-23,14.8,1021.8,283.0,13.042,14.2
2696,2017-09-23,16.4,1021.8,510.0,13.655999999999999,14.2
2697,2017-09-23,17.2,1021.8,274.0,14.687999999999999,14.2
2698,2017-09-23,19.0,1021.6,710.0,14.82,14.2
2699,2017-09-23,18.7,1021.0,541.0,14.124,14.2
2700,2017-09-23,19.4,1020.7,330.0,14.52,14.2
2701,2017-09-23,19.6,1020.0,594.0,14.01,14.2
2702,2017-09-23,19.8,1019.5,406.0,14.444,14.2
2703,2017-09-23,19.6,1019.1,239.0,14.277999999999999,14.2
2704,2017-09-23,18.7,1019.1,42.0,14.392000000000001,14.2
2705,2017-09-23,17.7,1019.2,0.0,14.154000000000002,14.2
2706,2017-09-23,17.3,1019.5,0.0,14.07,14.2
2707,2017-09-23,15.3,1019.6,0.0,12.960999999999999,14.2
2708,2017-09-23,14.0,1019.6,0.0,12.36,14.2
2709,2017-09-24,13.6,1019.5,0.0,11.96,14.2
2710,2017-09-24,13.8,1019.2,0.0,12.08,15.7
2711,2017-09-24,12.2,1019.3,0.0,10.88,15.7
2712,2017-09-24,11.4,1019.3,0.0,10.648,15.7
2713,2017-09-24,11.6,1019.0,0.0,10.74,15.7
2714,2017-09-24,12.2,1018.8,0.0,11.04,15.7
2715,2017-09-24,12.8,1018.5,0.0,11.48,15.7
2716,2017-09-24,12.4,1018.6,0.0,11.22,15.7
2717,2017-09-24,12.0,1018.8,9.0,10.94,15.7
2718,2017-09-24,13.3,1018.7,188.0,12.06,15.7
2719,2017-09-24,15.5,1019.3,367.0,13.67,15.7
2720,2017-09-24,17.7,1019.2,526.0,14.91,15.7
2721,2017-09-24,19.3,1019.1,631.0,15.399000000000001,15.7
2722,2017-09-24,20.2,1018.8,684.0,15.367,15.7
2723,2017-09-24,21.0,1018.3,689.0,14.5,15.7
2724,2017-09-24,21.7,1018.0,628.0,14.835999999999999,15.7
2725,2017-09-24,22.3,1017.7,464.0,15.027999999999999,15.7
2726,2017-09-24,22.1,1017.6,471.0,14.876,15.7
2727,2017-09-24,22.2,1017.5,148.0,15.104000000000001,15.7
2728,2017-09-24,20.5,1017.6,35.0,15.01,15.7
2729,2017-09-24,18.9,1017.5,0.0,14.405999999999999,15.7
2730,2017-09-24,18.2,1017.5,0.0,14.136,15.7
2731,2017-09-24,17.8,1017.6,0.0,14.276,15.7
2732,2017-09-24,17.6,1017.8,0.0,14.25,15.7
2733,2017-09-25,17.3,1017.7,0.0,13.943,15.7
2734,2017-09-25,16.6,1017.3,0.0,13.748,15.65
2735,2017-09-25,16.4,1017.1,0.0,13.655999999999999,15.65
2736,2017-09-25,16.4,1016.7,0.0,13.655999999999999,15.65
2737,2017-09-25,15.9,1016.4,0.0,13.374,15.65
2738,2017-09-25,15.5,1015.9,0.0,13.135,15.65
2739,2017-09-25,15.2,1015.6,0.0,13.078,15.65
2740,2017-09-25,14.9,1015.3,0.0,12.92,15.65
2741,2017-09-25,15.2,1015.9,14.0,12.975999999999999,15.65
2742,2017-09-25,15.3,1016.0,42.0,13.27,15.65
2743,2017-09-25,15.7,1016.0,125.0,13.415999999999999,15.65
2744,2017-09-25,17.1,1016.1,195.0,14.247,15.65
2745,2017-09-25,18.1,1016.1,343.0,14.9,15.65
2746,2017-09-25,18.0,1015.7,585.0,14.832,15.65
2747,2017-09-25,20.2,1015.7,239.0,16.055999999999997,15.65
2748,2017-09-25,20.5,1015.8,297.0,16.275,15.65
2749,2017-09-25,21.0,1015.6,408.0,16.64,15.65
2750,2017-09-25,19.9,1015.8,221.0,16.349,15.65
2751,2017-09-25,19.9,1015.9,192.0,16.468,15.65
2752,2017-09-25,19.3,1016.3,39.0,16.262,15.65
2753,2017-09-25,17.6,1016.7,0.0,16.01,15.65
2754,2017-09-25,17.3,1017.1,0.0,16.064,15.65
2755,2017-09-25,17.4,1017.4,0.0,16.152,15.65
2756,2017-09-25,16.9,1017.6,0.0,16.009,15.65
2757,2017-09-26,16.5,1017.7,0.0,15.74,15.65
2758,2017-09-26,16.2,1017.9,0.0,15.464,16.0
2759,2017-09-26,15.7,1017.9,0.0,15.049000000000001,16.0
2760,2017-09-26,15.5,1017.8,0.0,15.025,16.0
2761,2017-09-26,15.4,1017.6,0.0,14.92,16.0
2762,2017-09-26,15.2,1018.0,0.0,14.71,16.0
2763,2017-09-26,15.0,1018.1,0.0,14.4,16.0
2764,2017-09-26,14.9,1018.2,0.0,14.2,16.0
2765,2017-09-26,14.7,1018.4,0.0,14.2,16.0
2766,2017-09-26,15.0,1019.1,18.0,14.5,16.0
2767,2017-09-26,14.9,1019.3,69.0,14.5,16.0
2768,2017-09-26,15.8,1019.5,202.0,14.972000000000001,16.0
2769,2017-09-26,17.0,1019.6,265.0,15.7,16.0
2770,2017-09-26,19.5,1019.6,722.0,16.41,16.0
2771,2017-09-26,18.2,1019.5,301.0,15.98,16.0
2772,2017-09-26,19.8,1019.0,543.0,16.632,16.0
2773,2017-09-26,20.3,1019.0,269.0,15.875,16.0
2774,2017-09-26,20.9,1019.0,359.0,15.962,16.0
2775,2017-09-26,20.7,1019.1,190.0,16.1,16.0
2776,2017-09-26,19.7,1019.3,23.0,16.09,16.0
2777,2017-09-26,18.3,1019.8,0.0,15.63,16.0
2778,2017-09-26,16.8,1020.2,0.0,14.988,16.0
2779,2017-09-26,15.5,1020.4,0.0,14.33,16.0
2780,2017-09-26,15.2,1020.4,0.0,13.908,16.0
2781,2017-09-27,13.8,1020.4,0.0,12.9,16.0
2782,2017-09-27,13.1,1020.2,0.0,12.4,18.05
2783,2017-09-27,12.8,1020.1,0.0,12.1,18.05
2784,2017-09-27,12.8,1020.0,0.0,12.3,18.05
2785,2017-09-27,12.4,1019.9,0.0,11.9,18.05
2786,2017-09-27,12.4,1019.9,0.0,12.1,18.05
2787,2017-09-27,12.7,1019.8,0.0,12.3,18.05
2788,2017-09-27,12.3,1019.6,0.0,11.9,18.05
2789,2017-09-27,12.3,1020.0,14.0,12.0,18.05
2790,2017-09-27,12.9,1020.0,58.0,12.7,18.05
2791,2017-09-27,13.5,1020.0,153.0,13.2,18.05
2792,2017-09-27,14.7,1020.2,149.0,14.4,18.05
2793,2017-09-27,16.0,1019.9,120.0,15.19,18.05
2794,2017-09-27,16.0,1019.9,171.0,15.1,18.05
2795,2017-09-27,17.2,1019.3,483.0,15.568,18.05
2796,2017-09-27,19.3,1018.8,645.0,16.375,18.05
2797,2017-09-27,20.2,1018.5,308.0,16.44,18.05
2798,2017-09-27,20.0,1018.1,199.0,16.54,18.05
2799,2017-09-27,20.4,1017.9,156.0,16.844,18.05
2800,2017-09-27,19.8,1018.0,33.0,16.75,18.05
2801,2017-09-27,18.4,1018.3,0.0,16.16,18.05
2802,2017-09-27,17.2,1018.3,0.0,15.67,18.05
2803,2017-09-27,17.0,1018.6,0.0,15.5,18.05
2804,2017-09-27,15.9,1019.0,0.0,14.754000000000001,18.05
2805,2017-09-28,15.4,1019.0,0.0,14.536,18.05
2806,2017-09-28,15.3,1018.8,0.0,14.524000000000001,17.1
2807,2017-09-28,15.5,1018.3,0.0,14.645,17.1
2808,2017-09-28,17.1,1018.2,0.0,15.585,17.1
2809,2017-09-28,15.7,1018.7,0.0,14.655999999999999,17.1
2810,2017-09-28,15.5,1018.8,0.0,14.55,17.1
2811,2017-09-28,15.5,1019.2,0.0,14.55,17.1
2812,2017-09-28,15.8,1019.2,0.0,14.972000000000001,17.1
2813,2017-09-28,15.5,1019.5,5.0,14.645,17.1
2814,2017-09-28,16.2,1020.1,54.0,15.164000000000001,17.1
2815,2017-09-28,17.3,1020.1,155.0,15.652000000000001,17.1
2816,2017-09-28,18.2,1020.4,148.0,16.31,17.1
2817,2017-09-28,19.0,1020.3,232.0,16.48,17.1
2818,2017-09-28,19.8,1020.4,193.0,16.868,17.1
2819,2017-09-28,18.7,1020.6,121.0,16.76,17.1
2820,2017-09-28,19.7,1020.3,181.0,16.792,17.1
2821,2017-09-28,20.2,1020.3,237.0,17.574,17.1
2822,2017-09-28,21.4,1020.0,318.0,17.224,17.1
2823,2017-09-28,20.7,1020.2,74.0,17.354,17.1
2824,2017-09-28,19.9,1020.3,26.0,17.301,17.1
2825,2017-09-28,18.8,1020.3,0.0,16.96,17.1
2826,2017-09-28,18.5,1020.6,0.0,16.91,17.1
2827,2017-09-28,18.5,1020.5,0.0,16.8,17.1
2828,2017-09-28,18.2,1020.5,0.0,16.64,17.1
2829,2017-09-29,17.8,1020.1,0.0,16.396,17.1
2830,2017-09-29,17.2,1020.0,0.0,15.975999999999999,16.7
2831,2017-09-29,16.9,1019.8,0.0,15.706,16.7
2832,2017-09-29,16.1,1019.6,0.0,15.280999999999999,16.7
2833,2017-09-29,16.0,1019.2,0.0,15.1,16.7
2834,2017-09-29,16.0,1018.6,0.0,15.1,16.7
2835,2017-09-29,15.7,1018.3,0.0,14.863,16.7
2836,2017-09-29,15.5,1018.0,0.0,14.74,16.7
2837,2017-09-29,16.3,1018.1,12.0,15.255999999999998,16.7
2838,2017-09-29,24.4,1016.3,311.0,19.38,16.7
2839,2017-09-29,22.9,1016.2,155.0,18.96,16.7
2840,2017-09-29,22.0,1016.4,155.0,18.62,16.7
2841,2017-09-29,21.5,1016.4,67.0,18.035,16.7
2842,2017-09-29,21.2,1016.4,16.0,17.98,16.7
2843,2017-09-29,20.3,1016.4,0.0,17.8,16.7
2844,2017-09-29,18.4,1016.6,0.0,17.488,16.7
2845,2017-09-29,18.0,1016.4,0.0,17.23,16.7
2846,2017-09-29,17.8,1016.6,0.0,17.044,16.7
2847,2017-09-30,17.0,1016.0,0.0,16.4,16.7
2848,2017-10-26,13.2,1023.3,0.0,12.7,14.8
2849,2018-02-26,-1.3,1022.6,0.0,-3.946,1.95
2850,2018-02-26,-1.7,1023.0,0.0,-4.231,0.8
2851,2018-02-26,-2.4,1022.9,0.0,-4.6080000000000005,0.8
2852,2018-02-26,-2.7,1023.1,0.0,-4.8069999999999995,0.8
2853,2018-02-26,-3.0,1023.0,0.0,-5.05,0.8
2854,2017-09-30,15.5,1016.4,0.0,15.025,19.95
2855,2017-09-30,14.5,1016.1,0.0,14.1,19.95
2856,2017-09-30,13.9,1016.5,0.0,13.5,19.95
2857,2017-09-30,13.7,1017.1,0.0,13.1,19.95
2858,2017-09-30,13.3,1017.0,0.0,12.7,19.95
2859,2017-09-30,13.2,1017.4,0.0,12.7,19.95
2860,2017-09-30,13.1,1017.7,0.0,12.6,19.95
2861,2017-09-30,12.8,1017.4,0.0,12.3,19.95
2862,2017-09-30,12.7,1017.7,19.0,12.2,19.95
2863,2017-09-30,12.8,1018.1,97.0,12.1,19.95
2864,2017-09-30,13.7,1018.1,272.0,12.46,19.95
2865,2017-09-30,14.6,1018.1,174.0,12.58,19.95
2866,2017-09-30,15.6,1017.8,640.0,12.138,19.95
2867,2017-09-30,16.5,1017.6,97.0,12.34,19.95
2868,2017-09-30,16.7,1017.6,257.0,11.9,19.95
2869,2017-09-30,16.9,1017.3,127.0,12.06,19.95
2870,2017-09-30,16.9,1017.5,227.0,12.18,19.95
2871,2017-09-30,18.3,1017.7,33.0,13.311,19.95
2872,2017-09-30,16.8,1018.2,19.0,12.932,19.95
2873,2017-09-30,15.7,1018.7,0.0,12.56,19.95
2874,2017-09-30,15.3,1018.6,0.0,12.549000000000001,19.95
2875,2017-09-30,14.9,1018.6,0.0,12.42,19.95
2876,2017-09-30,14.5,1018.8,0.0,12.4,19.95
2877,2017-10-01,14.7,1017.9,0.0,12.56,19.95
2878,2017-10-01,14.6,1018.1,0.0,12.48,16.9
2879,2017-10-01,14.5,1017.9,0.0,12.6,16.9
2880,2017-10-01,14.4,1017.8,0.0,12.52,16.9
2881,2017-10-01,14.0,1018.0,0.0,12.2,16.9
2882,2017-10-01,14.0,1017.9,0.0,12.28,16.9
2883,2017-10-01,14.1,1017.4,0.0,12.444,16.9
2884,2017-10-01,14.1,1017.1,0.0,12.526,16.9
2885,2017-10-01,14.1,1017.0,0.0,12.526,16.9
2886,2017-10-01,14.3,1017.1,49.0,12.784,16.9
2887,2017-10-01,14.3,1017.4,58.0,13.042,16.9
2888,2017-10-01,14.3,1017.2,113.0,13.3,16.9
2889,2017-10-01,15.0,1017.4,158.0,14.1,16.9
2890,2017-10-01,15.1,1017.2,118.0,14.308,16.9
2891,2017-10-01,15.3,1017.2,116.0,14.524000000000001,16.9
2892,2017-10-01,15.8,1016.7,185.0,15.064,16.9
2893,2017-10-01,15.7,1016.3,65.0,14.956,16.9
2894,2017-10-01,15.2,1016.2,84.0,14.612,16.9
2895,2017-10-01,15.4,1016.1,23.0,14.728,16.9
2896,2017-10-01,15.3,1016.2,7.0,14.620999999999999,16.9
2897,2017-10-01,14.9,1016.3,0.0,14.3,16.9
2898,2017-10-01,15.1,1016.5,0.0,14.605,16.9
2899,2017-10-01,15.0,1016.0,0.0,14.4,16.9
2900,2017-10-01,15.2,1016.3,0.0,14.71,16.9
2901,2017-10-02,15.3,1015.9,0.0,14.815,16.9
2902,2017-10-02,15.5,1015.5,0.0,15.12,14.3
2903,2017-10-02,15.7,1015.3,0.0,15.328,14.3
2904,2017-10-02,15.8,1015.3,0.0,15.524000000000001,14.3
2905,2017-10-02,16.0,1015.5,0.0,15.73,14.3
2906,2017-10-02,16.2,1015.6,0.0,15.924000000000001,14.3
2907,2017-10-02,16.2,1015.2,0.0,15.924000000000001,14.3
2908,2017-10-02,15.9,1015.5,0.0,15.536,14.3
2909,2017-10-02,15.6,1015.7,0.0,15.224,14.3
2910,2017-10-02,15.5,1016.0,37.0,15.025,14.3
2911,2017-10-02,15.9,1016.3,155.0,15.354000000000001,14.3
2912,2017-10-02,16.4,1017.0,181.0,15.46,14.3
2913,2017-10-02,16.8,1017.2,151.0,15.3,14.3
2914,2017-10-02,17.3,1017.1,216.0,15.446,14.3
2915,2017-10-02,17.4,1017.0,127.0,15.424000000000001,14.3
2916,2017-10-02,18.2,1016.6,276.0,16.09,14.3
2917,2017-10-02,18.5,1016.3,156.0,16.47,14.3
2918,2017-10-02,18.9,1016.2,105.0,16.61,14.3
2919,2017-10-02,19.0,1016.1,76.0,16.7,14.3
2920,2017-10-02,18.5,1016.0,11.0,16.47,14.3
2921,2017-10-02,17.8,1016.0,0.0,16.288,14.3
2922,2017-10-02,17.5,1015.8,0.0,16.328,14.3
2923,2017-10-02,16.1,1016.1,0.0,15.464,14.3
2924,2017-10-02,14.2,1016.0,0.0,13.6,14.3
2925,2017-10-03,13.3,1016.2,0.0,12.8,14.3
2926,2017-10-03,13.1,1015.9,0.0,12.7,16.5
2927,2017-10-03,13.0,1015.8,0.0,12.7,16.5
2928,2017-10-03,13.0,1016.2,0.0,12.7,16.5
2929,2017-10-03,12.9,1016.5,0.0,12.6,16.5
2930,2017-10-03,12.5,1017.1,0.0,12.1,16.5
2931,2017-10-03,11.8,1017.6,0.0,11.212,16.5
2932,2017-10-03,11.3,1018.4,0.0,10.742,16.5
2933,2017-10-03,10.9,1019.3,7.0,10.445,16.5
2934,2017-10-03,11.2,1020.4,128.0,10.74,16.5
2935,2017-10-03,12.1,1021.0,332.0,11.3,16.5
2936,2017-10-03,13.3,1021.9,503.0,12.06,16.5
2937,2017-10-03,14.3,1022.9,232.0,12.34,16.5
2938,2017-10-03,14.9,1023.2,795.0,11.92,16.5
2939,2017-10-03,15.0,1023.2,671.0,11.64,16.5
2940,2017-10-03,16.2,1022.9,722.0,11.82,16.5
2941,2017-10-03,16.2,1023.4,137.0,11.86,16.5
2942,2017-10-03,15.8,1023.5,84.0,11.856,16.5
2943,2017-10-03,16.3,1023.6,91.0,12.172,16.5
2944,2017-10-03,15.1,1024.0,18.0,11.842,16.5
2945,2017-10-03,13.4,1024.4,0.0,11.595,16.5
2946,2017-10-03,12.4,1025.3,0.0,10.92,16.5
2947,2017-10-03,11.3,1025.7,0.0,10.283,16.5
2948,2017-10-03,11.4,1025.7,0.0,10.202,16.5
2949,2017-10-04,11.2,1025.6,0.0,10.016,16.5
2950,2017-10-04,10.5,1025.7,0.0,9.488,14.95
2951,2017-10-04,10.0,1025.7,0.0,8.92,14.95
2952,2017-10-04,8.9,1025.4,0.0,8.26,14.95
2953,2017-10-04,8.6,1025.6,0.0,8.12,14.95
2954,2017-10-04,9.0,1025.0,0.0,8.52,14.95
2955,2017-10-04,9.1,1024.9,0.0,8.69,14.95
2956,2017-10-04,8.5,1024.7,0.0,8.1,14.95
2957,2017-10-04,8.7,1025.1,0.0,8.3,14.95
2958,2017-10-04,9.6,1025.5,63.0,8.863999999999999,14.95
2959,2017-10-04,11.1,1025.2,225.0,9.74,14.95
2960,2017-10-04,13.2,1025.5,485.0,11.184000000000001,14.95
2961,2017-10-04,13.9,1025.2,294.0,11.494000000000002,14.95
2962,2017-10-04,14.7,1025.1,371.0,11.86,14.95
2963,2017-10-04,15.5,1024.4,684.0,12.17,14.95
2964,2017-10-04,16.6,1024.2,503.0,12.668,14.95
2965,2017-10-04,17.8,1023.4,480.0,13.422,14.95
2966,2017-10-04,17.0,1023.1,213.0,12.804,14.95
2967,2017-10-04,16.9,1022.7,130.0,12.3,14.95
2968,2017-10-04,16.2,1022.4,23.0,12.544,14.95
2969,2017-10-04,14.8,1022.3,0.0,12.04,14.95
2970,2017-10-04,13.7,1022.1,0.0,11.591,14.95
2971,2017-10-04,12.9,1022.0,0.0,11.1,14.95
2972,2017-10-04,12.3,1022.2,0.0,10.74,14.95
2973,2017-10-05,11.7,1022.1,0.0,10.315,14.95
2974,2017-10-05,10.2,1020.9,0.0,9.416,14.45
2975,2017-10-06,10.0,1021.1,0.0,9.3,14.45
2976,2017-10-06,9.9,1021.1,0.0,9.41,12.15
2977,2017-10-06,9.7,1021.1,0.0,9.23,12.15
2978,2017-10-06,9.3,1021.5,0.0,8.783999999999999,12.15
2979,2017-10-06,8.8,1021.4,0.0,8.32,12.15
2980,2017-10-06,8.4,1021.5,0.0,8.02,12.15
2981,2017-10-06,8.1,1021.6,0.0,7.62,12.15
2982,2017-10-06,7.7,1022.0,0.0,7.119,12.15
2983,2017-10-06,7.7,1022.2,5.0,7.119,12.15
2984,2017-10-06,8.0,1022.5,113.0,7.44,12.15
2985,2017-10-06,9.0,1023.0,381.0,8.36,12.15
2986,2017-10-06,10.7,1023.5,457.0,9.596,12.15
2987,2017-10-06,12.0,1024.0,153.0,10.52,12.15
2988,2017-10-06,12.9,1024.4,51.0,10.98,12.15
2989,2017-10-06,14.4,1024.5,125.0,11.28,12.15
2990,2017-10-06,14.5,1024.4,308.0,10.76,12.15
2991,2017-10-06,15.0,1024.3,77.0,10.8,12.15
2992,2017-10-06,14.8,1024.4,327.0,10.168,12.15
2993,2017-10-06,14.6,1024.7,46.0,9.9,12.15
2994,2017-10-06,13.1,1025.3,16.0,9.01,12.15
2995,2017-10-06,11.2,1025.8,0.0,8.572000000000001,12.15
2996,2017-10-06,10.4,1026.3,0.0,8.347999999999999,12.15
2997,2017-10-06,9.7,1026.4,0.0,8.067,12.15
2998,2017-10-06,8.6,1026.9,0.0,7.41,12.15
2999,2017-10-07,7.7,1027.0,0.0,6.87,12.15
3000,2017-10-07,7.5,1027.3,0.0,6.82,12.3
3001,2017-10-07,6.7,1027.1,0.0,5.917000000000001,12.3
3002,2017-10-07,6.1,1026.8,0.0,5.5329999999999995,12.3
3003,2017-10-07,5.8,1026.4,0.0,5.332000000000001,12.3
3004,2017-10-07,6.4,1025.8,0.0,5.812,12.3
3005,2017-10-07,5.9,1025.5,0.0,5.268,12.3
3006,2017-10-07,6.3,1025.5,0.0,5.636,12.3
3007,2017-10-07,6.2,1025.1,7.0,5.462000000000001,12.3
3008,2017-10-07,7.4,1024.4,107.0,6.54,12.3
3009,2017-10-07,9.5,1024.4,297.0,8.0,12.3
3010,2017-10-07,11.3,1024.0,413.0,8.94,12.3
3011,2017-10-07,12.7,1023.3,450.0,9.83,12.3
3012,2017-10-07,13.6,1023.0,522.0,10.52,12.3
3013,2017-10-07,15.1,1021.8,675.0,11.097999999999999,12.3
3014,2017-10-07,15.8,1020.7,341.0,11.52,12.3
3015,2017-10-07,15.9,1020.1,218.0,11.49,12.3
3016,2017-10-07,14.6,1019.5,163.0,10.84,12.3
3017,2017-10-07,15.0,1018.6,35.0,11.4,12.3
3018,2017-10-07,13.7,1018.3,9.0,11.49,12.3
3019,2017-10-07,12.8,1018.4,0.0,11.0,12.3
3020,2017-10-07,13.1,1018.0,0.0,10.972999999999999,12.3
3021,2017-10-07,12.3,1017.9,0.0,11.14,12.3
3022,2017-10-07,11.7,1017.4,0.0,11.118,12.3
3023,2017-10-08,11.9,1017.3,0.0,11.405,12.3
3024,2017-10-08,12.8,1017.1,0.0,12.3,11.8
3025,2017-10-08,12.9,1017.1,0.0,12.4,11.8
3026,2017-10-08,13.1,1016.9,0.0,12.6,11.8
3027,2017-10-08,13.0,1016.9,0.0,12.5,11.8
3028,2017-10-08,12.9,1017.2,0.0,12.4,11.8
3029,2017-10-08,12.8,1017.5,0.0,12.3,11.8
3030,2017-10-08,12.5,1017.8,0.0,12.0,11.8
3031,2017-10-08,12.4,1018.3,21.0,11.9,11.8
3032,2017-10-08,12.5,1018.7,95.0,11.8,11.8
3033,2017-10-08,12.8,1019.3,165.0,12.2,11.8
3034,2017-10-08,13.5,1019.4,237.0,12.7,11.8
3035,2017-10-08,14.4,1019.6,359.0,13.136,11.8
3036,2017-10-08,15.2,1019.2,418.0,13.18,11.8
3037,2017-10-08,15.6,1019.2,271.0,13.222000000000001,11.8
3038,2017-10-08,15.3,1019.0,148.0,13.064,11.8
3039,2017-10-08,15.2,1019.1,148.0,13.18,11.8
3040,2017-10-08,15.0,1019.3,37.0,13.1,11.8
3041,2017-10-08,14.7,1019.6,9.0,13.136,11.8
3042,2017-10-08,14.0,1020.2,0.0,12.76,11.8
3043,2017-10-08,13.7,1020.4,0.0,12.62,11.8
3044,2017-10-08,13.3,1020.6,0.0,12.3,11.8
3045,2017-10-08,13.0,1020.7,0.0,12.0,11.8
3046,2017-10-09,12.9,1020.7,0.0,11.82,11.8
3047,2017-10-09,12.0,1020.5,0.0,11.1,10.8
3048,2017-10-09,11.5,1020.6,0.0,10.835,10.8
3049,2017-10-09,11.5,1020.5,0.0,10.93,10.8
3050,2017-10-09,11.1,1020.5,0.0,10.645,10.8
3051,2017-10-09,10.3,1020.3,0.0,9.815,10.8
3052,2017-10-09,10.3,1020.2,0.0,9.912,10.8
3053,2017-10-09,10.7,1020.0,0.0,10.328,10.8
3054,2017-10-09,11.0,1019.9,0.0,10.46,10.8
3055,2017-10-09,11.3,1020.4,40.0,10.742,10.8
3056,2017-10-09,12.1,1020.9,67.0,11.4,10.8
3057,2017-10-09,12.8,1021.0,148.0,11.72,10.8
3058,2017-10-09,14.5,1021.0,323.0,12.2,10.8
3059,2017-10-09,15.7,1020.6,434.0,12.56,10.8
3060,2017-10-09,18.7,1020.0,420.0,13.648,10.8
3061,2017-10-09,17.3,1019.5,207.0,13.404000000000002,10.8
3062,2017-10-09,18.3,1019.1,239.0,14.088,10.8
3063,2017-10-09,17.1,1018.8,181.0,14.009,10.8
3064,2017-10-09,16.7,1018.5,107.0,13.850999999999999,10.8
3065,2017-10-09,16.7,1018.8,7.0,14.085,10.8
3066,2017-10-09,15.1,1018.9,0.0,13.498,10.8
3067,2017-10-09,15.3,1018.7,0.0,13.8,10.8
3068,2017-10-09,14.7,1018.7,0.0,13.324000000000002,10.8
3069,2017-10-09,14.6,1018.6,0.0,13.324000000000002,10.8
3070,2017-10-10,14.5,1018.4,0.0,13.32,10.8
3071,2017-10-10,14.4,1018.2,0.0,13.312000000000001,15.55
3072,2017-10-10,14.0,1017.9,0.0,13.1,15.55
3073,2017-10-10,14.2,1017.6,0.0,13.3,15.55
3074,2017-10-10,14.0,1017.5,0.0,13.3,15.55
3075,2017-10-10,13.8,1017.1,0.0,13.3,15.55
3076,2017-10-10,13.5,1017.1,0.0,13.0,15.55
3077,2017-10-10,13.4,1017.2,0.0,12.9,15.55
3078,2017-10-10,13.2,1017.5,0.0,12.8,15.55
3079,2017-10-10,13.4,1018.0,40.0,13.0,15.55
3080,2017-10-10,14.1,1018.1,190.0,13.7,15.55
3081,2017-10-10,15.3,1018.2,211.0,14.524000000000001,15.55
3082,2017-10-10,15.8,1018.1,232.0,14.415999999999999,15.55
3083,2017-10-10,16.0,1018.3,297.0,14.62,15.55
3084,2017-10-10,16.5,1018.0,309.0,13.98,15.55
3085,2017-10-10,16.5,1017.8,272.0,13.875,15.55
3086,2017-10-10,16.3,1017.7,153.0,14.004000000000001,15.55
3087,2017-10-10,16.9,1017.6,132.0,14.414000000000001,15.55
3088,2017-10-10,16.2,1017.7,91.0,13.784,15.55
3089,2017-10-10,15.5,1018.4,14.0,13.45,15.55
3090,2017-10-10,14.6,1018.6,0.0,12.956,15.55
3091,2017-10-10,14.5,1018.7,0.0,12.87,15.55
3092,2017-10-10,14.4,1018.9,0.0,12.784,15.55
3093,2017-10-10,14.3,1018.9,0.0,12.784,15.55
3094,2017-10-11,14.4,1018.8,0.0,12.872,15.55
3095,2017-10-11,14.4,1018.4,0.0,12.96,13.55
3096,2017-10-11,15.0,1018.3,0.0,13.3,13.55
3097,2017-10-11,14.9,1018.1,0.0,13.41,13.55
3098,2017-10-11,14.3,1017.9,0.0,13.136,13.55
3099,2017-10-11,14.1,1017.6,0.0,12.772,13.55
3100,2017-10-11,14.4,1017.4,0.0,12.96,13.55
3101,2017-10-11,14.3,1017.2,0.0,12.956,13.55
3102,2017-10-11,14.1,1017.0,0.0,12.936,13.55
3103,2017-10-11,14.0,1017.4,14.0,12.92,13.55
3104,2017-10-11,14.8,1017.3,100.0,13.512,13.55
3105,2017-10-11,15.3,1017.3,185.0,13.905999999999999,13.55
3106,2017-10-11,15.6,1016.9,139.0,13.345,13.55
3107,2017-10-11,15.7,1016.8,285.0,13.202,13.55
3108,2017-10-11,16.8,1016.2,190.0,13.835999999999999,13.55
3109,2017-10-11,17.0,1015.8,156.0,14.04,13.55
3110,2017-10-11,17.9,1015.5,248.0,14.61,13.55
3111,2017-10-11,18.6,1015.1,171.0,14.975999999999999,13.55
3112,2017-10-11,18.0,1015.3,54.0,14.81,13.55
3113,2017-10-11,17.2,1015.6,5.0,14.452,13.55
3114,2017-10-11,17.8,1015.6,0.0,14.968,13.55
3115,2017-10-11,16.9,1015.7,0.0,14.652000000000001,13.55
3116,2017-10-11,17.0,1016.1,0.0,14.76,13.55
3117,2017-10-11,16.0,1016.3,0.0,14.26,13.55
3118,2017-10-12,15.8,1016.9,0.0,14.3,13.55
3119,2017-10-12,15.5,1017.1,0.0,14.0,16.0
3120,2017-10-12,15.5,1017.3,0.0,14.11,16.0
3121,2017-10-12,14.7,1017.8,0.0,13.512,16.0
3122,2017-10-12,14.3,1018.3,0.0,13.4,16.0
3123,2017-10-12,14.2,1018.5,0.0,13.3,16.0
3124,2017-10-12,14.5,1019.2,0.0,13.6,16.0
3125,2017-10-12,13.9,1020.0,0.0,13.1,16.0
3126,2017-10-12,13.8,1020.4,0.0,13.1,16.0
3127,2017-10-12,14.4,1021.4,47.0,13.7,16.0
3128,2017-10-12,15.4,1022.0,294.0,14.536,16.0
3129,2017-10-12,17.0,1022.4,69.0,15.5,16.0
3130,2017-10-12,18.0,1022.7,457.0,15.58,16.0
3131,2017-10-12,19.5,1023.0,793.0,16.295,16.0
3132,2017-10-12,19.3,1022.7,185.0,16.035999999999998,16.0
3133,2017-10-12,19.3,1022.7,329.0,16.488,16.0
3134,2017-10-12,20.0,1022.9,285.0,16.3,16.0
3135,2017-10-12,19.9,1022.8,176.0,16.099,16.0
3136,2017-10-12,19.5,1022.7,77.0,16.065,16.0
3137,2017-10-12,18.5,1022.9,9.0,15.7,16.0
3138,2017-10-12,18.0,1023.3,0.0,15.47,16.0
3139,2017-10-12,17.4,1023.5,0.0,15.204,16.0
3140,2017-10-12,16.5,1023.4,0.0,14.78,16.0
3141,2017-10-12,16.8,1023.4,0.0,15.196,16.0
3142,2017-10-13,16.8,1023.5,0.0,15.404000000000002,16.0
3143,2017-10-13,16.2,1023.8,0.0,15.164000000000001,17.2
3144,2017-10-13,16.0,1023.6,0.0,15.1,17.2
3145,2017-10-13,16.0,1023.9,0.0,15.19,17.2
3146,2017-10-13,15.0,1024.1,0.0,13.9,17.2
3147,2017-10-13,14.2,1024.2,0.0,13.7,17.2
3148,2017-10-13,13.8,1023.9,0.0,13.3,17.2
3149,2017-10-13,14.4,1023.9,0.0,14.0,17.2
3150,2017-10-13,15.0,1024.1,0.0,14.7,17.2
3151,2017-10-13,15.8,1024.5,30.0,15.155999999999999,17.2
3152,2017-10-13,15.9,1024.8,91.0,15.081,17.2
3153,2017-10-13,16.3,1025.2,125.0,15.463,17.2
3154,2017-10-13,18.3,1025.3,466.0,16.4,17.2
3155,2017-10-13,20.4,1025.0,564.0,17.24,17.2
3156,2017-10-13,21.3,1024.3,209.0,17.116,17.2
3157,2017-10-13,22.5,1024.1,236.0,17.58,17.2
3158,2017-10-13,21.9,1023.9,473.0,17.114,17.2
3159,2017-10-13,22.4,1023.6,274.0,17.48,17.2
3160,2017-10-13,22.0,1023.6,90.0,17.22,17.2
3161,2017-10-13,20.6,1023.9,7.0,16.472,17.2
3162,2017-10-13,19.4,1024.2,0.0,16.222,17.2
3163,2017-10-13,17.3,1024.4,0.0,15.24,17.2
3164,2017-10-13,16.2,1024.7,0.0,14.835999999999999,17.2
3165,2017-10-13,15.5,1024.7,0.0,14.11,17.2
3166,2017-10-14,13.5,1024.9,0.0,12.6,17.2
3167,2017-10-14,13.5,1025.1,0.0,12.7,18.45
3168,2017-10-14,14.9,1024.9,0.0,14.1,18.45
3169,2017-10-14,14.3,1025.0,0.0,13.5,18.45
3170,2017-10-14,13.1,1024.7,0.0,12.2,18.45
3171,2017-10-14,12.2,1024.5,0.0,11.6,18.45
3172,2017-10-14,12.1,1024.4,0.0,11.6,18.45
3173,2017-10-14,11.3,1024.7,0.0,10.835,18.45
3174,2017-10-14,11.7,1024.8,0.0,11.409,18.45
3175,2017-10-14,13.8,1025.1,58.0,13.1,18.45
3176,2017-10-14,15.8,1025.5,250.0,14.648,18.45
3177,2017-10-14,17.8,1025.6,40.0,15.856,18.45
3178,2017-10-14,19.3,1025.6,508.0,16.375,18.45
3179,2017-10-14,20.5,1025.0,555.0,16.844,18.45
3180,2017-10-14,21.3,1024.1,555.0,17.108,18.45
3181,2017-10-14,21.6,1023.5,501.0,17.192,18.45
3182,2017-10-14,22.6,1023.1,396.0,17.54,18.45
3183,2017-10-14,22.6,1022.7,251.0,17.54,18.45
3184,2017-10-14,22.3,1022.6,76.0,17.38,18.45
3185,2017-10-14,20.9,1022.7,7.0,16.688,18.45
3186,2017-10-14,18.0,1023.3,0.0,15.69,18.45
3187,2017-10-14,15.9,1023.4,0.0,14.517999999999999,18.45
3188,2017-10-14,17.6,1023.1,0.0,15.585999999999999,18.45
3189,2017-10-14,16.3,1022.9,0.0,14.686,18.45
3190,2017-10-15,15.1,1022.8,0.0,13.908,18.45
3191,2017-10-15,15.8,1022.6,0.0,14.532,18.2
3192,2017-10-15,15.0,1022.2,0.0,13.8,18.2
3193,2017-10-15,14.8,1021.8,0.0,13.607999999999999,18.2
3194,2017-10-15,15.2,1021.3,0.0,13.908,18.2
3195,2017-10-15,14.4,1021.1,0.0,13.224,18.2
3196,2017-10-15,14.0,1021.3,0.0,12.92,18.2
3197,2017-10-15,13.7,1021.0,0.0,12.7,18.2
3198,2017-10-15,13.2,1021.0,0.0,12.3,18.2
3199,2017-10-15,13.3,1021.1,65.0,12.3,18.2
3200,2017-10-15,15.3,1021.2,234.0,14.012,18.2
3201,2017-10-15,17.6,1021.3,63.0,15.692,18.2
3202,2017-10-15,19.5,1021.1,487.0,16.41,18.2
3203,2017-10-15,21.6,1020.5,531.0,17.588,18.2
3204,2017-10-15,22.8,1020.2,524.0,18.16,18.2
3205,2017-10-15,23.6,1019.6,482.0,18.06,18.2
3206,2017-10-15,23.6,1019.3,380.0,18.372,18.2
3207,2017-10-15,24.0,1018.9,234.0,18.5,18.2
3208,2017-10-15,23.5,1019.0,69.0,18.45,18.2
3209,2017-10-15,22.0,1019.2,0.0,17.78,18.2
3210,2017-10-15,21.0,1020.0,0.0,17.0,18.2
3211,2017-10-15,20.4,1019.9,0.0,16.844,18.2
3212,2017-10-15,20.2,1020.2,0.0,16.817999999999998,18.2
3213,2017-10-15,20.0,1020.3,0.0,16.78,18.2
3214,2017-10-16,19.8,1020.0,0.0,16.986,18.2
3215,2017-10-16,19.6,1019.9,0.0,16.909000000000002,17.65
3216,2017-10-16,19.0,1020.1,0.0,16.59,17.65
3217,2017-10-16,18.7,1019.9,0.0,16.43,17.65
3218,2017-10-16,18.6,1019.5,0.0,16.34,17.65
3219,2017-10-16,18.4,1019.1,0.0,16.16,17.65
3220,2017-10-16,18.1,1019.3,0.0,15.89,17.65
3221,2017-10-16,16.9,1019.4,0.0,15.298,17.65
3222,2017-10-16,16.8,1019.1,0.0,15.092,17.65
3223,2017-10-16,16.8,1019.4,56.0,15.092,17.65
3224,2017-10-16,18.1,1019.5,199.0,15.67,17.65
3225,2017-10-16,20.1,1019.3,130.0,16.739,17.65
3226,2017-10-16,21.3,1019.2,418.0,16.982,17.65
3227,2017-10-16,22.9,1018.8,496.0,18.26,17.65
3228,2017-10-16,23.7,1018.8,508.0,18.598,17.65
3229,2017-10-16,24.8,1017.8,457.0,19.132,17.65
3230,2017-10-16,25.5,1017.5,357.0,19.32,17.65
3231,2017-10-16,25.1,1017.8,213.0,18.92,17.65
3232,2017-10-16,24.3,1018.0,58.0,18.8,17.65
3233,2017-10-16,21.9,1018.6,0.0,17.942,17.65
3234,2017-10-16,21.0,1019.1,0.0,17.45,17.65
3235,2017-10-16,20.6,1019.3,0.0,17.495,17.65
3236,2017-10-16,20.7,1019.5,0.0,17.495,17.65
3237,2017-10-16,19.0,1020.1,0.0,16.81,17.65
3238,2017-10-17,18.2,1020.3,0.0,16.53,17.65
3239,2017-10-17,17.7,1020.3,0.0,16.202,19.25
3240,2017-10-17,16.8,1020.4,0.0,15.612,19.25
3241,2017-10-17,15.9,1020.2,0.0,14.636,19.25
3242,2017-10-17,15.3,1020.1,0.0,13.376,19.25
3243,2017-10-17,14.6,1020.4,0.0,12.87,19.25
3244,2017-10-17,13.5,1020.4,0.0,12.26,19.25
3245,2017-10-17,12.5,1020.3,0.0,11.6,19.25
3246,2017-10-17,12.8,1020.1,0.0,11.9,19.25
3247,2017-10-17,13.3,1020.1,58.0,12.3,19.25
3248,2017-10-17,15.4,1020.1,176.0,14.008,19.25
3249,2017-10-17,16.4,1019.9,193.0,14.564,19.25
3250,2017-10-17,18.4,1018.8,360.0,15.94,19.25
3251,2017-10-17,20.2,1018.0,441.0,17.07,19.25
3252,2017-10-17,21.4,1017.1,346.0,17.625999999999998,19.25
3253,2017-10-17,21.9,1016.0,353.0,18.08,19.25
3254,2017-10-17,22.6,1015.1,318.0,18.52,19.25
3255,2017-10-17,22.6,1014.4,185.0,18.66,19.25
3256,2017-10-17,22.4,1013.9,84.0,18.6,19.25
3257,2017-10-17,21.3,1013.8,7.0,17.948,19.25
3258,2017-10-17,20.1,1013.7,0.0,17.354,19.25
3259,2017-10-17,19.2,1013.3,0.0,17.084,19.25
3260,2017-10-17,18.5,1013.2,0.0,16.58,19.25
3261,2017-10-17,16.7,1013.2,0.0,15.624,19.25
3262,2017-10-18,17.3,1012.7,0.0,15.960999999999999,19.25
3263,2017-10-18,16.4,1012.2,0.0,15.554,19.65
3264,2017-10-18,15.6,1012.1,0.0,14.66,19.65
3265,2017-10-18,16.2,1012.1,0.0,14.584000000000001,19.65
3266,2017-10-18,15.4,1011.8,0.0,13.9,19.65
3267,2017-10-18,14.9,1011.7,0.0,13.312000000000001,19.65
3268,2017-10-18,14.7,1011.6,0.0,13.136,19.65
3269,2017-10-18,15.1,1011.3,0.0,13.395999999999999,19.65
3270,2017-10-18,14.9,1011.3,0.0,13.214,19.65
3271,2017-10-18,15.1,1011.5,69.0,13.395999999999999,19.65
3272,2017-10-18,16.5,1011.5,308.0,14.335,19.65
3273,2017-10-18,17.4,1011.5,179.0,14.889000000000001,19.65
3274,2017-10-18,19.4,1011.4,503.0,15.536,19.65
3275,2017-10-18,20.4,1011.0,281.0,16.076,19.65
3276,2017-10-18,20.8,1010.3,666.0,16.175,19.65
3277,2017-10-18,20.9,1009.9,137.0,16.204,19.65
3278,2017-10-18,20.2,1009.8,165.0,16.055999999999997,19.65
3279,2017-10-18,20.0,1009.4,107.0,16.04,19.65
3280,2017-10-18,19.9,1008.9,54.0,16.23,19.65
3281,2017-10-18,19.2,1009.3,0.0,16.076,19.65
3282,2017-10-18,17.1,1009.4,0.0,15.383,19.65
3283,2017-10-18,17.8,1009.3,0.0,15.304,19.65
3284,2017-10-18,17.8,1009.3,0.0,15.304,19.65
3285,2017-10-18,17.0,1009.6,0.0,14.88,19.65
3286,2017-10-19,16.2,1009.2,0.0,14.235999999999999,19.65
3287,2017-10-19,15.2,1008.8,0.0,13.492,16.7
3288,2017-10-19,15.0,1008.1,0.0,13.3,16.7
3289,2017-10-19,14.3,1008.2,0.0,12.696,16.7
3290,2017-10-19,13.9,1007.6,0.0,12.5,16.7
3291,2017-10-19,13.9,1007.4,0.0,12.42,16.7
3292,2017-10-19,13.8,1007.1,0.0,12.4,16.7
3293,2017-10-19,13.7,1006.9,0.0,12.38,16.7
3294,2017-10-19,14.0,1006.7,0.0,12.76,16.7
3295,2017-10-19,14.1,1007.1,40.0,12.772,16.7
3296,2017-10-19,15.4,1007.2,88.0,14.012,16.7
3297,2017-10-19,17.2,1007.3,172.0,15.466,16.7
3298,2017-10-19,19.7,1006.9,223.0,16.558,16.7
3299,2017-10-19,20.4,1006.5,490.0,16.976,16.7
3300,2017-10-19,21.4,1005.7,202.0,16.968,16.7
3301,2017-10-19,21.0,1005.8,218.0,16.64,16.7
3302,2017-10-19,20.9,1005.5,160.0,16.445999999999998,16.7
3303,2017-10-19,20.5,1005.3,149.0,16.025,16.7
3304,2017-10-19,19.7,1005.6,67.0,15.957,16.7
3305,2017-10-19,18.8,1005.6,0.0,15.53,16.7
3306,2017-10-19,18.5,1005.9,0.0,15.37,16.7
3307,2017-10-19,18.0,1005.6,0.0,15.03,16.7
3308,2017-10-19,17.1,1005.7,0.0,14.452,16.7
3309,2017-10-19,16.7,1005.7,0.0,14.202,16.7
3310,2017-10-20,16.1,1006.3,0.0,13.9,16.7
3311,2017-10-20,15.8,1005.8,0.0,13.952,18.05
3312,2017-10-20,15.2,1006.0,0.0,13.908,18.05
3313,2017-10-20,14.2,1005.6,0.0,13.2,18.05
3314,2017-10-20,13.4,1006.0,0.0,12.6,18.05
3315,2017-10-20,12.8,1006.9,0.0,11.8,18.05
3316,2017-10-20,12.2,1007.5,0.0,11.4,18.05
3317,2017-10-20,11.4,1008.5,0.0,10.463,18.05
3318,2017-10-20,10.9,1009.2,0.0,9.99,18.05
3319,2017-10-20,10.7,1010.4,33.0,9.956,18.05
3320,2017-10-20,11.8,1011.1,120.0,10.738,18.05
3321,2017-10-20,12.5,1011.9,49.0,11.02,18.05
3322,2017-10-20,13.9,1012.4,475.0,11.595,18.05
3323,2017-10-20,14.7,1012.9,178.0,11.4,18.05
3324,2017-10-20,15.0,1013.0,596.0,11.16,18.05
3325,2017-10-20,15.7,1012.9,492.0,11.43,18.05
3326,2017-10-20,16.2,1012.4,371.0,11.62,18.05
3327,2017-10-20,16.2,1012.8,221.0,11.974,18.05
3328,2017-10-20,15.9,1012.8,69.0,12.054,18.05
3329,2017-10-20,14.7,1013.0,0.0,11.86,18.05
3330,2017-10-20,13.7,1013.3,0.0,11.488,18.05
3331,2017-10-20,13.6,1012.8,0.0,11.488,18.05
3332,2017-10-20,12.9,1012.6,0.0,10.882,18.05
3333,2017-10-20,12.9,1012.5,0.0,10.991,18.05
3334,2017-10-21,12.4,1011.8,0.0,10.76,18.05
3335,2017-10-21,12.5,1011.8,0.0,10.86,14.85
3336,2017-10-21,12.6,1011.3,0.0,10.94,14.85
3337,2017-10-21,12.7,1010.8,0.0,11.38,14.85
3338,2017-10-21,14.4,1010.1,0.0,12.96,14.85
3339,2017-10-21,14.9,1009.8,0.0,13.606,14.85
3340,2017-10-21,15.4,1009.6,0.0,14.332,14.85
3341,2017-10-21,15.8,1010.2,0.0,14.542,14.85
3342,2017-10-21,14.7,1010.6,0.0,13.8,14.85
3343,2017-10-21,14.2,1011.3,14.0,13.3,14.85
3344,2017-10-21,14.1,1012.0,114.0,13.0,14.85
3345,2017-10-21,14.5,1012.4,116.0,13.32,14.85
3346,2017-10-21,15.2,1012.5,132.0,13.284,14.85
3347,2017-10-21,15.8,1012.4,144.0,12.415999999999999,14.85
3348,2017-10-21,16.5,1012.0,139.0,13.18,14.85
3349,2017-10-21,17.0,1011.4,192.0,12.63,14.85
3350,2017-10-21,16.3,1011.7,107.0,12.056,14.85
3351,2017-10-21,13.2,1012.2,105.0,11.184000000000001,14.85
3352,2017-10-21,13.7,1012.3,19.0,11.282,14.85
3353,2017-10-21,12.4,1012.8,0.0,9.976,14.85
3354,2017-10-21,11.8,1013.1,0.0,9.902000000000001,14.85
3355,2017-10-21,11.5,1013.5,0.0,9.87,14.85
3356,2017-10-21,11.3,1013.8,0.0,9.674,14.85
3357,2017-10-21,10.8,1014.1,0.0,9.088,14.85
3358,2017-10-22,10.3,1014.3,0.0,8.749,14.85
3359,2017-10-22,9.7,1014.4,0.0,8.45,13.9
3360,2017-10-22,9.6,1014.6,0.0,8.148,13.9
3361,2017-10-22,9.3,1014.5,0.0,8.002,13.9
3362,2017-10-22,9.3,1014.7,0.0,7.928999999999999,13.9
3363,2017-10-22,9.3,1014.7,0.0,8.002,13.9
3364,2017-10-22,9.4,1014.7,0.0,8.002,13.9
3365,2017-10-22,9.3,1015.2,0.0,7.928999999999999,13.9
3366,2017-10-22,8.9,1015.5,0.0,7.74,13.9
3367,2017-10-22,8.7,1016.0,37.0,7.52,13.9
3368,2017-10-22,9.3,1016.4,190.0,8.002,13.9
3369,2017-10-22,10.6,1016.9,151.0,8.714,13.9
3370,2017-10-22,11.7,1017.1,448.0,9.221,13.9
3371,2017-10-22,12.2,1017.2,176.0,9.156,13.9
3372,2017-10-22,12.3,1017.2,673.0,9.357000000000001,13.9
3373,2017-10-22,12.5,1017.2,111.0,8.96,13.9
3374,2017-10-22,10.3,1017.9,346.0,8.998,13.9
3375,2017-10-22,11.9,1018.1,213.0,9.11,13.9
3376,2017-10-22,11.2,1018.5,39.0,9.032,13.9
3377,2017-10-22,9.8,1019.4,0.0,8.527999999999999,13.9
3378,2017-10-22,9.7,1019.8,0.0,8.76,13.9
3379,2017-10-22,9.6,1019.8,0.0,8.863999999999999,13.9
3380,2017-10-22,9.9,1020.0,0.0,9.116,13.9
3381,2017-10-22,10.1,1020.3,0.0,9.209,13.9
3382,2017-10-23,10.2,1020.7,0.0,9.138,13.9
3383,2017-10-23,10.2,1021.0,0.0,9.056000000000001,11.5
3384,2017-10-23,10.1,1021.0,0.0,9.029,11.5
3385,2017-10-23,10.3,1021.1,0.0,9.164,11.5
3386,2017-10-23,10.2,1020.9,0.0,9.22,11.5
3387,2017-10-23,10.3,1021.2,0.0,9.33,11.5
3388,2017-10-23,10.3,1021.6,0.0,9.33,11.5
3389,2017-10-23,10.1,1021.7,0.0,9.209,11.5
3390,2017-10-23,9.9,1021.7,0.0,9.116,11.5
3391,2017-10-23,10.1,1022.2,9.0,9.308,11.5
3392,2017-10-23,10.4,1022.0,28.0,9.536,11.5
3393,2017-10-23,11.2,1022.3,81.0,10.192,11.5
3394,2017-10-23,12.2,1022.1,183.0,10.88,11.5
3395,2017-10-23,13.3,1022.1,225.0,11.82,11.5
3396,2017-10-23,13.9,1021.9,239.0,12.26,11.5
3397,2017-10-23,14.6,1021.6,186.0,12.864,11.5
3398,2017-10-23,14.4,1021.5,83.0,12.96,11.5
3399,2017-10-23,13.5,1021.5,62.0,12.7,11.5
3400,2017-10-23,13.1,1021.5,16.0,12.5,11.5
3401,2017-10-23,13.0,1021.5,0.0,12.5,11.5
3402,2017-10-23,13.1,1021.5,0.0,12.6,11.5
3403,2017-10-23,13.2,1021.5,0.0,12.8,11.5
3404,2017-10-23,13.2,1021.8,0.0,12.7,11.5
3405,2017-10-23,13.2,1021.8,0.0,12.8,11.5
3406,2017-10-24,13.3,1021.8,0.0,12.9,11.5
3407,2017-10-24,13.3,1022.0,0.0,13.0,11.7
3408,2017-10-24,13.3,1021.8,0.0,13.0,11.7
3409,2017-10-24,13.4,1021.9,0.0,13.1,11.7
3410,2017-10-24,13.6,1021.8,0.0,13.3,11.7
3411,2017-10-24,13.7,1021.5,0.0,13.4,11.7
3412,2017-10-24,13.8,1021.6,0.0,13.4,11.7
3413,2017-10-24,13.9,1021.8,0.0,13.6,11.7
3414,2017-10-24,13.9,1021.9,0.0,13.6,11.7
3415,2017-10-24,14.1,1022.1,9.0,13.8,11.7
3416,2017-10-24,14.4,1022.5,69.0,14.1,11.7
3417,2017-10-24,14.9,1022.7,97.0,14.6,11.7
3418,2017-10-24,16.0,1022.5,207.0,15.64,11.7
3419,2017-10-24,16.6,1022.7,195.0,15.927999999999999,11.7
3420,2017-10-24,16.9,1022.6,183.0,16.108,11.7
3421,2017-10-24,17.9,1022.1,297.0,16.592,11.7
3422,2017-10-24,18.6,1022.0,311.0,16.78,11.7
3423,2017-10-24,18.8,1022.0,135.0,16.74,11.7
3424,2017-10-24,18.2,1022.1,47.0,16.2,11.7
3425,2017-10-24,16.9,1022.4,0.0,15.604000000000001,11.7
3426,2017-10-24,16.5,1022.6,0.0,15.33,11.7
3427,2017-10-24,16.4,1022.3,0.0,15.46,11.7
3428,2017-10-24,16.6,1022.1,0.0,15.624,11.7
3429,2017-10-24,16.2,1021.8,0.0,15.372,11.7
3430,2017-10-25,15.8,1022.2,0.0,15.064,11.7
3431,2017-10-27,13.2,1024.7,0.0,12.4,17.05
3432,2017-10-25,15.3,1021.7,0.0,14.620999999999999,14.8
3433,2017-10-25,15.2,1021.7,0.0,14.612,14.8
3434,2017-10-25,14.8,1021.3,0.0,14.1,14.8
3435,2017-10-25,15.0,1021.5,0.0,14.3,14.8
3436,2017-10-25,15.2,1021.1,0.0,14.514000000000001,14.8
3437,2017-10-25,14.7,1020.7,0.0,14.1,14.8
3438,2017-10-25,14.8,1020.8,0.0,14.2,14.8
3439,2017-10-25,14.4,1021.2,0.0,13.8,14.8
3440,2017-10-25,14.3,1021.4,19.0,13.9,14.8
3441,2017-10-25,14.5,1021.6,65.0,14.0,14.8
3442,2017-10-25,14.9,1022.1,113.0,14.2,14.8
3443,2017-10-25,16.4,1021.9,183.0,15.012,14.8
3444,2017-10-25,18.4,1022.1,302.0,15.83,14.8
3445,2017-10-25,19.0,1021.8,132.0,15.93,14.8
3446,2017-10-25,18.9,1021.6,408.0,15.73,14.8
3447,2017-10-25,20.2,1021.5,362.0,16.184,14.8
3448,2017-10-25,20.4,1021.4,109.0,16.328,14.8
3449,2017-10-25,19.6,1021.7,40.0,16.252,14.8
3450,2017-10-25,18.0,1022.4,0.0,15.56,14.8
3451,2017-10-25,16.8,1022.8,0.0,14.988,14.8
3452,2017-10-25,14.9,1022.8,0.0,13.508,14.8
3453,2017-10-25,13.7,1023.1,0.0,12.7,14.8
3454,2017-10-25,12.3,1023.4,0.0,11.6,14.8
3455,2017-10-28,8.8,1032.5,0.0,7.852,13.95
3456,2017-10-26,12.7,1023.3,0.0,12.2,17.05
3457,2017-10-26,12.2,1023.3,0.0,11.5,17.05
3458,2017-10-26,11.0,1023.4,0.0,10.64,17.05
3459,2017-10-26,11.9,1023.4,0.0,11.504000000000001,17.05
3460,2017-10-26,11.8,1023.1,0.0,11.31,17.05
3461,2017-10-26,12.6,1022.9,0.0,12.2,17.05
3462,2017-10-26,12.5,1022.9,0.0,12.1,17.05
3463,2017-10-26,12.3,1023.1,0.0,11.8,17.05
3464,2017-10-26,11.6,1023.5,25.0,11.312000000000001,17.05
3465,2017-10-26,11.8,1023.8,83.0,11.505999999999998,17.05
3466,2017-10-26,12.4,1024.0,132.0,12.1,17.05
3467,2017-10-26,13.5,1024.1,132.0,13.2,17.05
3468,2017-10-26,14.2,1024.0,216.0,13.8,17.05
3469,2017-10-26,15.7,1023.4,236.0,15.142000000000001,17.05
3470,2017-10-26,16.0,1023.2,188.0,15.37,17.05
3471,2017-10-26,15.9,1023.1,88.0,15.263,17.05
3472,2017-10-26,15.7,1023.1,93.0,15.036,17.05
3473,2017-10-26,15.6,1023.1,30.0,15.036,17.05
3474,2017-10-26,15.3,1023.2,0.0,14.620999999999999,17.05
3475,2017-10-26,14.4,1024.0,0.0,13.9,17.05
3476,2017-10-26,13.8,1024.3,0.0,13.4,17.05
3477,2017-10-26,13.0,1024.6,0.0,12.5,17.05
3478,2017-10-26,13.1,1024.6,0.0,12.6,17.05
3479,2017-10-29,11.9,1022.5,0.0,10.585999999999999,13.45
3480,2017-10-27,12.8,1025.0,0.0,12.4,13.95
3481,2017-10-27,12.1,1024.9,0.0,11.6,13.95
3482,2017-10-27,11.5,1025.1,0.0,11.215,13.95
3483,2017-10-27,11.5,1025.5,0.0,11.215,13.95
3484,2017-10-27,11.6,1025.3,0.0,11.408,13.95
3485,2017-10-27,11.8,1025.7,0.0,11.604000000000001,13.95
3486,2017-10-27,12.3,1026.2,0.0,12.1,13.95
3487,2017-10-27,12.5,1026.6,0.0,12.3,13.95
3488,2017-10-27,12.7,1027.3,16.0,12.5,13.95
3489,2017-10-27,12.9,1028.1,19.0,12.7,13.95
3490,2017-10-27,13.1,1029.0,105.0,12.8,13.95
3491,2017-10-27,14.2,1029.7,214.0,13.116,13.95
3492,2017-10-27,14.5,1030.3,262.0,12.956,13.95
3493,2017-10-27,15.5,1030.1,561.0,13.03,13.95
3494,2017-10-27,16.0,1030.2,121.0,12.58,13.95
3495,2017-10-27,15.0,1030.4,329.0,11.28,13.95
3496,2017-10-27,15.0,1030.4,186.0,11.04,13.95
3497,2017-10-27,14.4,1030.8,33.0,10.8,13.95
3498,2017-10-27,12.7,1031.1,0.0,9.92,13.95
3499,2017-10-27,11.3,1031.9,0.0,9.314,13.95
3500,2017-10-27,10.8,1032.5,0.0,9.088,13.95
3501,2017-10-27,10.1,1032.7,0.0,8.624,13.95
3502,2017-10-27,9.7,1032.7,0.0,8.375,13.95
3503,2017-10-30,7.3,1024.2,0.0,6.43,11.1
3504,2017-10-28,8.4,1032.2,0.0,7.68,13.45
3505,2017-10-28,8.1,1031.7,0.0,7.46,13.45
3506,2017-10-28,7.7,1031.3,0.0,7.202000000000001,13.45
3507,2017-10-28,7.2,1030.5,0.0,6.76,13.45
3508,2017-10-28,6.4,1030.6,0.0,5.98,13.45
3509,2017-10-28,6.7,1030.7,0.0,6.352,13.45
3510,2017-10-28,7.1,1030.0,0.0,6.744,13.45
3511,2017-10-28,6.6,1029.8,0.0,6.256,13.45
3512,2017-10-28,6.6,1030.0,35.0,6.256,13.45
3513,2017-10-28,7.2,1030.2,62.0,6.76,13.45
3514,2017-10-28,8.6,1029.8,158.0,7.96,13.45
3515,2017-10-28,10.3,1029.1,156.0,9.081,13.45
3516,2017-10-28,11.9,1028.5,490.0,9.902000000000001,13.45
3517,2017-10-28,12.9,1027.5,181.0,10.119,13.45
3518,2017-10-28,13.3,1026.4,193.0,10.537,13.45
3519,2017-10-28,13.5,1026.0,279.0,10.54,13.45
3520,2017-10-28,13.7,1025.2,134.0,11.075999999999999,13.45
3521,2017-10-28,13.3,1024.5,44.0,10.857999999999999,13.45
3522,2017-10-28,12.5,1024.6,0.0,10.49,13.45
3523,2017-10-28,11.6,1024.5,0.0,9.884,13.45
3524,2017-10-28,11.5,1024.5,0.0,9.87,13.45
3525,2017-10-28,11.7,1023.5,0.0,10.066,13.45
3526,2017-10-28,11.8,1023.2,0.0,10.245999999999999,13.45
3527,2018-02-25,-0.9,1022.6,0.0,-3.57,1.95
3528,2017-10-29,11.8,1021.7,0.0,10.738,11.1
3529,2017-10-29,11.9,1021.4,0.0,11.009,11.1
3530,2017-10-29,12.2,1020.2,0.0,11.5,11.1
3531,2017-10-29,12.1,1019.4,0.0,11.5,11.1
3532,2017-10-29,11.9,1019.3,0.0,11.306,11.1
3533,2017-10-29,11.9,1019.0,0.0,11.306,11.1
3534,2017-10-29,11.9,1018.8,0.0,11.405,11.1
3535,2017-10-29,11.9,1018.9,11.0,11.504000000000001,11.1
3536,2017-10-29,12.2,1019.1,95.0,11.9,11.1
3537,2017-10-29,12.8,1019.1,155.0,12.3,11.1
3538,2017-10-29,13.2,1019.1,67.0,12.7,11.1
3539,2017-10-29,13.9,1018.8,121.0,13.3,11.1
3540,2017-10-29,14.7,1018.6,156.0,13.7,11.1
3541,2017-10-29,12.1,1019.0,146.0,11.6,11.1
3542,2017-10-29,11.4,1019.9,18.0,10.835999999999999,11.1
3543,2017-10-29,11.2,1020.2,74.0,10.463,11.1
3544,2017-10-29,11.2,1020.8,33.0,10.104,11.1
3545,2017-10-29,10.6,1021.4,0.0,9.488,11.1
3546,2017-10-29,10.1,1022.3,0.0,8.867,11.1
3547,2017-10-29,9.6,1022.8,0.0,8.224,11.1
3548,2017-10-29,8.6,1023.4,0.0,7.4879999999999995,11.1
3549,2017-10-29,7.7,1024.0,0.0,6.7829999999999995,11.1
3550,2017-10-29,7.9,1024.0,0.0,7.001,11.1
3551,2017-10-30,6.9,1024.3,0.0,6.099,10.5
3552,2017-10-30,6.3,1024.4,0.0,5.812,10.5
3553,2017-10-30,6.1,1024.8,0.0,5.5329999999999995,10.5
3554,2017-10-30,5.9,1024.9,0.0,5.347,10.5
3555,2017-10-30,5.7,1025.3,0.0,5.254,10.5
3556,2017-10-30,5.5,1025.8,0.0,5.05,10.5
3557,2017-10-30,5.3,1026.3,0.0,4.862,10.5
3558,2017-10-30,5.2,1026.6,19.0,4.84,10.5
3559,2017-10-30,6.2,1027.2,151.0,5.707999999999999,10.5
3560,2017-10-30,8.0,1027.6,46.0,7.171,10.5
3561,2017-10-30,9.3,1027.9,49.0,8.002,10.5
3562,2017-10-30,10.6,1028.0,596.0,8.445,10.5
3563,2017-10-30,10.9,1027.7,176.0,8.111,10.5
3564,2017-10-30,11.3,1027.8,107.0,8.036,10.5
3565,2017-10-30,11.1,1027.9,197.0,8.187999999999999,10.5
3566,2017-10-30,11.3,1027.8,98.0,8.055,10.5
3567,2017-10-30,10.4,1027.6,42.0,7.666,10.5
3568,2017-10-30,9.0,1028.0,0.0,7.2139999999999995,10.5
3569,2017-10-30,8.1,1028.3,0.0,6.507999999999999,10.5
3570,2017-10-30,7.4,1028.6,0.0,6.204,10.5
3571,2017-10-30,7.0,1029.0,0.0,5.94,10.5
3572,2017-10-30,6.7,1029.2,0.0,5.8420000000000005,10.5
3573,2017-10-30,6.1,1028.9,0.0,5.29,10.5
3574,2017-10-31,5.9,1028.8,0.0,5.176,10.5
3575,2017-10-31,5.6,1028.6,0.0,5.0680000000000005,9.4
3576,2017-10-31,5.1,1028.5,0.0,4.6739999999999995,9.4
3577,2017-10-31,4.8,1028.3,0.0,4.44,9.4
3578,2017-10-31,4.6,1027.8,0.0,4.23,9.4
3579,2017-10-31,4.0,1028.1,0.0,3.6,9.4
3580,2017-10-31,3.5,1027.8,0.0,3.1039999999999996,9.4
3581,2017-10-31,3.8,1027.9,0.0,3.392,9.4
3582,2017-10-31,3.9,1028.4,19.0,3.488,9.4
3583,2017-10-31,5.1,1028.6,142.0,4.79,9.4
3584,2017-10-31,7.5,1028.4,53.0,6.82,9.4
3585,2017-10-31,9.1,1028.2,62.0,7.854,9.4
3586,2017-10-31,10.1,1027.9,100.0,7.96,9.4
3587,2017-10-31,11.9,1027.1,459.0,9.2,9.4
3588,2017-10-31,12.1,1026.7,367.0,9.068,9.4
3589,2017-10-31,12.5,1026.2,264.0,9.19,9.4
3590,2017-10-31,12.8,1026.0,135.0,9.058,9.4
3591,2017-10-31,12.2,1025.5,25.0,8.596,9.4
3592,2017-10-31,10.3,1025.4,0.0,7.67,9.4
3593,2017-10-31,7.9,1025.8,0.0,6.377999999999999,9.4
3594,2017-10-31,6.9,1025.1,0.0,5.78,9.4
3595,2017-10-31,6.4,1025.0,0.0,5.486000000000001,9.4
3596,2017-10-31,5.9,1025.0,0.0,5.189,9.4
3597,2017-10-31,5.9,1024.7,0.0,5.189,9.4
3598,2017-11-01,6.3,1024.4,0.0,5.486000000000001,9.4
3599,2017-11-01,5.6,1024.0,0.0,4.84,9.05
3600,2017-11-01,5.4,1024.2,0.0,4.825,9.05
3601,2017-11-01,7.6,1023.7,0.0,6.244,9.05
3602,2017-11-01,5.9,1023.3,0.0,5.041,9.05
3603,2017-11-01,7.1,1022.6,0.0,5.805,9.05
3604,2017-11-01,5.9,1022.3,0.0,5.041,9.05
3605,2017-11-01,6.8,1022.2,0.0,5.53,9.05
3606,2017-11-01,6.2,1022.3,21.0,5.178,9.05
3607,2017-11-01,5.7,1022.5,98.0,4.93,9.05
3608,2017-11-01,8.6,1022.3,139.0,7.332000000000001,9.05
3609,2017-11-01,10.4,1022.0,167.0,8.251,9.05
3610,2017-11-01,12.2,1021.5,204.0,9.068,9.05
3611,2017-11-01,13.7,1020.2,274.0,9.566,9.05
3612,2017-11-01,13.7,1019.4,211.0,9.79,9.05
3613,2017-11-01,14.2,1018.5,190.0,10.28,9.05
3614,2017-11-01,13.8,1017.7,104.0,10.37,9.05
3615,2017-11-01,13.4,1017.7,33.0,10.42,9.05
3616,2017-11-01,11.7,1017.5,0.0,9.221,9.05
3617,2017-11-01,12.1,1017.5,0.0,9.4,9.05
3618,2017-11-01,11.1,1016.7,0.0,8.936,9.05
3619,2017-11-01,10.6,1016.8,0.0,8.542,9.05
3620,2017-11-01,10.8,1016.5,0.0,8.736,9.05
3621,2017-11-01,10.2,1016.3,0.0,8.4,9.05
3622,2017-11-02,9.6,1016.1,0.0,8.067,9.05
3623,2017-11-02,9.6,1015.5,0.0,8.072000000000001,8.75
3624,2017-11-02,9.5,1015.2,0.0,8.075,8.75
3625,2017-11-02,8.7,1014.9,0.0,7.672000000000001,8.75
3626,2017-11-02,8.2,1014.6,0.0,7.314,8.75
3627,2017-11-02,8.7,1014.5,0.0,7.8,8.75
3628,2017-11-02,8.6,1014.5,0.0,7.8,8.75
3629,2017-11-02,8.6,1014.7,0.0,7.88,8.75
3630,2017-11-02,8.7,1015.0,14.0,8.06,8.75
3631,2017-11-02,9.5,1015.7,23.0,8.69,8.75
3632,2017-11-02,10.7,1015.9,102.0,9.596,8.75
3633,2017-11-02,11.5,1016.2,141.0,10.21,8.75
3634,2017-11-02,12.0,1016.0,146.0,10.6,8.75
3635,2017-11-02,12.6,1015.6,137.0,11.12,8.75
3636,2017-11-02,12.7,1015.6,109.0,11.22,8.75
3637,2017-11-02,14.2,1015.2,257.0,11.88,8.75
3638,2017-11-02,13.5,1015.1,63.0,10.965,8.75
3639,2017-11-02,13.2,1015.2,12.0,10.968,8.75
3640,2017-11-02,12.8,1015.6,0.0,10.892000000000001,8.75
3641,2017-11-02,12.5,1015.7,0.0,10.86,8.75
3642,2017-11-02,11.2,1016.1,0.0,10.016,8.75
3643,2017-11-02,11.7,1016.0,0.0,10.647,8.75
3644,2017-11-02,10.4,1016.5,0.0,9.44,8.75
3645,2017-11-02,9.7,1016.4,0.0,9.042,8.75
3646,2017-11-03,9.1,1016.3,0.0,8.526,8.75
3647,2017-11-03,9.6,1016.3,0.0,9.048,9.75
3648,2017-11-03,9.1,1016.1,0.0,8.607999999999999,9.75
3649,2017-11-03,9.9,1015.7,0.0,9.224,9.75
3650,2017-11-03,10.4,1015.4,0.0,9.718,9.75
3651,2017-11-03,10.6,1015.2,0.0,10.036,9.75
3652,2017-11-03,10.4,1015.0,0.0,9.824,9.75
3653,2017-11-03,10.9,1014.7,0.0,10.445,9.75
3654,2017-11-03,10.6,1015.0,7.0,10.13,9.75
3655,2017-11-03,10.9,1015.1,42.0,10.536,9.75
3656,2017-11-03,12.4,1014.6,127.0,11.8,9.75
3657,2017-11-03,13.0,1014.6,123.0,11.92,9.75
3658,2017-11-03,14.8,1014.3,153.0,13.032,9.75
3659,2017-11-03,16.1,1013.3,388.0,13.68,9.75
3660,2017-11-03,16.7,1012.7,334.0,13.5,9.75
3661,2017-11-03,16.2,1012.3,160.0,13.224,9.75
3662,2017-11-03,15.8,1012.0,90.0,13.072000000000001,9.75
3663,2017-11-03,15.1,1011.6,21.0,12.772,9.75
3664,2017-11-03,14.4,1011.7,0.0,12.42,9.75
3665,2017-11-03,13.8,1011.6,0.0,12.0,9.75
3666,2017-11-03,13.3,1011.1,0.0,11.66,9.75
3667,2017-11-03,13.0,1010.9,0.0,11.46,9.75
3668,2017-11-03,12.9,1010.8,0.0,11.26,9.75
3669,2017-11-03,12.6,1010.4,0.0,10.7,9.75
3670,2017-11-04,12.2,1009.7,0.0,10.48,9.75
3671,2017-11-04,11.8,1009.0,0.0,10.164,12.5
3672,2017-11-04,12.0,1008.3,0.0,10.36,12.5
3673,2017-11-04,11.7,1007.9,0.0,10.149,12.5
3674,2017-11-04,11.3,1007.2,0.0,9.943999999999999,12.5
3675,2017-11-04,11.2,1007.0,0.0,9.927999999999999,12.5
3676,2017-11-04,11.5,1006.6,0.0,10.465,12.5
3677,2017-11-04,11.3,1006.5,0.0,10.556,12.5
3678,2017-11-04,12.2,1006.3,18.0,11.3,12.5
3679,2017-11-04,12.8,1006.3,84.0,11.72,12.5
3680,2017-11-04,12.8,1006.1,39.0,11.72,12.5
3681,2017-11-04,13.4,1006.0,37.0,12.4,12.5
3682,2017-11-04,13.6,1006.1,77.0,12.9,12.5
3683,2017-11-04,14.8,1005.8,211.0,13.704,12.5
3684,2017-11-04,14.8,1005.9,33.0,13.512,12.5
3685,2017-11-04,14.3,1005.9,11.0,13.3,12.5
3686,2017-11-04,13.7,1006.1,58.0,13.0,12.5
3687,2017-11-04,13.5,1006.4,7.0,12.9,12.5
3688,2017-11-04,13.2,1006.6,0.0,12.6,12.5
3689,2017-11-04,12.9,1007.2,0.0,11.92,12.5
3690,2017-11-04,12.0,1007.4,0.0,10.76,12.5
3691,2017-11-04,11.8,1007.9,0.0,10.82,12.5
3692,2017-11-04,11.5,1007.7,0.0,10.74,12.5
3693,2017-11-04,11.1,1007.8,0.0,10.104,12.5
3694,2017-11-05,9.4,1008.7,0.0,8.696,12.5
3695,2017-11-05,9.0,1008.8,0.0,8.28,12.1
3696,2017-11-05,8.8,1008.8,0.0,8.32,12.1
3697,2017-11-05,8.6,1009.1,0.0,7.8,12.1
3698,2017-11-05,7.8,1009.4,0.0,7.144,12.1
3699,2017-11-05,7.4,1010.1,0.0,6.626,12.1
3700,2017-11-05,6.4,1010.5,0.0,5.82,12.1
3701,2017-11-05,6.2,1010.9,0.0,5.38,12.1
3702,2017-11-05,5.9,1011.9,11.0,5.11,12.1
3703,2017-11-05,6.4,1012.4,151.0,5.56,12.1
3704,2017-11-05,6.6,1012.7,211.0,5.664,12.1
3705,2017-11-05,7.1,1013.8,111.0,5.562,12.1
3706,2017-11-05,8.0,1014.3,441.0,6.12,12.1
3707,2017-11-05,8.5,1014.3,527.0,6.6,12.1
3708,2017-11-05,9.2,1014.4,81.0,6.662000000000001,12.1
3709,2017-11-05,9.3,1014.7,132.0,6.84,12.1
3710,2017-11-05,9.6,1015.1,167.0,7.16,12.1
3711,2017-11-05,8.4,1015.9,21.0,6.6,12.1
3712,2017-11-05,7.5,1016.6,0.0,5.97,12.1
3713,2017-11-05,6.6,1017.4,0.0,5.436,12.1
3714,2017-11-05,6.4,1017.8,0.0,5.337999999999999,12.1
3715,2017-11-05,5.9,1018.2,0.0,5.041,12.1
3716,2017-11-05,5.7,1018.9,0.0,4.863,12.1
3717,2017-11-05,5.3,1019.5,0.0,4.643,12.1
3718,2017-11-06,5.5,1020.1,0.0,4.9,12.1
3719,2017-11-06,5.3,1020.6,0.0,4.789,9.55
3720,2017-11-06,5.0,1020.7,0.0,4.58,9.55
3721,2017-11-06,4.4,1021.0,0.0,4.02,9.55
3722,2017-11-06,4.0,1021.6,0.0,3.6,9.55
3723,2017-11-06,3.7,1022.2,0.0,3.392,9.55
3724,2017-11-06,4.0,1022.7,0.0,3.6,9.55
3725,2017-11-06,4.4,1023.3,0.0,4.02,9.55
3726,2017-11-06,4.4,1023.8,11.0,3.944,9.55
3727,2017-11-06,5.2,1024.5,118.0,4.624,9.55
3728,2017-11-06,6.4,1024.8,46.0,5.324,9.55
3729,2017-11-06,7.5,1025.3,51.0,6.055,9.55
3730,2017-11-06,8.7,1025.2,448.0,6.87,9.55
3731,2017-11-06,9.2,1024.8,439.0,6.936,9.55
3732,2017-11-06,10.1,1024.5,54.0,6.671,9.55
3733,2017-11-06,10.1,1024.5,276.0,6.48,9.55
3734,2017-11-06,10.0,1024.6,128.0,6.4,9.55
3735,2017-11-06,9.1,1024.5,19.0,5.69,9.55
3736,2017-11-06,7.5,1024.8,0.0,4.85,9.55
3737,2017-11-06,6.3,1024.9,0.0,4.32,9.55
3738,2017-11-06,5.3,1025.4,0.0,3.94,9.55
3739,2017-11-06,3.8,1025.4,0.0,2.627,9.55
3740,2017-11-06,3.8,1025.3,0.0,2.544,9.55
3741,2017-11-06,3.9,1025.2,0.0,2.5580000000000003,9.55
3742,2017-11-07,2.8,1025.0,0.0,1.92,9.55
3743,2017-11-07,2.1,1024.2,0.0,1.47,7.8
3744,2017-11-07,2.0,1023.4,0.0,1.24,7.8
3745,2017-11-07,1.3,1023.3,0.0,0.74,7.8
3746,2017-11-07,1.3,1023.1,0.0,0.67,7.8
3747,2017-11-07,0.8,1022.7,0.0,0.29600000000000004,7.8
3748,2017-11-07,1.9,1022.1,0.0,1.41,7.8
3749,2017-11-07,0.9,1022.1,0.0,0.332,7.8
3750,2017-11-07,1.1,1022.2,11.0,0.54,7.8
3751,2017-11-07,2.4,1022.2,125.0,1.84,7.8
3752,2017-11-07,5.2,1021.9,37.0,4.046,7.8
3753,2017-11-07,7.0,1021.3,39.0,4.87,7.8
3754,2017-11-07,7.9,1020.5,422.0,5.004,7.8
3755,2017-11-07,8.6,1019.8,457.0,5.46,7.8
3756,2017-11-07,9.1,1019.1,359.0,5.888,7.8
3757,2017-11-07,9.4,1018.7,267.0,5.96,7.8
3758,2017-11-07,9.9,1018.2,123.0,5.915,7.8
3759,2017-11-07,9.3,1017.8,16.0,5.497999999999999,7.8
3760,2017-11-07,7.2,1017.9,0.0,4.328,7.8
3761,2017-11-07,5.0,1017.9,0.0,3.22,7.8
3762,2017-11-07,3.2,1018.0,0.0,1.79,7.8
3763,2017-11-07,4.0,1017.4,0.0,2.22,7.8
3764,2017-11-07,3.4,1017.3,0.0,1.9,7.8
3765,2017-11-07,1.6,1017.0,0.0,0.6759999999999999,7.8
3766,2017-11-08,1.6,1016.8,0.0,0.732,7.8
3767,2017-11-08,1.8,1016.5,0.0,0.868,6.25
3768,2017-11-08,2.6,1016.3,0.0,1.42,6.25
3769,2017-11-08,3.3,1016.0,0.0,2.003,6.25
3770,2017-11-08,4.2,1016.0,0.0,2.67,6.25
3771,2017-11-08,4.8,1015.7,0.0,3.11,6.25
3772,2017-11-08,4.8,1016.0,0.0,3.18,6.25
3773,2017-11-08,4.5,1016.1,0.0,3.165,6.25
3774,2017-11-08,4.5,1016.7,0.0,3.4760000000000004,6.25
3775,2017-11-08,4.2,1017.5,26.0,3.148,6.25
3776,2017-11-08,4.4,1018.1,74.0,3.62,6.25
3777,2017-11-08,5.1,1018.7,95.0,4.268,6.25
3778,2017-11-08,6.4,1018.8,123.0,5.263999999999999,6.25
3779,2017-11-08,7.1,1018.7,144.0,5.805,6.25
3780,2017-11-08,7.4,1019.0,137.0,6.204,6.25
3781,2017-11-08,7.5,1019.2,199.0,6.225,6.25
3782,2017-11-08,8.2,1019.5,95.0,6.797999999999999,6.25
3783,2017-11-08,7.9,1020.0,14.0,6.645,6.25
3784,2017-11-08,7.7,1020.6,0.0,6.609,6.25
3785,2017-11-08,7.6,1021.0,0.0,6.6739999999999995,6.25
3786,2017-11-08,7.4,1021.5,0.0,6.54,6.25
3787,2017-11-08,7.1,1021.8,0.0,6.2989999999999995,6.25
3788,2017-11-08,6.4,1021.9,0.0,4.968,6.25
3789,2017-11-08,6.2,1022.2,0.0,4.876,6.25
3790,2017-11-09,6.2,1022.2,0.0,4.732,6.25
3791,2017-11-09,6.2,1022.3,0.0,4.803999999999999,4.5
3792,2017-11-09,6.1,1022.4,0.0,4.71,4.5
3793,2017-11-09,6.3,1022.6,0.0,4.886,4.5
3794,2017-11-09,6.5,1022.7,0.0,5.35,4.5
3795,2017-11-09,6.7,1022.9,0.0,5.445,4.5
3796,2017-11-09,6.8,1023.0,0.0,5.608,4.5
3797,2017-11-09,6.8,1023.3,0.0,5.8420000000000005,4.5
3798,2017-11-09,6.6,1023.9,5.0,5.912000000000001,4.5
3799,2017-11-09,6.9,1024.6,56.0,6.277,4.5
3800,2017-11-09,7.4,1025.0,56.0,6.8839999999999995,4.5
3801,2017-11-09,8.2,1025.1,79.0,7.54,4.5
3802,2017-11-09,8.9,1024.7,295.0,8.1,4.5
3803,2017-11-09,9.6,1024.6,107.0,8.3,4.5
3804,2017-11-09,10.2,1024.3,137.0,8.072000000000001,4.5
3805,2017-11-09,10.4,1024.2,97.0,8.347999999999999,4.5
3806,2017-11-09,10.5,1024.3,69.0,7.843999999999999,4.5
3807,2017-11-09,9.9,1024.2,9.0,7.32,4.5
3808,2017-11-09,9.6,1024.4,0.0,7.5,4.5
3809,2017-11-09,9.4,1024.8,0.0,7.522,4.5
3810,2017-11-09,9.3,1024.8,0.0,7.5360000000000005,4.5
3811,2017-11-09,9.1,1024.8,0.0,7.57,4.5
3812,2017-11-09,8.8,1024.6,0.0,7.4079999999999995,4.5
3813,2017-11-09,8.8,1024.4,0.0,7.704,4.5
3814,2017-11-10,8.3,1024.9,0.0,7.74,4.5
3815,2017-11-10,8.3,1024.1,0.0,8.0,6.15
3816,2017-11-10,8.4,1023.6,0.0,8.0,6.15
3817,2017-11-10,8.5,1022.5,0.0,8.18,6.15
3818,2017-11-10,8.7,1022.4,0.0,8.38,6.15
3819,2017-11-10,8.9,1021.7,0.0,8.58,6.15
3820,2017-11-10,9.1,1021.9,0.0,8.854,6.15
3821,2017-11-10,9.6,1021.7,0.0,9.324,6.15
3822,2017-11-10,9.5,1021.0,0.0,9.14,6.15
3823,2017-11-10,9.8,1021.3,32.0,9.224,6.15
3824,2017-11-10,10.2,1021.0,81.0,9.416,6.15
3825,2017-11-10,10.3,1020.7,116.0,9.718,6.15
3826,2017-11-10,10.7,1020.1,91.0,10.142000000000001,6.15
3827,2017-11-10,11.3,1019.6,93.0,10.742,6.15
3828,2017-11-10,11.9,1019.3,134.0,11.212,6.15
3829,2017-11-10,12.0,1019.1,109.0,11.3,6.15
3830,2017-11-10,12.3,1019.0,51.0,11.3,6.15
3831,2017-11-10,12.1,1019.3,16.0,10.62,6.15
3832,2017-11-10,11.4,1020.1,0.0,9.943999999999999,6.15
3833,2017-11-10,10.9,1020.9,0.0,9.367,6.15
3834,2017-11-10,10.2,1021.3,0.0,8.482000000000001,6.15
3835,2017-11-10,9.5,1021.3,0.0,8.225,6.15
3836,2017-11-10,9.3,1021.3,0.0,8.075,6.15
3837,2017-11-10,9.1,1021.4,0.0,7.854,6.15
3838,2017-11-11,8.8,1021.2,0.0,7.556,6.15
3839,2017-11-11,8.6,1020.6,0.0,7.52,9.35
3840,2017-11-11,8.3,1020.4,0.0,7.164,9.35
3841,2017-11-11,8.4,1019.8,0.0,7.354,9.35
3842,2017-11-11,8.2,1018.7,0.0,7.314,9.35
3843,2017-11-11,8.3,1017.4,0.0,7.66,9.35
3844,2017-11-11,8.6,1015.7,0.0,8.2,9.35
3845,2017-11-11,9.4,1015.1,0.0,9.048,9.35
3846,2017-11-11,9.9,1014.6,0.0,9.508,9.35
3847,2017-11-11,10.3,1013.8,21.0,9.912,9.35
3848,2017-11-11,10.6,1013.3,51.0,10.13,9.35
3849,2017-11-11,11.1,1012.5,51.0,10.554,9.35
3850,2017-11-11,11.4,1011.9,77.0,10.742,9.35
3851,2017-11-11,11.7,1011.2,113.0,11.118,9.35
3852,2017-11-11,12.3,1010.5,76.0,11.6,9.35
3853,2017-11-11,12.7,1010.0,70.0,12.0,9.35
3854,2017-11-11,12.7,1010.1,39.0,12.3,9.35
3855,2017-11-11,12.9,1010.0,9.0,12.4,9.35
3856,2017-11-11,12.8,1010.2,0.0,12.3,9.35
3857,2017-11-11,12.8,1010.7,0.0,12.4,9.35
3858,2017-11-11,12.7,1010.9,0.0,12.3,9.35
3859,2017-11-11,12.7,1011.1,0.0,12.3,9.35
3860,2017-11-11,12.5,1011.0,0.0,12.0,9.35
3861,2017-11-11,12.4,1011.2,0.0,12.0,9.35
3862,2017-11-12,12.1,1010.9,0.0,11.8,9.35
3863,2017-11-12,11.7,1010.6,0.0,11.409,10.6
3864,2017-11-12,11.8,1009.6,0.0,11.604000000000001,10.6
3865,2017-11-12,12.0,1009.0,0.0,11.7,10.6
3866,2017-11-12,11.9,1007.9,0.0,11.504000000000001,10.6
3867,2017-11-12,11.4,1007.1,0.0,11.024000000000001,10.6
3868,2017-11-12,11.2,1006.3,0.0,10.832,10.6
3869,2017-11-12,11.3,1005.0,0.0,10.927999999999999,10.6
3870,2017-11-12,11.2,1003.9,0.0,10.74,10.6
3871,2017-11-12,11.5,1002.9,33.0,11.024000000000001,10.6
3872,2017-11-12,11.2,1003.3,21.0,10.742,10.6
3873,2017-11-12,7.9,1005.4,109.0,7.332999999999999,10.6
3874,2017-11-12,7.9,1005.6,171.0,7.414,10.6
3875,2017-11-12,8.1,1006.0,165.0,7.4,10.6
3876,2017-11-12,8.0,1006.3,364.0,6.12,10.6
3877,2017-11-12,8.2,1006.9,137.0,6.45,10.6
3878,2017-11-12,7.8,1007.5,118.0,6.188,10.6
3879,2017-11-12,7.3,1008.6,11.0,5.232,10.6
3880,2017-11-12,6.8,1009.9,0.0,4.79,10.6
3881,2017-11-12,6.2,1011.1,0.0,4.52,10.6
3882,2017-11-12,6.4,1012.2,0.0,4.61,10.6
3883,2017-11-12,6.6,1013.3,0.0,4.77,10.6
3884,2017-11-12,6.8,1014.2,0.0,4.93,10.6
3885,2017-11-12,6.8,1014.7,0.0,4.93,10.6
3886,2017-11-13,6.3,1015.2,0.0,4.813,10.6
3887,2017-11-13,5.8,1016.0,0.0,4.68,10.15
3888,2017-11-13,5.6,1016.4,0.0,4.5760000000000005,10.15
3889,2017-11-13,5.7,1017.2,0.0,4.729,10.15
3890,2017-11-13,6.2,1017.7,0.0,5.02,10.15
3891,2017-11-13,5.7,1018.2,0.0,4.748,10.15
3892,2017-11-13,5.6,1019.1,0.0,4.595,10.15
3893,2017-11-13,5.4,1019.8,0.0,4.404,10.15
3894,2017-11-13,5.6,1020.3,5.0,4.662,10.15
3895,2017-11-13,5.7,1021.4,125.0,4.662,10.15
3896,2017-11-13,6.5,1021.6,49.0,5.2,10.15
3897,2017-11-13,7.4,1021.9,67.0,5.683,10.15
3898,2017-11-13,7.9,1022.4,172.0,5.936,10.15
3899,2017-11-13,8.4,1022.0,111.0,6.15,10.15
3900,2017-11-13,8.9,1022.4,366.0,6.57,10.15
3901,2017-11-13,9.1,1022.5,278.0,6.482,10.15
3902,2017-11-13,9.0,1022.5,93.0,6.6,10.15
3903,2017-11-13,7.8,1023.1,12.0,5.928,10.15
3904,2017-11-13,6.8,1023.8,0.0,5.296,10.15
3905,2017-11-13,6.3,1024.4,0.0,5.105,10.15
3906,2017-11-13,5.8,1024.7,0.0,4.748,10.15
3907,2017-11-13,5.4,1025.0,0.0,4.596,10.15
3908,2017-11-13,5.1,1025.4,0.0,4.461,10.15
3909,2017-11-13,4.7,1025.4,0.0,4.043,10.15
3910,2017-11-14,4.6,1025.4,0.0,3.9339999999999997,10.15
3911,2017-11-14,3.7,1025.1,0.0,3.161,7.65
3912,2017-11-14,3.4,1025.2,0.0,2.9560000000000004,7.65
3913,2017-11-14,3.5,1025.4,0.0,3.05,7.65
3914,2017-11-14,3.2,1025.2,0.0,2.84,7.65
3915,2017-11-14,3.0,1025.1,0.0,2.55,7.65
3916,2017-11-14,2.3,1025.6,0.0,1.98,7.65
3917,2017-11-14,2.3,1025.8,0.0,2.02,7.65
3918,2017-11-14,3.6,1026.0,5.0,3.22,7.65
3919,2017-11-15,6.5,1026.3,0.0,5.425,0.0
3920,2017-11-21,8.6,1017.5,44.0,7.8,7.1
3921,2017-11-21,9.5,1017.1,95.0,8.525,7.1
3922,2017-11-21,10.0,1016.4,79.0,8.786,7.1
3923,2017-11-21,9.9,1015.9,62.0,8.604,7.1
3924,2017-11-21,11.0,1014.8,58.0,9.47,7.1
3925,2017-11-21,11.1,1014.5,28.0,9.745,7.1
3926,2017-11-21,10.9,1014.2,0.0,9.634,7.1
3927,2017-11-21,10.3,1014.3,0.0,9.356,7.1
3928,2017-11-21,10.1,1014.2,0.0,9.11,7.1
3929,2017-11-21,10.8,1014.0,0.0,9.704,7.1
3930,2017-11-21,10.7,1013.6,0.0,9.683,7.1
3931,2017-11-21,10.6,1013.5,0.0,9.574,7.1
3932,2017-11-21,10.4,1013.3,0.0,9.356,7.1
3933,2017-11-22,9.8,1013.0,0.0,8.936,7.1
3934,2018-02-25,-0.4,1022.3,0.0,-3.17,1.95
3935,2017-11-15,7.6,1026.2,0.0,6.33,5.1
3936,2017-11-15,6.3,1026.1,0.0,5.38,5.1
3937,2017-11-15,6.2,1025.8,0.0,5.462000000000001,5.1
3938,2017-11-15,6.8,1025.6,0.0,5.752999999999999,5.1
3939,2017-11-15,6.5,1025.4,0.0,5.728,5.1
3940,2017-11-15,6.2,1025.3,0.0,5.462000000000001,5.1
3941,2017-11-15,6.6,1025.3,0.0,5.74,5.1
3942,2017-11-15,6.5,1025.3,0.0,5.735,5.1
3943,2017-11-15,6.8,1025.9,19.0,5.92,5.1
3944,2017-11-15,7.7,1026.0,42.0,6.7829999999999995,5.1
3945,2017-11-15,8.6,1026.1,125.0,7.722,5.1
3946,2017-11-15,10.0,1025.5,113.0,8.52,5.1
3947,2017-11-15,10.0,1025.2,83.0,8.68,5.1
3948,2017-11-15,10.5,1024.6,374.0,9.187999999999999,5.1
3949,2017-11-15,11.7,1024.4,137.0,10.066,5.1
3950,2017-11-15,11.3,1024.2,69.0,9.761000000000001,5.1
3951,2017-11-15,10.3,1024.4,5.0,8.998,5.1
3952,2017-11-15,9.8,1024.0,0.0,8.45,5.1
3953,2017-11-15,8.2,1024.2,0.0,7.48,5.1
3954,2017-11-15,9.9,1024.2,0.0,8.446,5.1
3955,2017-11-15,9.6,1024.4,0.0,8.3,5.1
3956,2017-11-15,8.6,1024.2,0.0,7.566,5.1
3957,2017-11-15,7.5,1023.9,0.0,6.735,5.1
3958,2017-11-16,6.2,1023.9,0.0,5.544,5.1
3959,2017-11-16,5.7,1023.4,0.0,5.1610000000000005,9.15
3960,2017-11-16,5.2,1023.2,0.0,4.84,9.15
3961,2017-11-16,5.6,1023.0,0.0,5.125,9.15
3962,2017-11-16,5.1,1022.9,0.0,4.745,9.15
3963,2017-11-16,5.2,1022.6,0.0,4.816,9.15
3964,2017-11-16,5.6,1022.6,0.0,5.296,9.15
3965,2017-11-16,6.8,1022.7,0.0,6.5360000000000005,9.15
3966,2017-11-16,6.1,1023.0,7.0,5.776,9.15
3967,2017-11-16,6.3,1022.9,81.0,5.885,9.15
3968,2017-11-16,7.1,1023.3,93.0,6.566,9.15
3969,2017-11-16,7.3,1023.8,51.0,6.517,9.15
3970,2017-11-16,9.2,1023.7,111.0,7.2,9.15
3971,2017-11-16,10.9,1023.4,258.0,7.912999999999999,9.15
3972,2017-11-16,10.9,1023.1,156.0,7.912999999999999,9.15
3973,2017-11-16,12.1,1022.6,88.0,8.735,9.15
3974,2017-11-16,10.9,1023.0,54.0,8.296,9.15
3975,2017-11-16,11.1,1023.2,7.0,8.663,9.15
3976,2017-11-16,10.0,1023.6,0.0,8.138,9.15
3977,2017-11-16,9.1,1023.8,0.0,7.784,9.15
3978,2017-11-16,8.8,1024.1,0.0,7.556,9.15
3979,2017-11-16,8.3,1024.6,0.0,7.164,9.15
3980,2017-11-16,7.8,1025.1,0.0,6.892,9.15
3981,2017-11-16,8.3,1025.0,0.0,7.247999999999999,9.15
3982,2017-11-17,8.2,1024.9,0.0,7.142,9.15
3983,2017-11-17,7.7,1024.7,0.0,6.87,9.35
3984,2017-11-17,8.3,1024.8,0.0,7.6,9.35
3985,2017-11-17,8.3,1025.1,0.0,7.58,9.35
3986,2017-11-17,8.3,1025.0,0.0,7.58,9.35
3987,2017-11-17,8.5,1025.1,0.0,7.62,9.35
3988,2017-11-17,8.4,1025.2,0.0,7.436,9.35
3989,2017-11-17,8.2,1025.5,0.0,7.314,9.35
3990,2017-11-17,8.4,1025.6,0.0,7.518,9.35
3991,2017-11-17,8.6,1026.1,83.0,7.96,9.35
3992,2017-11-17,8.6,1026.3,93.0,8.12,9.35
3993,2017-11-17,8.8,1026.5,44.0,8.4,9.35
3994,2017-11-17,9.2,1026.4,142.0,8.863999999999999,9.35
3995,2017-11-17,9.6,1026.0,113.0,9.232000000000001,9.35
3996,2017-11-17,9.6,1025.9,40.0,9.14,9.35
3997,2017-11-17,9.7,1025.9,40.0,8.948,9.35
3998,2017-11-17,9.6,1025.7,21.0,8.863999999999999,9.35
3999,2017-11-17,9.7,1025.4,0.0,8.854,9.35
4000,2017-11-17,9.5,1025.7,0.0,8.78,9.35
4001,2017-11-17,9.0,1026.0,0.0,8.28,9.35
4002,2017-11-17,8.4,1026.0,0.0,7.82,9.35
4003,2017-11-17,7.9,1026.0,0.0,7.332999999999999,9.35
4004,2017-11-17,7.1,1026.0,0.0,6.477,9.35
4005,2017-11-17,6.5,1025.7,0.0,5.82,9.35
4006,2017-11-18,5.1,1026.0,0.0,4.6739999999999995,9.35
4007,2017-11-18,4.9,1025.6,0.0,4.545,7.4
4008,2017-11-18,4.4,1025.5,0.0,4.02,7.4
4009,2017-11-18,3.9,1025.5,0.0,3.5839999999999996,7.4
4010,2017-11-18,4.6,1025.1,0.0,4.303999999999999,7.4
4011,2017-11-18,4.9,1025.0,0.0,4.6160000000000005,7.4
4012,2017-11-18,4.1,1024.4,0.0,3.705,7.4
4013,2017-11-18,4.1,1024.3,0.0,3.68,7.4
4014,2017-11-18,4.6,1024.6,0.0,4.008,7.4
4015,2017-11-18,4.5,1025.5,28.0,3.944,7.4
4016,2017-11-18,5.3,1025.3,102.0,5.008,7.4
4017,2017-11-18,5.5,1025.3,107.0,5.22,7.4
4018,2017-11-18,6.4,1025.3,151.0,5.896,7.4
4019,2017-11-18,7.4,1024.7,97.0,6.456,7.4
4020,2017-11-18,7.9,1024.3,91.0,6.734,7.4
4021,2017-11-18,8.3,1023.8,69.0,6.912000000000001,7.4
4022,2017-11-18,8.4,1023.1,74.0,7.026,7.4
4023,2017-11-18,7.9,1023.1,7.0,6.734,7.4
4024,2017-11-18,7.5,1022.7,0.0,6.395,7.4
4025,2017-11-18,7.3,1022.5,0.0,6.347,7.4
4026,2017-11-18,7.3,1022.2,0.0,6.347,7.4
4027,2017-11-18,7.2,1022.1,0.0,6.2379999999999995,7.4
4028,2017-11-18,6.7,1021.8,0.0,5.752999999999999,7.4
4029,2017-11-18,6.8,1021.3,0.0,6.007999999999999,7.4
4030,2017-11-19,7.4,1020.2,0.0,6.626,7.4
4031,2017-11-19,7.5,1019.9,0.0,6.928,6.85
4032,2017-11-19,8.4,1019.3,0.0,7.68,6.85
4033,2017-11-19,8.7,1019.1,0.0,7.98,6.85
4034,2017-11-19,8.4,1019.3,0.0,7.84,6.85
4035,2017-11-19,8.2,1019.3,0.0,7.88,6.85
4036,2017-11-19,8.7,1019.8,0.0,8.46,6.85
4037,2017-11-19,8.1,1020.1,0.0,7.86,6.85
4038,2017-11-19,7.8,1020.7,0.0,7.472,6.85
4039,2017-11-19,7.2,1021.6,40.0,6.584,6.85
4040,2017-11-19,7.3,1022.2,58.0,6.347,6.85
4041,2017-11-19,7.7,1022.4,76.0,6.1739999999999995,6.85
4042,2017-11-19,7.9,1022.8,199.0,5.936,6.85
4043,2017-11-19,8.1,1022.8,181.0,5.97,6.85
4044,2017-11-19,8.4,1022.6,221.0,6.15,6.85
4045,2017-11-19,8.7,1022.6,250.0,6.028,6.85
4046,2017-11-19,8.2,1022.7,53.0,5.73,6.85
4047,2017-11-19,7.7,1023.0,9.0,5.58,6.85
4048,2017-11-19,6.8,1023.3,0.0,5.0,6.85
4049,2017-11-19,5.1,1023.6,0.0,4.024,6.85
4050,2017-11-19,4.5,1024.0,0.0,3.62,6.85
4051,2017-11-19,4.3,1024.1,0.0,3.3960000000000004,6.85
4052,2017-11-19,4.8,1024.4,0.0,3.832,6.85
4053,2017-11-19,5.4,1024.2,0.0,4.36,6.85
4054,2017-11-20,4.9,1024.1,0.0,3.885,6.85
4055,2017-11-20,4.7,1024.0,0.0,3.781,4.4
4056,2017-11-20,5.1,1023.6,0.0,4.146,4.4
4057,2017-11-20,5.1,1023.1,0.0,4.207,4.4
4058,2017-11-20,5.2,1022.6,0.0,4.232,4.4
4059,2017-11-20,5.3,1022.7,0.0,4.444,4.4
4060,2017-11-20,5.4,1021.9,0.0,4.532,4.4
4061,2017-11-20,5.5,1021.8,0.0,4.975,4.4
4062,2017-11-20,5.9,1021.9,0.0,5.347,4.4
4063,2017-11-20,6.2,1021.8,14.0,5.707999999999999,4.4
4064,2017-11-20,6.7,1022.0,51.0,6.178,4.4
4065,2017-11-20,7.6,1022.0,77.0,7.0120000000000005,4.4
4066,2017-11-20,8.4,1021.5,70.0,7.76,4.4
4067,2017-11-20,8.6,1020.8,46.0,8.04,4.4
4068,2017-11-20,8.7,1020.1,62.0,8.4,4.4
4069,2017-11-20,9.6,1019.3,97.0,8.956,4.4
4070,2017-11-20,9.8,1018.9,62.0,8.527999999999999,4.4
4071,2017-11-20,9.8,1018.6,0.0,8.529,4.4
4072,2017-11-20,9.3,1018.4,0.0,8.294,4.4
4073,2017-11-20,9.0,1018.3,0.0,8.28,4.4
4074,2017-11-20,9.1,1017.9,0.0,8.362,4.4
4075,2017-11-20,9.4,1017.9,0.0,8.607999999999999,4.4
4076,2017-11-20,9.4,1018.3,0.0,8.607999999999999,4.4
4077,2017-11-20,9.1,1018.0,0.0,8.443999999999999,4.4
4078,2017-11-21,8.9,1018.1,0.0,8.36,4.4
4079,2017-12-08,6.1,1014.6,0.0,5.452000000000001,6.05
4080,2017-12-08,5.5,1014.7,0.0,4.992,6.05
4081,2017-12-08,4.8,1014.8,0.0,4.261,6.05
4082,2017-12-08,4.7,1015.1,0.0,4.1160000000000005,6.05
4083,2017-12-08,5.3,1015.2,0.0,4.444,6.05
4084,2017-12-08,4.4,1014.6,0.0,3.574,6.05
4085,2017-12-08,4.6,1015.2,0.0,3.685,6.05
4086,2017-12-08,3.9,1015.3,0.0,2.972,6.05
4087,2017-12-08,3.6,1015.7,44.0,2.7739999999999996,6.05
4088,2017-11-21,9.2,1018.0,0.0,8.443999999999999,7.1
4089,2017-11-21,9.2,1017.7,0.0,8.527999999999999,7.1
4090,2017-11-21,8.5,1017.7,0.0,7.94,7.1
4091,2017-11-21,8.3,1017.5,0.0,7.74,7.1
4092,2017-11-21,8.2,1017.3,0.0,7.64,7.1
4093,2017-11-21,8.2,1017.0,0.0,7.56,7.1
4094,2017-11-21,8.3,1016.9,0.0,7.58,7.1
4095,2017-11-21,8.2,1017.1,0.0,7.4,7.1
4096,2017-11-21,8.3,1017.6,11.0,7.5,7.1
4097,2017-11-21,8.6,1017.4,53.0,7.8,7.1
4098,2017-11-22,10.3,1012.8,0.0,9.33,5.75
4099,2017-11-22,10.1,1012.1,0.0,9.029,5.75
4100,2017-11-22,10.0,1011.7,0.0,9.0,5.75
4101,2017-11-22,9.4,1010.9,0.0,8.783999999999999,5.75
4102,2017-11-22,9.4,1010.5,0.0,8.696,5.75
4103,2017-11-22,9.3,1010.1,0.0,8.44,5.75
4104,2017-11-22,8.7,1009.6,0.0,8.0,5.75
4105,2017-11-22,8.5,1009.8,0.0,7.6,5.75
4106,2017-11-22,7.8,1009.9,37.0,7.062,5.75
4107,2017-11-22,8.4,1009.6,62.0,7.518,5.75
4108,2017-11-22,10.1,1009.4,44.0,8.381,5.75
4109,2017-11-22,11.7,1008.1,39.0,9.124,5.75
4110,2017-11-22,13.3,1007.1,109.0,9.71,5.75
4111,2017-11-22,14.3,1006.3,308.0,10.48,5.75
4112,2017-11-22,15.1,1005.3,209.0,10.89,5.75
4113,2017-11-22,15.3,1004.5,65.0,10.83,5.75
4114,2017-11-22,14.4,1004.0,7.0,10.32,5.75
4115,2017-11-22,13.7,1003.6,0.0,9.79,5.75
4116,2017-11-22,13.1,1003.2,0.0,9.49,5.75
4117,2017-11-22,13.4,1002.7,0.0,9.7,5.75
4118,2017-11-22,13.2,1002.5,0.0,9.12,5.75
4119,2017-11-22,12.9,1002.1,0.0,8.73,5.75
4120,2017-11-22,13.2,1001.7,0.0,8.932,5.75
4121,2017-11-23,13.7,1001.1,0.0,9.462,5.75
4122,2017-11-23,13.2,1000.4,0.0,9.36,11.7
4123,2017-11-23,13.2,1000.2,0.0,9.71,11.7
4124,2017-11-23,13.3,999.4,0.0,9.82,11.7
4125,2017-11-23,13.0,998.9,0.0,9.74,11.7
4126,2017-11-23,13.1,998.8,0.0,9.97,11.7
4127,2017-11-23,13.5,998.9,0.0,10.53,11.7
4128,2017-11-23,13.5,1000.0,0.0,10.41,11.7
4129,2017-11-23,12.9,1000.9,0.0,10.555,11.7
4130,2017-11-23,12.9,1002.1,12.0,10.991,11.7
4131,2017-11-23,13.5,1003.3,90.0,11.7,11.7
4132,2017-11-23,14.6,1004.2,162.0,12.6,11.7
4133,2017-11-23,15.3,1004.9,125.0,12.960999999999999,11.7
4134,2017-11-23,15.8,1004.8,243.0,13.482999999999999,11.7
4135,2017-11-23,15.9,1005.4,276.0,13.700999999999999,11.7
4136,2017-11-23,14.7,1005.8,25.0,13.312000000000001,11.7
4137,2017-11-23,13.5,1006.3,19.0,12.7,11.7
4138,2017-11-23,13.0,1006.9,5.0,12.1,11.7
4139,2017-11-23,12.6,1007.6,0.0,11.9,11.7
4140,2017-11-23,12.5,1008.2,0.0,11.9,11.7
4141,2017-11-23,12.3,1009.1,0.0,11.7,11.7
4142,2017-11-23,12.1,1009.1,0.0,11.5,11.7
4143,2017-11-23,11.9,1009.0,0.0,11.405,11.7
4144,2017-11-23,12.7,1008.4,0.0,12.0,11.7
4145,2017-11-24,13.5,1007.5,0.0,12.7,11.7
4146,2017-11-24,13.6,1007.1,0.0,12.7,11.8
4147,2017-11-24,13.2,1006.5,0.0,12.4,11.8
4148,2017-11-24,13.0,1005.9,0.0,12.0,11.8
4149,2017-11-24,12.8,1005.7,0.0,11.72,11.8
4150,2017-11-24,12.3,1006.0,0.0,11.16,11.8
4151,2017-11-24,11.8,1006.6,0.0,10.82,11.8
4152,2017-11-24,11.4,1007.2,0.0,10.93,11.8
4153,2017-11-24,11.2,1007.8,0.0,10.74,11.8
4154,2017-11-24,9.9,1009.2,9.0,9.4,11.8
4155,2017-11-24,8.9,1010.2,26.0,8.5,11.8
4156,2017-11-24,8.9,1010.7,104.0,8.5,11.8
4157,2017-11-24,9.2,1010.8,162.0,8.612,11.8
4158,2017-11-24,9.8,1010.9,167.0,8.936,11.8
4159,2017-11-24,9.9,1010.9,162.0,8.762,11.8
4160,2017-11-24,10.3,1010.8,81.0,9.081,11.8
4161,2017-11-24,10.2,1011.1,67.0,8.892000000000001,11.8
4162,2017-11-24,9.9,1010.9,0.0,8.841000000000001,11.8
4163,2017-11-24,9.6,1011.4,0.0,8.68,11.8
4164,2017-11-24,9.5,1011.4,0.0,8.6,11.8
4165,2017-11-24,9.2,1011.7,0.0,8.36,11.8
4166,2017-11-24,9.0,1011.6,0.0,8.28,11.8
4167,2017-11-24,8.8,1011.7,0.0,8.08,11.8
4168,2017-11-24,8.7,1011.1,0.0,7.98,11.8
4169,2017-11-25,8.6,1011.0,0.0,7.88,11.8
4170,2017-11-25,8.4,1010.7,0.0,7.6,12.8
4171,2017-11-25,8.0,1010.3,0.0,7.2,12.8
4172,2017-11-25,7.6,1010.0,0.0,6.76,12.8
4173,2017-11-25,6.9,1009.8,0.0,6.099,12.8
4174,2017-11-25,6.2,1009.7,0.0,5.626,12.8
4175,2017-11-25,6.3,1009.9,0.0,5.636,12.8
4176,2017-11-25,5.9,1010.2,0.0,5.11,12.8
4177,2017-11-25,5.2,1011.1,0.0,4.552,12.8
4178,2017-11-25,5.2,1012.2,21.0,4.48,12.8
4179,2017-11-25,5.5,1013.3,40.0,4.916,12.8
4180,2017-11-25,5.6,1014.7,97.0,4.84,12.8
4181,2017-11-25,4.2,1015.9,120.0,3.576,12.8
4182,2017-11-25,5.2,1016.3,132.0,4.552,12.8
4183,2017-11-25,6.0,1016.8,341.0,4.78,12.8
4184,2017-11-25,6.3,1017.2,220.0,4.67,12.8
4185,2017-11-25,6.3,1017.2,220.0,4.67,12.8
4186,2017-11-25,6.3,1017.2,220.0,4.67,12.8
4187,2017-11-25,6.3,1017.2,220.0,4.67,12.8
4188,2017-11-25,6.3,1017.2,220.0,4.67,12.8
4189,2017-11-25,6.3,1017.2,220.0,4.67,12.8
4190,2017-11-25,6.3,1017.2,220.0,4.67,12.8
4191,2017-11-25,6.3,1017.2,220.0,4.67,12.8
4192,2017-11-25,6.3,1017.2,220.0,4.67,12.8
4193,2017-11-26,6.3,1017.2,220.0,4.67,12.8
4194,2017-11-26,6.3,1017.2,220.0,4.67,8.55
4195,2017-11-26,6.3,1017.2,220.0,4.67,8.55
4196,2017-11-26,6.3,1017.2,220.0,4.67,8.55
4197,2017-11-26,6.3,1017.2,220.0,4.67,8.55
4198,2017-11-26,6.3,1017.2,220.0,4.67,8.55
4199,2017-11-26,6.3,1017.2,220.0,4.67,8.55
4200,2017-11-26,6.3,1017.2,220.0,4.67,8.55
4201,2017-11-26,6.3,1017.2,220.0,4.67,8.55
4202,2017-11-26,6.3,1017.2,220.0,4.67,8.55
4203,2017-11-26,6.3,1017.2,220.0,4.67,8.55
4204,2017-11-26,6.3,1017.2,220.0,4.67,8.55
4205,2017-11-26,6.3,1017.2,220.0,4.67,8.55
4206,2017-11-26,6.3,1017.2,220.0,4.67,8.55
4207,2017-11-26,6.3,1017.2,220.0,4.67,8.55
4208,2017-11-26,6.3,1017.2,220.0,4.67,8.55
4209,2017-11-26,6.3,1017.2,220.0,4.67,8.55
4210,2017-11-26,6.3,1017.2,220.0,4.67,8.55
4211,2017-11-26,6.3,1017.2,220.0,4.67,8.55
4212,2017-11-26,6.3,1017.2,220.0,4.67,8.55
4213,2017-11-26,6.3,1017.2,220.0,4.67,8.55
4214,2017-11-26,6.3,1017.2,220.0,4.67,8.55
4215,2017-11-26,6.3,1017.2,220.0,4.67,8.55
4216,2017-11-26,6.3,1017.2,220.0,4.67,8.55
4217,2017-11-27,4.7,1027.5,0.0,3.86,8.55
4218,2017-11-27,4.7,1027.1,0.0,4.043,5.25
4219,2017-11-27,5.0,1026.6,0.0,4.37,5.25
4220,2017-11-27,5.1,1026.4,0.0,4.461,5.25
4221,2017-11-27,5.1,1025.8,0.0,4.532,5.25
4222,2017-11-27,5.3,1025.3,0.0,4.716,5.25
4223,2017-11-27,5.4,1024.7,0.0,4.716,5.25
4224,2017-11-27,5.7,1024.3,0.0,5.084,5.25
4225,2017-11-27,6.2,1023.9,0.0,5.38,5.25
4226,2017-11-27,6.0,1023.8,49.0,5.2,5.25
4227,2017-11-27,6.3,1023.3,79.0,5.397,5.25
4228,2017-11-27,6.5,1023.0,90.0,5.5,5.25
4229,2017-11-27,7.3,1021.9,144.0,6.098,5.25
4230,2017-11-27,8.0,1020.6,111.0,6.645,5.25
4231,2017-11-27,8.4,1019.3,81.0,7.354,5.25
4232,2017-11-27,8.2,1018.4,56.0,7.4,5.25
4233,2017-11-27,8.2,1017.6,25.0,7.38,5.25
4234,2017-11-27,8.2,1016.9,0.0,7.48,5.25
4235,2017-11-27,8.2,1016.1,0.0,7.48,5.25
4236,2017-11-27,8.2,1015.4,0.0,7.48,5.25
4237,2017-11-27,7.9,1014.5,0.0,7.252000000000001,5.25
4238,2017-11-27,7.9,1014.6,0.0,7.252000000000001,5.25
4239,2017-11-27,7.9,1014.6,0.0,7.252000000000001,5.25
4240,2017-11-27,7.9,1014.6,0.0,7.252000000000001,5.25
4241,2017-11-28,7.8,1011.5,0.0,7.308,5.25
4242,2017-11-28,7.7,1010.4,0.0,7.285,4.25
4243,2017-11-28,7.7,1009.7,0.0,7.285,4.25
4244,2017-11-28,7.4,1009.9,0.0,6.905,4.25
4245,2017-11-28,6.7,1009.8,0.0,6.091,4.25
4246,2017-11-28,6.4,1009.7,0.0,5.896,4.25
4247,2017-11-28,6.1,1009.8,0.0,5.614,4.25
4248,2017-11-28,6.1,1009.5,0.0,5.614,4.25
4249,2017-11-28,6.0,1009.7,0.0,5.52,4.25
4250,2017-11-28,6.0,1009.7,0.0,5.52,4.25
4251,2017-11-28,6.0,1009.7,0.0,5.52,4.25
4252,2017-11-28,6.0,1009.7,0.0,5.52,4.25
4253,2017-11-28,6.0,1009.7,0.0,5.52,4.25
4254,2017-11-28,6.0,1009.7,0.0,5.52,4.25
4255,2017-11-28,6.0,1009.7,0.0,5.52,4.25
4256,2017-11-28,6.0,1009.7,0.0,5.52,4.25
4257,2017-11-28,6.0,1009.7,0.0,5.52,4.25
4258,2017-11-28,6.0,1009.7,0.0,5.52,4.25
4259,2017-11-28,6.0,1009.7,0.0,5.52,4.25
4260,2017-11-28,6.0,1009.7,0.0,5.52,4.25
4261,2017-11-28,6.0,1009.7,0.0,5.52,4.25
4262,2017-11-28,6.0,1009.7,0.0,5.52,4.25
4263,2017-11-28,6.0,1009.7,0.0,5.52,4.25
4264,2017-11-28,6.0,1009.7,0.0,5.52,4.25
4265,2017-11-29,6.0,1009.7,0.0,5.52,4.25
4266,2017-11-29,6.0,1009.7,0.0,5.52,6.25
4267,2017-11-29,6.0,1009.7,0.0,5.52,6.25
4268,2017-11-29,6.0,1009.7,0.0,5.52,6.25
4269,2017-11-29,6.0,1009.7,0.0,5.52,6.25
4270,2017-11-29,6.0,1009.7,0.0,5.52,6.25
4271,2017-11-29,6.0,1009.7,0.0,5.52,6.25
4272,2017-11-29,6.0,1009.7,0.0,5.52,6.25
4273,2017-11-29,6.0,1009.7,0.0,5.52,6.25
4274,2017-11-29,6.0,1009.7,0.0,5.52,6.25
4275,2017-11-29,2.6,1007.2,54.0,2.18,6.25
4276,2017-11-29,3.4,1007.6,77.0,2.8819999999999997,6.25
4277,2017-11-29,3.9,1007.4,163.0,3.1889999999999996,6.25
4278,2017-11-29,4.1,1007.1,69.0,3.468,6.25
4279,2017-11-29,3.8,1007.1,53.0,3.0980000000000003,6.25
4280,2017-11-29,3.7,1007.0,26.0,3.0839999999999996,6.25
4281,2017-11-29,3.6,1007.2,42.0,3.068,6.25
4282,2017-11-29,3.3,1007.5,0.0,2.862,6.25
4283,2017-11-29,3.2,1008.0,0.0,2.696,6.25
4284,2017-11-29,3.1,1008.3,0.0,2.603,6.25
4285,2017-11-29,3.4,1008.6,0.0,2.8819999999999997,6.25
4286,2017-11-29,3.3,1008.9,0.0,2.862,6.25
4287,2017-11-29,3.2,1008.9,0.0,2.84,6.25
4288,2017-11-29,3.1,1009.3,0.0,2.745,6.25
4289,2017-11-30,3.2,1009.3,0.0,2.84,6.25
4290,2017-11-30,3.4,1009.3,0.0,3.03,5.95
4291,2017-11-30,3.4,1009.2,0.0,2.9560000000000004,5.95
4292,2017-11-30,3.2,1009.5,0.0,2.84,5.95
4293,2017-11-30,3.2,1009.5,0.0,2.7680000000000002,5.95
4294,2017-11-30,3.2,1009.8,0.0,2.84,5.95
4295,2017-11-30,3.2,1009.6,0.0,2.7680000000000002,5.95
4296,2017-11-30,3.1,1009.5,0.0,2.745,5.95
4297,2017-11-30,2.5,1009.7,0.0,2.25,5.95
4298,2017-11-30,2.3,1010.0,40.0,1.95,5.95
4299,2017-11-30,2.6,1010.0,88.0,2.18,5.95
4300,2017-11-30,3.2,1010.0,77.0,2.696,5.95
4301,2017-11-30,2.7,1009.8,151.0,2.07,5.95
4302,2017-11-30,3.4,1009.0,127.0,2.532,5.95
4303,2017-11-30,4.4,1008.3,345.0,2.98,5.95
4304,2017-11-30,3.4,1008.0,88.0,2.084,5.95
4305,2017-11-30,1.7,1008.2,32.0,1.21,5.95
4306,2017-11-30,2.1,1008.3,0.0,1.47,5.95
4307,2017-11-30,1.7,1008.5,0.0,1.07,5.95
4308,2017-11-30,1.2,1008.5,0.0,0.71,5.95
4309,2017-11-30,1.4,1008.5,0.0,0.84,5.95
4310,2017-11-30,0.7,1008.5,0.0,0.44,5.95
4311,2017-11-30,0.8,1008.6,0.0,0.512,5.95
4312,2017-11-30,0.8,1008.8,0.0,0.512,5.95
4313,2017-12-01,0.9,1008.6,0.0,0.616,5.95
4314,2017-12-01,0.8,1008.9,0.0,0.512,2.2
4315,2017-12-01,0.9,1008.8,0.0,0.616,2.2
4316,2017-12-01,1.0,1009.1,0.0,0.65,2.2
4317,2017-12-01,1.1,1009.1,0.0,0.75,2.2
4318,2017-12-01,1.2,1009.4,0.0,0.85,2.2
4319,2017-12-01,1.2,1009.8,0.0,1.02,2.2
4320,2017-12-01,1.6,1010.1,0.0,1.32,2.2
4321,2017-12-01,1.4,1010.4,0.0,1.12,2.2
4322,2017-12-01,1.4,1011.6,9.0,1.19,2.2
4323,2017-12-01,1.7,1012.5,26.0,1.49,2.2
4324,2017-12-01,1.9,1013.5,56.0,1.69,2.2
4325,2017-12-01,2.1,1014.5,53.0,1.82,2.2
4326,2017-12-01,2.5,1015.1,149.0,2.15,2.2
4327,2017-12-01,2.8,1015.8,102.0,2.21,2.2
4328,2017-12-01,3.3,1016.1,127.0,2.418,2.2
4329,2017-12-01,3.2,1017.2,39.0,2.2319999999999998,2.2
4330,2017-12-01,2.8,1017.8,0.0,1.86,2.2
4331,2017-12-01,2.6,1018.7,0.0,1.72,2.2
4332,2017-12-01,1.7,1019.7,0.0,0.943,2.2
4333,2017-12-01,2.0,1020.2,0.0,1.18,2.2
4334,2017-12-01,1.3,1020.8,0.0,0.67,2.2
4335,2017-12-01,0.8,1021.0,0.0,0.22399999999999998,2.2
4336,2017-12-01,0.8,1021.5,0.0,0.22399999999999998,2.2
4337,2017-12-02,0.7,1021.5,0.0,0.18899999999999997,2.2
4338,2017-12-02,0.9,1021.7,0.0,0.40299999999999997,2.05
4339,2017-12-02,0.7,1022.2,0.0,0.18899999999999997,2.05
4340,2017-12-02,0.9,1022.5,0.0,0.58,2.05
4341,2017-12-02,0.3,1022.8,0.0,-0.085,2.05
4342,2017-12-02,0.2,1023.1,0.0,-0.268,2.05
4343,2017-12-02,-0.3,1023.3,0.0,-0.67,2.05
4344,2017-12-02,-0.4,1023.8,0.0,-0.688,2.05
4345,2017-12-02,-0.4,1024.3,0.0,-0.688,2.05
4346,2017-12-02,-0.4,1025.2,14.0,-0.688,2.05
4347,2017-12-02,-0.1,1025.8,40.0,-0.58,2.05
4348,2017-12-02,0.0,1026.1,58.0,-0.56,2.05
4349,2017-12-02,0.1,1026.3,58.0,-0.374,2.05
4350,2017-12-02,0.2,1025.9,188.0,-0.268,2.05
4351,2017-12-02,0.1,1025.9,63.0,-0.56,2.05
4352,2017-12-02,0.1,1025.7,81.0,-0.45299999999999996,2.05
4353,2017-12-02,-0.2,1026.2,44.0,-0.6559999999999999,2.05
4354,2017-12-02,-0.6,1026.3,0.0,-1.008,2.05
4355,2017-12-02,-0.8,1026.6,0.0,-1.12,2.05
4356,2017-12-02,-1.2,1027.2,0.0,-1.49,2.05
4357,2017-12-02,-1.6,1027.7,0.0,-1.8159999999999998,2.05
4358,2017-12-02,-1.8,1027.6,0.0,-2.008,2.05
4359,2017-12-02,-1.8,1027.5,0.0,-1.956,2.05
4360,2017-12-02,-1.9,1027.8,0.0,-2.053,2.05
4361,2017-12-03,-2.0,1027.7,0.0,-2.15,2.05
4362,2017-12-03,-2.1,1027.4,0.0,-2.25,0.8
4363,2017-12-03,-2.4,1027.0,0.0,-2.45,0.8
4364,2017-12-03,-2.2,1027.1,0.0,-2.35,0.8
4365,2017-12-03,-2.2,1027.2,0.0,-2.35,0.8
4366,2017-12-03,-1.7,1026.7,0.0,-1.956,0.8
4367,2017-12-03,-1.6,1026.6,0.0,-1.7619999999999998,0.8
4368,2017-12-03,-1.2,1026.7,0.0,-1.432,0.8
4369,2017-12-03,-0.6,1026.7,0.0,-0.94,0.8
4370,2017-12-03,0.2,1026.8,14.0,-0.11199999999999999,0.8
4371,2017-12-03,0.4,1027.0,25.0,0.02,0.8
4372,2017-12-03,0.9,1027.4,33.0,0.545,0.8
4373,2017-12-03,1.7,1027.1,77.0,1.35,0.8
4374,2017-12-03,1.9,1026.8,93.0,1.52,0.8
4375,2017-12-03,2.0,1026.5,74.0,1.65,0.8
4376,2017-12-03,2.4,1026.5,35.0,2.05,0.8
4377,2017-12-03,2.3,1026.3,11.0,1.95,0.8
4378,2017-12-03,2.2,1026.5,0.0,1.92,0.8
4379,2017-12-03,2.6,1027.1,0.0,2.39,0.8
4380,2017-12-03,2.9,1027.4,0.0,2.69,0.8
4381,2017-12-03,3.1,1027.6,0.0,2.8160000000000003,0.8
4382,2017-12-03,3.5,1027.8,0.0,3.275,0.8
4383,2017-12-03,3.9,1028.3,0.0,3.76,0.8
4384,2017-12-03,4.1,1028.7,0.0,3.863,0.8
4385,2017-12-04,4.4,1029.2,0.0,4.172,0.8
4386,2017-12-04,4.6,1029.5,0.0,4.378,1.2
4387,2017-12-04,4.7,1029.6,0.0,4.481,1.2
4388,2017-12-04,4.8,1030.1,0.0,4.656000000000001,1.2
4389,2017-12-04,4.6,1030.0,0.0,4.452,1.2
4390,2017-12-04,4.6,1030.0,0.0,4.452,1.2
4391,2017-12-04,4.9,1030.3,0.0,4.758,1.2
4392,2017-12-04,4.8,1030.5,0.0,4.656000000000001,1.2
4393,2017-12-04,5.6,1030.9,0.0,5.4479999999999995,1.2
4394,2017-12-04,5.8,1031.4,11.0,5.644,1.2
4395,2017-12-04,6.2,1032.1,53.0,6.0360000000000005,1.2
4396,2017-12-04,7.2,1032.6,91.0,7.024,1.2
4397,2017-12-04,2.0,0.0,32767.0,1.96,1.2
4398,2017-12-04,8.1,1032.6,135.0,7.38,1.2
4399,2017-12-04,8.4,1032.6,46.0,7.436,1.2
4400,2017-12-04,7.9,1032.6,56.0,7.001,1.2
4401,2017-12-04,7.8,1032.9,39.0,6.8229999999999995,1.2
4402,2017-12-04,7.8,1033.4,0.0,6.54,1.2
4403,2017-12-04,7.8,1033.9,0.0,6.54,1.2
4404,2017-12-04,7.4,1034.2,0.0,6.372000000000001,1.2
4405,2017-12-04,7.4,1034.7,0.0,6.372000000000001,1.2
4406,2017-12-04,7.0,1035.2,0.0,6.1,1.2
4407,2017-12-04,6.9,1035.2,0.0,6.01,1.2
4408,2017-12-04,6.5,1035.4,0.0,5.82,1.2
4409,2017-12-05,5.9,1036.0,0.0,5.347,1.2
4410,2017-12-05,5.6,1036.1,0.0,5.22,3.05
4411,2017-12-05,4.9,1035.7,0.0,4.545,3.05
4412,2017-12-05,3.7,1036.0,0.0,3.392,3.05
4413,2017-12-05,2.8,1036.1,0.0,2.59,3.05
4414,2017-12-05,2.3,1035.9,0.0,2.09,3.05
4415,2017-12-05,1.5,1036.0,0.0,1.29,3.05
4416,2017-12-05,1.8,1036.4,0.0,1.49,3.05
4417,2017-12-05,2.1,1036.6,0.0,1.89,3.05
4418,2017-12-05,4.5,1037.0,7.0,4.248,3.05
4419,2017-12-05,5.4,1036.9,23.0,5.252000000000001,3.05
4420,2017-12-05,6.2,1037.1,54.0,5.954,3.05
4421,2017-12-05,6.6,1036.8,86.0,6.256,3.05
4422,2017-12-05,7.3,1036.4,114.0,6.865,3.05
4423,2017-12-05,8.1,1036.0,95.0,7.62,3.05
4424,2017-12-05,8.2,1035.8,47.0,7.64,3.05
4425,2017-12-05,8.1,1035.8,21.0,7.62,3.05
4426,2017-12-05,8.3,1036.0,0.0,7.64,3.05
4427,2017-12-05,7.5,1035.9,0.0,6.99,3.05
4428,2017-12-05,7.2,1035.9,0.0,6.76,3.05
4429,2017-12-05,7.2,1035.8,0.0,6.76,3.05
4430,2017-12-05,6.9,1035.8,0.0,6.55,3.05
4431,2017-12-05,6.9,1035.7,0.0,6.455,3.05
4432,2017-12-05,6.9,1035.5,0.0,6.3660000000000005,3.05
4433,2017-12-06,7.1,1035.4,0.0,6.2989999999999995,3.05
4434,2017-12-06,7.4,1035.2,0.0,6.287999999999999,4.15
4435,2017-12-06,7.2,1034.7,0.0,6.2379999999999995,4.15
4436,2017-12-06,7.0,1034.6,0.0,6.21,4.15
4437,2017-12-06,6.7,1034.4,0.0,5.917000000000001,4.15
4438,2017-12-06,6.6,1033.9,0.0,5.997999999999999,4.15
4439,2017-12-06,6.4,1033.7,0.0,5.896,4.15
4440,2017-12-06,6.4,1033.5,0.0,5.896,4.15
4441,2017-12-06,6.7,1033.1,0.0,6.084,4.15
4442,2017-12-06,6.8,1033.3,5.0,6.272,4.15
4443,2017-12-06,6.5,1033.3,21.0,5.905,4.15
4444,2017-12-06,6.6,1033.2,44.0,5.912000000000001,4.15
4445,2017-12-06,6.5,1032.6,49.0,5.735,4.15
4446,2017-12-06,6.5,1032.0,69.0,5.5,4.15
4447,2017-12-06,6.7,1031.4,62.0,5.587999999999999,4.15
4448,2017-12-06,6.7,1030.9,46.0,5.522,4.15
4449,2017-12-06,6.1,1030.5,19.0,5.077,4.15
4450,2017-12-06,6.1,1030.1,0.0,5.148,4.15
4451,2017-12-06,6.1,1029.9,0.0,5.148,4.15
4452,2017-12-06,5.8,1029.2,0.0,5.041,4.15
4453,2017-12-06,4.4,1029.0,0.0,3.716,4.15
4454,2017-12-06,3.8,1028.4,0.0,3.0980000000000003,4.15
4455,2017-12-06,4.1,1027.8,0.0,3.241,4.15
4456,2017-12-06,3.9,1027.1,0.0,3.0410000000000004,4.15
4457,2017-12-07,3.8,1026.5,0.0,2.884,4.15
4458,2017-12-07,2.8,1025.9,0.0,2.07,4.4
4459,2017-12-07,2.1,1025.4,0.0,1.47,4.4
4460,2017-12-07,2.2,1025.1,0.0,1.54,4.4
4461,2017-12-07,2.3,1024.0,0.0,1.74,4.4
4462,2017-12-07,2.3,1023.1,0.0,1.74,4.4
4463,2017-12-07,2.4,1022.4,0.0,1.77,4.4
4464,2017-12-07,2.7,1021.8,0.0,2.07,4.4
4465,2017-12-07,3.2,1021.1,0.0,2.48,4.4
4466,2017-12-07,3.6,1020.4,16.0,2.84,4.4
4467,2017-12-07,3.2,1020.0,19.0,2.48,4.4
4468,2017-12-07,3.2,1019.5,60.0,2.532,4.4
4469,2017-12-07,4.3,1018.4,42.0,3.6069999999999998,4.4
4470,2017-12-07,5.5,1016.6,90.0,4.75,4.4
4471,2017-12-07,6.2,1015.4,44.0,5.371,4.4
4472,2017-12-07,6.9,1014.0,19.0,6.188,4.4
4473,2017-12-07,7.4,1013.0,14.0,6.797999999999999,4.4
4474,2017-12-07,7.9,1012.2,0.0,7.414,4.4
4475,2017-12-07,8.2,1012.1,0.0,7.8,4.4
4476,2017-12-07,8.4,1012.3,0.0,8.0,4.4
4477,2017-12-07,8.8,1012.3,0.0,8.48,4.4
4478,2017-12-07,8.6,1012.6,0.0,8.2,4.4
4479,2017-12-07,8.2,1013.6,0.0,7.58,4.4
4480,2017-12-07,7.1,1013.9,0.0,6.496,4.4
4481,2017-12-08,6.7,1014.4,0.0,5.8260000000000005,4.4
4482,2017-12-08,3.7,1016.3,79.0,2.7960000000000003,6.05
4483,2017-12-08,4.3,1016.6,200.0,3.0610000000000004,6.05
4484,2017-12-08,2.4,1016.7,97.0,1.84,6.05
4485,2017-12-08,2.9,1016.4,35.0,2.3,6.05
4486,2017-12-08,3.2,1016.4,111.0,2.552,6.05
4487,2017-12-08,2.6,1016.3,47.0,2.11,6.05
4488,2017-12-08,3.3,1016.8,109.0,2.552,6.05
4489,2017-12-08,2.8,1017.6,0.0,2.17,6.05
4490,2017-12-08,2.1,1017.4,0.0,1.57,6.05
4491,2017-12-08,1.9,1017.9,0.0,1.27,6.05
4492,2017-12-08,1.8,1018.2,0.0,1.1,6.05
4493,2017-12-08,1.4,1018.3,0.0,0.7,6.05
4494,2017-12-08,1.5,1018.6,0.0,0.8,6.05
4495,2017-12-08,1.2,1019.1,0.0,0.64,6.05
4496,2017-12-09,0.8,1019.1,0.0,0.368,6.05
4497,2017-12-09,0.6,1019.0,0.0,0.156,4.4
4498,2017-12-09,0.6,1018.7,0.0,0.08199999999999999,4.4
4499,2017-12-09,0.9,1019.1,0.0,0.261,4.4
4500,2017-12-09,0.8,1019.1,0.0,0.22399999999999998,4.4
4501,2017-12-09,0.8,1018.9,0.0,0.29600000000000004,4.4
4502,2017-12-09,0.8,1018.9,0.0,0.29600000000000004,4.4
4503,2017-12-09,0.8,1018.9,0.0,0.29600000000000004,4.4
4504,2017-12-09,0.8,1018.9,0.0,0.29600000000000004,4.4
4505,2017-12-09,0.8,1018.9,0.0,0.29600000000000004,4.4
4506,2017-12-09,0.8,1018.9,0.0,0.29600000000000004,4.4
4507,2017-12-09,0.8,1018.9,0.0,0.29600000000000004,4.4
4508,2017-12-09,0.8,1018.9,0.0,0.29600000000000004,4.4
4509,2017-12-09,0.8,1018.9,0.0,0.29600000000000004,4.4
4510,2017-12-09,0.8,1018.9,0.0,0.29600000000000004,4.4
4511,2017-12-09,0.8,1018.9,0.0,0.29600000000000004,4.4
4512,2017-12-09,0.8,1018.9,0.0,0.29600000000000004,4.4
4513,2017-12-09,0.8,1018.9,0.0,0.29600000000000004,4.4
4514,2017-12-09,0.8,1018.9,0.0,0.29600000000000004,4.4
4515,2017-12-09,0.8,1018.9,0.0,0.29600000000000004,4.4
4516,2017-12-09,0.8,1018.9,0.0,0.29600000000000004,4.4
4517,2017-12-09,0.8,1018.9,0.0,0.29600000000000004,4.4
4518,2017-12-09,0.8,1018.9,0.0,0.29600000000000004,4.4
4519,2017-12-09,0.8,1018.9,0.0,0.29600000000000004,4.4
4520,2017-12-10,0.8,1018.9,0.0,0.29600000000000004,4.4
4521,2017-12-10,0.8,1018.9,0.0,0.29600000000000004,0.8
4522,2017-12-10,0.8,1018.9,0.0,0.29600000000000004,0.8
4523,2017-12-10,0.8,1018.9,0.0,0.29600000000000004,0.8
4524,2017-12-10,0.8,1018.9,0.0,0.29600000000000004,0.8
4525,2017-12-10,0.8,1018.9,0.0,0.29600000000000004,0.8
4526,2017-12-10,0.8,1018.9,0.0,0.29600000000000004,0.8
4527,2017-12-10,0.8,1018.9,0.0,0.29600000000000004,0.8
4528,2017-12-10,0.8,1018.9,0.0,0.29600000000000004,0.8
4529,2017-12-10,0.8,1018.9,0.0,0.29600000000000004,0.8
4530,2017-12-10,0.8,1018.9,0.0,0.29600000000000004,0.8
4531,2017-12-10,0.8,1018.9,0.0,0.29600000000000004,0.8
4532,2017-12-10,10.1,983.4,130.0,7.976,0.8
4533,2017-12-10,9.7,983.5,113.0,7.16,0.8
4534,2017-12-10,9.6,983.2,95.0,7.164,0.8
4535,2017-12-10,9.6,983.2,90.0,7.247999999999999,0.8
4536,2017-12-10,9.6,982.9,19.0,7.416,0.8
4537,2017-12-10,9.2,982.2,0.0,7.7829999999999995,0.8
4538,2017-12-10,7.4,982.1,0.0,6.797999999999999,0.8
4539,2017-12-10,8.2,982.5,0.0,7.56,0.8
4540,2017-12-10,8.3,982.8,0.0,7.332000000000001,0.8
4541,2017-12-10,8.3,982.7,0.0,7.247999999999999,0.8
4542,2017-12-10,8.2,982.0,0.0,7.314,0.8
4543,2017-12-10,7.5,982.4,0.0,6.65,0.8
4544,2017-12-11,8.5,981.5,0.0,7.722,0.8
4545,2017-12-11,8.1,980.8,0.0,7.52,5.35
4546,2017-12-11,7.8,978.8,0.0,7.308,5.35
4547,2017-12-11,8.2,977.3,0.0,7.72,5.35
4548,2017-12-11,8.9,974.9,0.0,8.28,5.35
4549,2017-12-11,8.4,972.2,0.0,7.86,5.35
4550,2017-12-11,8.6,970.0,0.0,8.02,5.35
4551,2017-12-11,10.3,969.3,0.0,9.33,5.35
4552,2017-12-11,10.9,968.8,0.0,9.634,5.35
4553,2017-12-11,10.7,968.6,5.0,8.639,5.35
4554,2017-12-11,9.9,968.0,60.0,7.72,5.35
4555,2017-12-11,9.1,967.5,49.0,7.481,5.35
4556,2017-12-11,8.7,967.6,44.0,7.17,5.35
4557,2017-12-11,7.3,968.8,44.0,6.204,5.35
4558,2017-12-11,6.7,970.0,49.0,5.83,5.35
4559,2017-12-11,6.7,970.7,46.0,5.83,5.35
4560,2017-12-11,6.4,973.1,21.0,5.896,5.35
4561,2017-12-11,4.4,975.6,0.0,3.975,5.35
4562,2017-12-11,2.4,979.7,0.0,1.7,5.35
4563,2017-12-11,2.6,983.1,0.0,1.84,5.35
4564,2017-12-11,3.6,986.2,0.0,2.378,5.35
4565,2017-12-11,3.6,989.1,0.0,2.378,5.35
4566,2017-12-11,3.1,991.9,0.0,2.39,5.35
4567,2017-12-11,2.4,994.2,0.0,1.91,5.35
4568,2017-12-12,3.4,996.4,0.0,2.9560000000000004,5.35
4569,2017-12-12,3.3,997.9,0.0,2.716,5.45
4570,2017-12-12,2.8,999.1,0.0,2.17,5.45
4571,2017-12-12,2.4,1000.4,0.0,1.87,5.45
4572,2017-12-12,2.3,1001.8,0.0,1.6,5.45
4573,2017-12-12,2.1,1003.2,0.0,1.4,5.45
4574,2017-12-12,1.6,1004.7,0.0,0.9,5.45
4575,2017-12-12,1.2,1006.3,0.0,0.57,5.45
4576,2017-12-12,0.9,1007.3,0.0,0.37,5.45
4577,2017-12-12,1.1,1008.6,21.0,0.57,5.45
4578,2017-12-12,1.8,1009.7,39.0,1.1,5.45
4579,2017-12-12,2.7,1010.5,81.0,1.9,5.45
4580,2017-12-12,3.6,1010.9,116.0,2.576,5.45
4581,2017-12-12,3.9,1011.2,83.0,2.696,5.45
4582,2017-12-12,4.7,1011.2,236.0,3.412,5.45
4583,2017-12-12,5.9,1011.6,79.0,4.42,5.45
4584,2017-12-12,6.0,1012.5,62.0,4.5,5.45
4585,2017-12-12,5.1,1013.1,0.0,4.085,5.45
4586,2017-12-12,4.1,1013.6,0.0,3.034,5.45
4587,2017-12-12,3.6,1014.0,0.0,2.7739999999999996,5.45
4588,2017-12-12,3.5,1014.3,0.0,2.66,5.45
4589,2017-12-12,4.1,1014.3,0.0,3.241,5.45
4590,2017-12-12,4.4,1014.6,0.0,3.508,5.45
4591,2017-12-12,4.4,1014.5,0.0,3.62,5.45
4592,2017-12-13,4.2,1014.2,0.0,3.352,5.45
4593,2017-12-13,3.9,1013.6,0.0,3.2,4.25
4594,2017-12-13,4.1,1013.3,0.0,3.284,4.25
4595,2017-12-13,4.3,1012.5,0.0,3.3960000000000004,4.25
4596,2017-12-13,4.7,1011.6,0.0,3.844,4.25
4597,2017-12-13,5.1,1010.3,0.0,4.329,4.25
4598,2017-12-13,5.3,1008.9,0.0,4.507,4.25
4599,2017-12-13,5.7,1007.8,0.0,4.952,4.25
4600,2017-12-13,5.9,1006.5,0.0,5.189,4.25
4601,2017-12-13,6.0,1006.2,0.0,5.44,4.25
4602,2017-12-13,6.0,1006.1,7.0,5.6,4.25
4603,2017-12-13,6.7,1005.3,42.0,6.17,4.25
4604,2017-12-13,7.1,1004.9,60.0,6.655,4.25
4605,2017-12-13,7.7,1004.2,39.0,7.285,4.25
4606,2017-12-13,8.3,1003.0,95.0,7.9,4.25
4607,2017-12-13,8.8,1002.0,67.0,8.08,4.25
4608,2017-12-13,8.8,1000.8,5.0,8.16,4.25
4609,2017-12-13,9.1,999.3,0.0,8.607999999999999,4.25
4610,2017-12-13,9.3,997.4,0.0,8.698,4.25
4611,2017-12-13,9.2,996.6,0.0,8.69,4.25
4612,2017-12-13,9.2,996.1,0.0,8.863999999999999,4.25
4613,2017-12-13,9.1,996.5,0.0,8.36,4.25
4614,2017-12-13,8.2,997.2,0.0,7.056,4.25
4615,2017-12-13,7.6,997.3,0.0,6.502000000000001,4.25
4616,2017-12-14,7.8,997.2,0.0,6.892,4.25
4617,2017-12-14,6.9,998.4,0.0,5.931,5.15
4618,2017-12-14,6.8,999.5,0.0,5.53,5.15
4619,2017-12-14,6.4,1000.6,0.0,4.61,5.15
4620,2017-12-14,5.6,1001.6,0.0,4.312,5.15
4621,2017-12-14,5.0,1001.7,0.0,3.94,5.15
4622,2017-12-14,4.9,1001.7,0.0,4.007,5.15
4623,2017-12-14,4.9,1001.9,0.0,3.885,5.15
4624,2017-12-14,4.7,1001.5,0.0,3.781,5.15
4625,2017-12-14,4.8,1000.9,11.0,3.832,5.15
4626,2017-12-14,5.5,1000.9,37.0,4.378,5.15
4627,2017-12-14,6.2,1000.5,33.0,4.803999999999999,5.15
4628,2017-12-14,5.6,999.8,81.0,4.916,5.15
4629,2017-12-14,6.8,998.4,165.0,5.53,5.15
4630,2017-12-14,7.3,997.4,42.0,5.932,5.15
4631,2017-12-14,7.1,996.0,33.0,5.805,5.15
4632,2017-12-14,6.7,995.2,16.0,5.752999999999999,5.15
4633,2017-12-14,5.9,994.2,0.0,5.189,5.15
4634,2017-12-14,3.9,994.1,0.0,3.36,5.15
4635,2017-12-14,3.3,993.3,0.0,2.862,5.15
4636,2017-12-14,4.1,992.9,0.0,3.5469999999999997,5.15
4637,2017-12-14,4.7,993.5,0.0,4.1160000000000005,5.15
4638,2017-12-14,4.2,993.9,0.0,3.576,5.15
4639,2017-12-14,3.7,993.8,0.0,3.0839999999999996,5.15
4640,2017-12-15,3.6,993.9,0.0,2.9160000000000004,5.15
4641,2017-12-15,3.9,993.7,0.0,3.11,5.9
4642,2017-12-15,4.2,993.2,0.0,3.42,5.9
4643,2017-12-15,4.8,993.3,0.0,3.907,5.9
4644,2017-12-15,4.9,993.6,0.0,4.261,5.9
4645,2017-12-15,5.2,994.5,0.0,4.48,5.9
4646,2017-12-15,4.9,995.3,0.0,4.129,5.9
4647,2017-12-15,4.4,995.6,0.0,3.574,5.9
4648,2017-12-15,3.8,995.8,0.0,3.0980000000000003,5.9
4649,2017-12-15,3.8,995.9,32.0,3.0980000000000003,5.9
4650,2017-12-15,4.6,995.6,84.0,3.86,5.9
4651,2017-12-15,5.7,995.9,149.0,4.748,5.9
4652,2017-12-15,5.8,995.4,60.0,4.8839999999999995,5.9
4653,2017-12-15,6.2,995.1,130.0,5.092,5.9
4654,2017-12-15,5.4,994.8,46.0,4.734,5.9
4655,2017-12-15,5.4,994.6,107.0,4.734,5.9
4656,2017-12-15,4.9,995.4,11.0,4.332,5.9
4657,2017-12-15,3.9,997.3,0.0,3.426,5.9
4658,2017-12-15,4.2,998.8,0.0,3.654,5.9
4659,2017-12-15,4.2,999.8,0.0,3.576,5.9
4660,2017-12-15,4.2,1001.3,0.0,3.576,5.9
4661,2017-12-15,4.3,1002.2,0.0,3.6069999999999998,5.9
4662,2017-12-15,4.1,1002.9,0.0,3.5469999999999997,5.9
4663,2017-12-15,4.3,1003.9,0.0,3.761,5.9
4664,2017-12-16,4.4,1005.1,0.0,3.792,5.9
4665,2017-12-16,4.4,1006.1,0.0,3.8680000000000003,4.75
4666,2017-12-16,4.5,1006.9,0.0,3.975,4.75
4667,2017-12-16,4.5,1007.9,0.0,3.9,4.75
4668,2017-12-16,4.2,1009.1,0.0,3.654,4.75
4669,2017-12-16,4.4,1009.9,0.0,3.792,4.75
4670,2017-12-16,4.3,1010.8,0.0,3.6839999999999997,4.75
4671,2017-12-16,4.1,1011.6,0.0,3.5469999999999997,4.75
4672,2017-12-16,4.3,1012.7,0.0,3.716,4.75
4673,2017-12-16,4.0,1013.7,7.0,3.28,4.75
4674,2017-12-16,4.2,1014.8,25.0,3.654,4.75
4675,2017-12-16,4.6,1016.0,79.0,3.86,4.75
4676,2017-12-16,5.1,1016.5,156.0,4.146,4.75
4677,2017-12-16,5.0,1016.9,93.0,3.963,4.75
4678,2017-12-16,5.1,1017.0,292.0,3.9019999999999997,4.75
4679,2017-12-16,5.1,1017.6,47.0,3.57,4.75
4680,2017-12-16,5.8,1018.1,74.0,3.92,4.75
4681,2017-12-16,4.9,1019.1,5.0,3.3,4.75
4682,2017-12-16,4.2,1019.8,0.0,2.74,4.75
4683,2017-12-16,3.8,1020.2,0.0,2.408,4.75
4684,2017-12-16,3.7,1020.8,0.0,2.461,4.75
4685,2017-12-16,3.7,1021.1,0.0,2.461,4.75
4686,2017-12-16,3.6,1021.4,0.0,2.51,4.75
4687,2017-12-16,3.6,1021.4,0.0,2.7739999999999996,4.75
4688,2017-12-17,3.7,1021.1,0.0,2.93,4.75
4689,2017-12-17,3.7,1021.6,0.0,3.0839999999999996,4.75
4690,2017-12-17,3.4,1021.5,0.0,2.9560000000000004,4.75
4691,2017-12-17,3.6,1022.1,0.0,3.238,4.75
4692,2017-12-17,3.2,1022.1,0.0,2.84,4.75
4693,2017-12-17,2.8,1022.6,0.0,2.52,4.75
4694,2017-12-17,2.6,1022.9,0.0,2.42,4.75
4695,2017-12-17,2.4,1023.5,0.0,2.12,4.75
4696,2017-12-17,2.1,1024.2,0.0,1.82,4.75
4697,2017-12-17,2.2,1025.1,26.0,1.99,4.75
4698,2017-12-17,2.3,1025.8,28.0,2.02,4.75
4699,2017-12-17,3.5,1026.0,33.0,3.275,4.75
4700,2017-12-17,4.4,1026.0,86.0,3.508,4.75
4701,2017-12-17,5.1,1025.7,113.0,3.88,4.75
4702,2017-12-17,5.6,1025.5,171.0,4.246,4.75
4703,2017-12-17,5.6,1025.3,102.0,4.18,4.75
4704,2017-12-17,5.6,1026.1,44.0,4.51,4.75
4705,2017-12-17,5.7,1026.2,0.0,4.796,4.75
4706,2017-12-17,4.6,1026.1,0.0,4.008,4.75
4707,2017-12-17,4.9,1026.2,0.0,4.44,4.75
4708,2017-12-17,5.3,1025.7,0.0,4.789,4.75
4709,2017-12-17,5.3,1025.3,0.0,4.862,4.75
4710,2017-12-17,5.0,1024.8,0.0,4.58,4.75
4711,2017-12-17,5.2,1024.3,0.0,4.84,4.75
4712,2017-12-18,6.1,1023.3,0.0,5.695,4.75
4713,2017-12-18,6.4,1022.1,0.0,6.064,4.75
4714,2017-12-18,6.8,1020.7,0.0,6.4479999999999995,4.75
4715,2017-12-18,7.6,1020.1,0.0,7.348,4.75
4716,2017-12-18,8.1,1019.8,0.0,7.86,4.75
4717,2017-12-18,8.2,1019.8,0.0,7.96,4.75
4718,2017-12-18,8.9,1019.9,0.0,8.66,4.75
4719,2017-12-18,8.6,1020.7,0.0,8.2,4.75
4720,2017-12-18,7.1,1021.8,0.0,6.21,4.75
4721,2017-12-18,6.3,1023.1,14.0,5.553,4.75
4722,2017-12-18,6.2,1024.2,39.0,5.38,4.75
4723,2017-12-18,6.3,1024.7,88.0,5.397,4.75
4724,2017-12-18,6.8,1025.3,91.0,5.686,4.75
4725,2017-12-18,7.4,1025.5,206.0,5.932,4.75
4726,2017-12-18,7.3,1025.7,178.0,5.766,4.75
4727,2017-12-18,7.3,1026.2,111.0,5.683,4.75
4728,2017-12-18,7.1,1027.1,51.0,5.562,4.75
4729,2017-12-19,3.6,1032.0,0.0,3.1439999999999997,0.0
4730,2017-12-28,7.0,0.0,32767.0,6.86,3.5
4731,2017-12-28,7.0,0.0,32767.0,6.86,3.5
4732,2017-12-29,7.0,0.0,32767.0,6.86,3.5
4733,2018-02-25,2.2,1021.5,18.0,-2.01,1.95
4734,2018-02-25,1.6,1022.0,0.0,-2.226,1.95
4735,2018-02-25,1.2,1022.1,0.0,-2.4,1.95
4736,2018-02-25,0.3,1022.1,0.0,-2.783,1.95
4737,2017-12-19,3.2,1032.4,0.0,2.84,3.5
4738,2017-12-19,2.9,1032.8,0.0,2.55,3.5
4739,2017-12-19,3.0,1033.3,0.0,2.72,3.5
4740,2017-12-19,2.8,1033.4,0.0,2.59,3.5
4741,2017-12-19,2.4,1033.4,0.0,2.19,3.5
4742,2017-12-19,2.0,1034.2,0.0,1.79,3.5
4743,2017-12-19,1.6,1034.8,0.0,1.39,3.5
4744,2017-12-19,1.5,1035.3,0.0,1.36,3.5
4745,2017-12-19,1.3,1035.6,19.0,1.06,3.5
4746,2017-12-19,1.4,1036.5,72.0,1.26,3.5
4747,2017-12-19,2.2,1037.2,74.0,2.06,3.5
4748,2017-12-19,2.7,1036.9,83.0,2.56,3.5
4749,2017-12-19,3.2,1036.1,171.0,3.056,3.5
4750,2017-12-19,3.1,1036.0,91.0,2.958,3.5
4751,2017-12-19,2.6,1035.6,114.0,2.46,3.5
4752,2017-12-19,2.8,1035.9,21.0,2.66,3.5
4753,2017-12-19,3.1,1036.0,0.0,2.958,3.5
4754,2017-12-19,2.9,1036.6,0.0,2.76,3.5
4755,2017-12-19,3.1,1036.6,0.0,2.958,3.5
4756,2017-12-19,2.6,1036.6,0.0,2.46,3.5
4757,2017-12-19,2.0,1036.8,0.0,1.86,3.5
4758,2017-12-19,2.7,1036.7,0.0,2.56,3.5
4759,2017-12-19,3.2,1036.8,0.0,3.128,3.5
4760,2017-12-20,3.4,1036.7,0.0,3.326,3.5
4761,2017-12-20,3.5,1036.1,0.0,3.425,1.8
4762,2017-12-20,3.9,1035.6,0.0,3.742,1.8
4763,2017-12-20,4.6,1035.5,0.0,4.452,1.8
4764,2017-12-20,4.8,1035.3,0.0,4.512,1.8
4765,2017-12-20,5.1,1035.2,0.0,4.532,1.8
4766,2017-12-20,5.2,1034.6,0.0,4.624,1.8
4767,2017-12-20,5.4,1034.8,0.0,4.956,1.8
4768,2017-12-20,5.8,1035.0,0.0,5.332000000000001,1.8
4769,2017-12-20,6.2,1035.3,5.0,5.707999999999999,1.8
4770,2017-12-20,6.4,1035.5,51.0,5.98,1.8
4771,2017-12-20,6.8,1035.8,70.0,6.272,1.8
4772,2017-12-20,7.4,1035.7,63.0,6.8839999999999995,1.8
4773,2017-12-20,7.9,1035.1,102.0,7.495,1.8
4774,2017-12-20,8.3,1034.7,77.0,7.82,1.8
4775,2017-12-20,8.2,1035.0,40.0,7.8,1.8
4776,2017-12-20,8.0,1035.0,14.0,7.76,1.8
4777,2017-12-20,8.1,1035.2,0.0,7.86,1.8
4778,2017-12-20,8.1,1035.3,0.0,7.94,1.8
4779,2017-12-20,8.3,1035.6,0.0,8.14,1.8
4780,2017-12-20,8.4,1036.0,0.0,8.24,1.8
4781,2017-12-20,8.5,1036.0,0.0,8.34,1.8
4782,2017-12-20,8.6,1035.9,0.0,8.34,1.8
4783,2017-12-20,8.6,1036.2,0.0,8.44,1.8
4784,2017-12-21,8.6,1036.4,0.0,8.44,1.8
4785,2017-12-21,8.6,1036.4,0.0,8.44,4.9
4786,2017-12-21,8.6,1036.0,0.0,8.44,4.9
4787,2017-12-21,8.5,1036.2,0.0,8.44,4.9
4788,2017-12-21,8.5,1036.2,0.0,8.34,4.9
4789,2017-12-21,8.5,1036.0,0.0,8.34,4.9
4790,2017-12-21,8.6,1036.1,0.0,8.44,4.9
4791,2017-12-21,8.6,1036.2,0.0,8.44,4.9
4792,2017-12-21,8.6,1036.4,0.0,8.44,4.9
4793,2017-12-21,8.7,1036.7,5.0,8.54,4.9
4794,2017-12-21,8.9,1037.2,32.0,8.74,4.9
4795,2017-12-21,9.1,1037.5,88.0,8.936,4.9
4796,2017-12-21,9.5,1037.2,72.0,9.32,4.9
4797,2017-12-21,9.8,1036.6,86.0,9.607999999999999,4.9
4798,2017-12-21,10.0,1036.2,44.0,9.8,4.9
4799,2017-12-21,10.1,1035.8,49.0,9.902000000000001,4.9
4800,2017-12-21,10.2,1036.1,16.0,10.004,4.9
4801,2017-12-21,10.3,1036.2,0.0,10.106,4.9
4802,2017-12-21,10.4,1036.4,0.0,10.208,4.9
4803,2017-12-21,10.4,1036.5,0.0,10.208,4.9
4804,2017-12-21,10.4,1036.9,0.0,10.208,4.9
4805,2017-12-21,10.2,1037.0,0.0,10.004,4.9
4806,2017-12-21,10.2,1036.7,0.0,9.906,4.9
4807,2017-12-21,10.0,1036.5,0.0,9.7,4.9
4808,2017-12-22,9.8,1036.6,0.0,9.324,4.9
4809,2017-12-22,9.3,1036.5,0.0,8.956,6.85
4810,2017-12-22,9.2,1036.0,0.0,8.78,6.85
4811,2017-12-22,9.0,1035.9,0.0,8.44,6.85
4812,2017-12-22,8.8,1035.8,0.0,8.32,6.85
4813,2017-12-22,8.7,1035.5,0.0,8.22,6.85
4814,2017-12-22,8.4,1035.2,0.0,7.92,6.85
4815,2017-12-22,8.3,1035.1,0.0,7.82,6.85
4816,2017-12-22,8.5,1035.1,0.0,8.1,6.85
4817,2017-12-22,8.5,1035.3,0.0,8.18,6.85
4818,2017-12-22,8.7,1035.7,14.0,8.46,6.85
4819,2017-12-22,9.0,1035.9,35.0,8.76,6.85
4820,2017-12-22,9.3,1035.8,51.0,9.128,6.85
4821,2017-12-22,9.7,1035.7,40.0,9.512,6.85
4822,2017-12-22,10.0,1035.4,33.0,9.7,6.85
4823,2017-12-22,10.2,1035.4,30.0,9.906,6.85
4824,2017-12-22,10.2,1035.4,16.0,9.906,6.85
4825,2017-12-22,10.1,1035.6,0.0,9.802999999999999,6.85
4826,2017-12-22,10.0,1035.8,0.0,9.8,6.85
4827,2017-12-22,9.9,1036.4,0.0,9.8,6.85
4828,2017-12-22,10.0,1036.7,0.0,9.8,6.85
4829,2017-12-22,9.9,1036.9,0.0,9.704,6.85
4830,2017-12-22,9.8,1037.2,0.0,9.607999999999999,6.85
4831,2017-12-22,9.7,1037.3,0.0,9.512,6.85
4832,2017-12-23,9.6,1037.6,0.0,9.416,6.85
4833,2017-12-23,9.4,1037.6,0.0,9.224,9.3
4834,2017-12-23,9.4,1037.3,0.0,9.32,9.3
4835,2017-12-23,9.5,1037.3,0.0,9.32,9.3
4836,2017-12-23,9.2,1036.8,0.0,9.032,9.3
4837,2017-12-23,9.3,1036.5,0.0,9.128,9.3
4838,2017-12-23,9.0,1036.3,0.0,8.84,9.3
4839,2017-12-23,8.7,1036.3,0.0,8.54,9.3
4840,2017-12-23,8.5,1036.3,0.0,8.24,9.3
4841,2017-12-23,8.4,1036.4,7.0,8.24,9.3
4842,2017-12-23,8.4,1036.8,30.0,8.24,9.3
4843,2017-12-23,8.4,1037.2,32.0,8.24,9.3
4844,2017-12-23,8.4,1037.0,40.0,8.0,9.3
4845,2017-12-23,8.3,1036.5,105.0,7.82,9.3
4846,2017-12-23,8.6,1036.0,56.0,8.12,9.3
4847,2017-12-23,8.8,1035.5,49.0,8.32,9.3
4848,2017-12-23,8.9,1035.3,19.0,8.34,9.3
4849,2017-12-23,9.0,1035.0,0.0,8.52,9.3
4850,2017-12-23,8.8,1034.7,0.0,8.32,9.3
4851,2017-12-23,9.0,1034.7,0.0,8.526,9.3
4852,2017-12-23,9.1,1034.8,0.0,8.526,9.3
4853,2017-12-23,8.8,1034.8,0.0,8.4,9.3
4854,2017-12-23,8.8,1034.8,0.0,8.4,9.3
4855,2017-12-23,8.8,1034.8,0.0,8.4,9.3
4856,2017-12-24,8.8,1034.8,0.0,8.4,9.3
4857,2017-12-24,8.8,1034.8,0.0,8.4,8.95
4858,2017-12-24,8.4,1032.8,0.0,8.08,8.95
4859,2017-12-24,8.3,1032.6,0.0,8.08,8.95
4860,2017-12-24,8.4,1032.2,0.0,8.08,8.95
4861,2017-12-24,8.4,1031.6,0.0,8.08,8.95
4862,2017-12-24,8.4,1031.1,0.0,8.08,8.95
4863,2017-12-24,8.4,1031.0,0.0,8.08,8.95
4864,2017-12-24,8.4,1030.6,0.0,8.0,8.95
4865,2017-12-24,8.4,1030.6,0.0,8.08,8.95
4866,2017-12-24,8.3,1030.6,26.0,7.98,8.95
4867,2017-12-24,8.4,1030.6,26.0,8.08,8.95
4868,2017-12-24,8.4,1029.9,60.0,8.08,8.95
4869,2017-12-24,8.6,1029.1,77.0,8.1,8.95
4870,2017-12-24,8.4,1028.3,35.0,7.92,8.95
4871,2017-12-24,8.4,1027.6,42.0,7.74,8.95
4872,2017-12-24,8.4,1027.2,14.0,7.84,8.95
4873,2017-12-24,8.4,1027.0,0.0,7.84,8.95
4874,2017-12-24,8.2,1026.8,0.0,7.72,8.95
4875,2017-12-24,8.1,1026.6,0.0,7.7,8.95
4876,2017-12-24,8.0,1026.5,0.0,7.6,8.95
4877,2017-12-24,8.2,1025.9,0.0,7.8,8.95
4878,2017-12-24,8.1,1025.6,0.0,7.7,8.95
4879,2017-12-24,8.0,1025.1,0.0,7.6,8.95
4880,2017-12-25,7.9,1024.8,0.0,7.414,8.95
4881,2017-12-25,7.8,1024.4,0.0,7.144,8.5
4882,2017-12-25,7.5,1023.6,0.0,6.82,8.5
4883,2017-12-25,7.4,1023.1,0.0,6.797999999999999,8.5
4884,2017-12-25,7.1,1022.4,0.0,6.28,8.5
4885,2017-12-25,6.9,1021.8,0.0,6.277,8.5
4886,2017-12-25,6.9,1021.1,0.0,6.277,8.5
4887,2017-12-25,6.8,1020.6,0.0,6.184,8.5
4888,2017-12-25,6.1,1020.3,0.0,5.5329999999999995,8.5
4889,2017-12-25,5.7,1020.1,5.0,5.1610000000000005,8.5
4890,2017-12-25,5.6,1019.7,35.0,4.992,8.5
4891,2017-12-25,6.5,1019.2,83.0,5.65,8.5
4892,2017-12-25,7.5,1018.6,81.0,6.456,8.5
4893,2017-12-25,6.2,1017.2,69.0,5.707999999999999,8.5
4894,2017-12-25,5.9,1015.8,49.0,5.347,8.5
4895,2017-12-25,5.9,1014.8,21.0,5.28,8.5
4896,2017-12-25,6.2,1014.2,7.0,5.462000000000001,8.5
4897,2017-12-25,6.3,1013.1,0.0,5.397,8.5
4898,2017-12-25,6.0,1012.4,0.0,5.189,8.5
4899,2017-12-25,4.8,1012.0,0.0,4.224,8.5
4900,2017-12-25,4.8,1012.0,0.0,4.224,8.5
4901,2017-12-25,4.8,1012.0,0.0,4.224,8.5
4902,2017-12-25,4.8,1012.0,0.0,4.224,8.5
4903,2017-12-25,4.8,1012.0,0.0,4.224,8.5
4904,2017-12-26,4.8,1012.0,0.0,4.224,8.5
4905,2017-12-26,4.8,1012.0,0.0,4.224,7.85
4906,2017-12-26,4.8,1012.0,0.0,4.224,7.85
4907,2017-12-26,4.8,1012.0,0.0,4.224,7.85
4908,2017-12-26,4.8,1012.0,0.0,4.224,7.85
4909,2017-12-26,4.8,1012.0,0.0,4.224,7.85
4910,2017-12-26,4.8,1012.0,0.0,4.224,7.85
4911,2017-12-26,4.8,1012.0,0.0,4.224,7.85
4912,2017-12-26,4.8,1012.0,0.0,4.224,7.85
4913,2017-12-26,4.8,1012.0,0.0,4.224,7.85
4914,2017-12-26,7.0,0.0,32767.0,6.86,7.85
4915,2017-12-26,7.0,0.0,32767.0,6.86,7.85
4916,2017-12-26,7.0,0.0,32767.0,6.86,7.85
4917,2017-12-26,7.0,0.0,32767.0,6.86,7.85
4918,2017-12-26,7.0,0.0,32767.0,6.86,7.85
4919,2017-12-26,7.0,0.0,32767.0,6.86,7.85
4920,2017-12-26,7.0,0.0,32767.0,6.86,7.85
4921,2017-12-26,7.0,0.0,32767.0,6.86,7.85
4922,2017-12-26,7.0,0.0,32767.0,6.86,7.85
4923,2017-12-26,7.0,0.0,32767.0,6.86,7.85
4924,2017-12-26,7.0,0.0,32767.0,6.86,7.85
4925,2017-12-26,7.0,0.0,32767.0,6.86,7.85
4926,2017-12-26,7.0,0.0,32767.0,6.86,7.85
4927,2017-12-26,7.0,0.0,32767.0,6.86,7.85
4928,2017-12-27,7.0,0.0,32767.0,6.86,7.85
4929,2017-12-27,7.0,0.0,32767.0,6.86,5.85
4930,2017-12-27,7.0,0.0,32767.0,6.86,5.85
4931,2017-12-27,7.0,0.0,32767.0,6.86,5.85
4932,2017-12-27,7.0,0.0,32767.0,6.86,5.85
4933,2017-12-27,7.0,0.0,32767.0,6.86,5.85
4934,2017-12-27,7.0,0.0,32767.0,6.86,5.85
4935,2017-12-27,7.0,0.0,32767.0,6.86,5.85
4936,2017-12-27,7.0,0.0,32767.0,6.86,5.85
4937,2017-12-27,7.0,0.0,32767.0,6.86,5.85
4938,2017-12-27,7.0,0.0,32767.0,6.86,5.85
4939,2017-12-27,7.0,0.0,32767.0,6.86,5.85
4940,2017-12-27,7.0,0.0,32767.0,6.86,5.85
4941,2017-12-27,7.0,0.0,32767.0,6.86,5.85
4942,2017-12-27,7.0,0.0,32767.0,6.86,5.85
4943,2017-12-27,7.0,0.0,32767.0,6.86,5.85
4944,2017-12-27,7.0,0.0,32767.0,6.86,5.85
4945,2017-12-27,7.0,0.0,32767.0,6.86,5.85
4946,2017-12-27,7.0,0.0,32767.0,6.86,5.85
4947,2017-12-27,7.0,0.0,32767.0,6.86,5.85
4948,2017-12-27,7.0,0.0,32767.0,6.86,5.85
4949,2017-12-27,7.0,0.0,32767.0,6.86,5.85
4950,2017-12-27,7.0,0.0,32767.0,6.86,5.85
4951,2017-12-27,7.0,0.0,32767.0,6.86,5.85
4952,2017-12-28,7.0,0.0,32767.0,6.86,5.85
4953,2017-12-28,7.0,0.0,32767.0,6.86,3.5
4954,2017-12-28,7.0,0.0,32767.0,6.86,3.5
4955,2017-12-28,7.0,0.0,32767.0,6.86,3.5
4956,2017-12-28,7.0,0.0,32767.0,6.86,3.5
4957,2017-12-28,7.0,0.0,32767.0,6.86,3.5
4958,2017-12-28,7.0,0.0,32767.0,6.86,3.5
4959,2017-12-28,7.0,0.0,32767.0,6.86,3.5
4960,2017-12-28,7.0,0.0,32767.0,6.86,3.5
4961,2017-12-28,7.0,0.0,32767.0,6.86,3.5
4962,2017-12-28,7.0,0.0,32767.0,6.86,3.5
4963,2017-12-28,7.0,0.0,32767.0,6.86,3.5
4964,2017-12-28,7.0,0.0,32767.0,6.86,3.5
4965,2017-12-28,7.0,0.0,32767.0,6.86,3.5
4966,2017-12-28,7.0,0.0,32767.0,6.86,3.5
4967,2017-12-28,7.0,0.0,32767.0,6.86,3.5
4968,2017-12-28,7.0,0.0,32767.0,6.86,3.5
4969,2017-12-28,7.0,0.0,32767.0,6.86,3.5
4970,2017-12-28,7.0,0.0,32767.0,6.86,3.5
4971,2017-12-28,7.0,0.0,32767.0,6.86,3.5
4972,2017-12-28,7.0,0.0,32767.0,6.86,3.5
4973,2017-12-28,7.0,0.0,32767.0,6.86,3.5
4974,2017-12-29,7.0,0.0,32767.0,6.86,7.0
4975,2017-12-29,7.0,0.0,32767.0,6.86,7.0
4976,2017-12-29,7.0,0.0,32767.0,6.86,7.0
4977,2017-12-29,7.0,0.0,32767.0,6.86,7.0
4978,2017-12-29,7.0,0.0,32767.0,6.86,7.0
4979,2017-12-29,7.0,0.0,32767.0,6.86,7.0
4980,2017-12-29,7.0,0.0,32767.0,6.86,7.0
4981,2017-12-29,7.0,0.0,32767.0,6.86,7.0
4982,2017-12-29,7.0,0.0,32767.0,6.86,7.0
4983,2017-12-29,7.0,0.0,32767.0,6.86,7.0
4984,2017-12-29,7.0,0.0,32767.0,6.86,7.0
4985,2017-12-29,4.7,1003.1,32.0,4.335,7.0
4986,2017-12-29,5.7,1001.9,60.0,5.2379999999999995,7.0
4987,2017-12-29,7.1,1001.1,26.0,6.655,7.0
4988,2017-12-29,6.6,1000.0,12.0,6.17,7.0
4989,2017-12-29,6.9,1000.8,23.0,5.694,7.0
4990,2017-12-29,8.1,1001.7,0.0,6.15,7.0
4991,2017-12-29,7.6,1003.4,0.0,5.244,7.0
4992,2017-12-29,7.4,1004.6,0.0,5.31,7.0
4993,2017-12-29,7.6,1005.8,0.0,5.572,7.0
4994,2017-12-29,7.4,1006.3,0.0,5.622000000000001,7.0
4995,2017-12-29,7.7,1006.9,0.0,6.072,7.0
4996,2017-12-29,8.1,1007.0,0.0,6.86,7.0
4997,2017-12-30,8.2,1006.7,0.0,7.142,7.0
4998,2017-12-30,8.6,1006.0,0.0,7.722,7.65
4999,2017-12-30,8.9,1004.9,0.0,8.26,7.65
5000,2017-12-30,9.6,1003.4,0.0,9.048,7.65
5001,2017-12-30,10.2,1001.2,0.0,9.416,7.65
5002,2017-12-30,10.4,999.4,0.0,9.728,7.65
5003,2017-12-30,10.6,999.6,0.0,10.224,7.65
5004,2017-12-30,11.8,1000.1,0.0,11.408,7.65
5005,2017-12-30,12.4,1001.1,0.0,12.0,7.65
5006,2017-12-30,13.1,1002.4,5.0,12.3,7.65
5007,2017-12-30,13.2,1003.3,46.0,12.5,7.65
5008,2017-12-30,13.2,1004.6,58.0,12.7,7.65
5009,2017-12-30,13.7,1004.8,77.0,13.0,7.65
5010,2017-12-30,13.8,1005.2,83.0,13.1,7.65
5011,2017-12-30,14.0,1005.6,54.0,13.3,7.65
5012,2017-12-30,13.7,1006.0,18.0,13.1,7.65
5013,2017-12-30,13.7,1006.6,30.0,13.1,7.65
5014,2017-12-30,13.7,1007.1,0.0,13.0,7.65
5015,2017-12-30,14.3,1007.5,0.0,13.214,7.65
5016,2017-12-30,14.2,1008.0,0.0,12.948,7.65
5017,2017-12-30,13.9,1008.9,0.0,12.5,7.65
5018,2017-12-30,13.5,1009.3,0.0,12.1,7.65
5019,2017-12-30,13.4,1009.4,0.0,12.08,7.65
5020,2017-12-30,13.2,1009.3,0.0,12.04,7.65
5021,2017-12-31,13.3,1009.4,0.0,11.9,7.65
5022,2017-12-31,12.9,1009.5,0.0,11.5,9.4
5023,2017-12-31,12.9,1009.5,0.0,11.56,9.4
5024,2017-12-31,12.3,1009.8,0.0,11.4,9.4
5025,2017-12-31,12.2,1009.2,0.0,11.3,9.4
5026,2017-12-31,12.6,1008.4,0.0,11.52,9.4
5027,2017-12-31,12.5,1007.8,0.0,11.42,9.4
5028,2017-12-31,12.8,1007.5,0.0,11.56,9.4
5029,2017-12-31,13.1,1006.8,0.0,11.7,9.4
5030,2017-12-31,13.0,1006.3,9.0,11.44,9.4
5031,2017-12-31,12.8,1006.3,32.0,11.16,9.4
5032,2017-12-31,13.1,1006.0,39.0,11.190999999999999,9.4
5033,2017-12-31,13.7,1005.1,47.0,11.591,9.4
5034,2017-12-31,14.5,1003.9,113.0,12.0,9.4
5035,2017-12-31,14.3,1002.7,91.0,11.64,9.4
5036,2017-12-31,14.2,1002.0,62.0,11.66,9.4
5037,2017-12-31,13.9,1001.2,16.0,11.392999999999999,9.4
5038,2017-12-31,12.4,1001.3,0.0,10.6,9.4
5039,2017-12-31,10.6,1001.5,0.0,9.488,9.4
5040,2017-12-31,10.4,1001.5,0.0,9.02,9.4
5041,2017-12-31,10.2,1002.4,0.0,8.728,9.4
5042,2017-12-31,9.9,1003.3,0.0,8.049,9.4
5043,2017-12-31,9.7,1004.0,0.0,7.824,9.4
5044,2017-12-31,9.3,1004.6,0.0,7.275,9.4
5045,2018-01-01,8.9,1005.3,0.0,7.2,9.4
5046,2018-01-01,8.6,1006.1,0.0,6.75,11.45
5047,2018-01-01,8.2,1006.7,0.0,6.18,11.45
5048,2018-01-01,7.8,1007.9,0.0,5.8420000000000005,11.45
5049,2018-01-01,7.5,1008.1,0.0,5.8,11.45
5050,2018-01-01,7.2,1008.5,0.0,5.664,11.45
5051,2018-01-01,6.8,1008.5,0.0,5.452000000000001,11.45
5052,2018-01-01,6.7,1008.3,0.0,5.367999999999999,11.45
5053,2018-01-01,6.4,1007.5,0.0,5.263999999999999,11.45
5054,2018-01-01,7.3,1006.4,7.0,6.098,11.45
5055,2018-01-01,8.0,1004.5,7.0,6.75,11.45
5056,2018-01-01,8.3,1001.7,7.0,7.332000000000001,11.45
5057,2018-01-01,8.0,998.5,19.0,7.36,11.45
5058,2018-01-01,8.6,995.9,51.0,8.02,11.45
5059,2018-01-01,8.7,994.4,292.0,8.06,11.45
5060,2018-01-01,9.2,994.0,35.0,8.072000000000001,11.45
5061,2018-01-01,8.6,994.9,9.0,7.88,11.45
5062,2018-01-01,8.4,998.4,0.0,7.272,11.45
5063,2018-01-01,7.9,1001.6,0.0,6.556,11.45
5064,2018-01-01,7.1,1004.4,0.0,6.2989999999999995,11.45
5065,2018-01-01,7.6,1006.2,0.0,6.244,11.45
5066,2018-01-01,6.8,1007.9,0.0,5.763999999999999,11.45
5067,2018-01-01,7.5,1009.4,0.0,6.14,11.45
5068,2018-01-01,7.6,1010.9,0.0,6.072,11.45
5069,2018-01-02,7.1,1011.5,0.0,5.805,11.45
5070,2018-01-02,7.4,1012.2,0.0,6.0360000000000005,9.0
5071,2018-01-02,7.3,1013.6,0.0,6.098,9.0
5072,2018-01-02,7.1,1014.0,0.0,5.805,9.0
5073,2018-01-02,7.0,1014.1,0.0,5.78,9.0
5074,2018-01-02,6.7,1014.6,0.0,5.599,9.0
5075,2018-01-02,6.2,1015.1,0.0,5.38,9.0
5076,2018-01-02,6.2,1015.1,0.0,5.462000000000001,9.0
5077,2018-01-02,5.7,1016.0,0.0,5.007,9.0
5078,2018-01-02,5.6,1016.9,11.0,4.916,9.0
5079,2018-01-02,5.9,1016.0,35.0,5.11,9.0
5080,2018-01-02,6.3,1015.6,60.0,5.397,9.0
5081,2018-01-02,7.5,1015.1,169.0,6.372000000000001,9.0
5082,2018-01-02,8.3,1013.9,114.0,7.436,9.0
5083,2018-01-02,9.1,1012.3,62.0,8.209,9.0
5084,2018-01-02,9.3,1011.4,39.0,8.367,9.0
5085,2018-01-02,9.2,1011.4,28.0,8.36,9.0
5086,2018-01-02,9.2,1011.4,28.0,8.36,9.0
5087,2018-01-02,9.2,1011.4,28.0,8.36,9.0
5088,2018-01-02,9.2,1011.4,28.0,8.36,9.0
5089,2018-01-02,9.2,1011.4,28.0,8.36,9.0
5090,2018-01-02,9.2,1011.4,28.0,8.36,9.0
5091,2018-01-02,9.2,1011.4,28.0,8.36,9.0
5092,2018-01-02,9.2,1011.4,28.0,8.36,9.0
5093,2018-01-03,9.2,1011.4,28.0,8.36,9.0
5094,2018-01-03,9.2,1011.4,28.0,8.36,8.0
5095,2018-01-03,9.2,1011.4,28.0,8.36,8.0
5096,2018-01-03,9.2,1011.4,28.0,8.36,8.0
5097,2018-01-03,9.2,1011.4,28.0,8.36,8.0
5098,2018-01-03,9.2,1011.4,28.0,8.36,8.0
5099,2018-01-03,9.2,1011.4,28.0,8.36,8.0
5100,2018-01-03,9.2,1011.4,28.0,8.36,8.0
5101,2018-01-03,9.2,1011.4,28.0,8.36,8.0
5102,2018-01-03,9.2,1011.4,28.0,8.36,8.0
5103,2018-01-03,9.2,1011.4,28.0,8.36,8.0
5104,2018-01-03,9.2,1011.4,28.0,8.36,8.0
5105,2018-01-03,9.2,1011.4,28.0,8.36,8.0
5106,2018-01-03,9.2,1011.4,28.0,8.36,8.0
5107,2018-01-03,9.2,1011.4,28.0,8.36,8.0
5108,2018-01-03,9.2,1011.4,28.0,8.36,8.0
5109,2018-01-03,9.2,1011.4,28.0,8.36,8.0
5110,2018-01-03,9.2,1011.4,28.0,8.36,8.0
5111,2018-01-03,9.2,1011.4,28.0,8.36,8.0
5112,2018-01-03,9.2,1011.4,28.0,8.36,8.0
5113,2018-01-03,9.2,1011.4,28.0,8.36,8.0
5114,2018-01-03,9.2,1011.4,28.0,8.36,8.0
5115,2018-01-03,9.2,1011.4,28.0,8.36,8.0
5116,2018-01-03,9.2,1011.4,28.0,8.36,8.0
5117,2018-01-04,9.2,1011.4,28.0,8.36,8.0
5118,2018-01-04,9.2,1011.4,28.0,8.36,7.3
5119,2018-01-04,9.2,1011.4,28.0,8.36,7.3
5120,2018-01-04,9.2,1011.4,28.0,8.36,7.3
5121,2018-01-04,9.2,1011.4,28.0,8.36,7.3
5122,2018-01-04,9.2,1011.4,28.0,8.36,7.3
5123,2018-01-04,9.2,1011.4,28.0,8.36,7.3
5124,2018-01-04,9.2,1011.4,28.0,8.36,7.3
5125,2018-01-04,9.2,1011.4,28.0,8.36,7.3
5126,2018-01-04,13.2,999.7,0.0,12.6,7.3
5127,2018-01-04,13.4,1000.5,19.0,12.6,7.3
5128,2018-01-04,13.6,1000.9,44.0,12.7,7.3
5129,2018-01-04,13.7,1001.0,56.0,12.7,7.3
5130,2018-01-04,13.7,1000.3,44.0,12.8,7.3
5131,2018-01-04,13.8,999.5,42.0,12.8,7.3
5132,2018-01-04,14.0,999.2,26.0,12.82,7.3
5133,2018-01-04,13.6,998.8,25.0,12.7,7.3
5134,2018-01-04,10.9,1000.2,0.0,9.722999999999999,7.3
5135,2018-01-04,10.8,1000.4,0.0,9.616,7.3
5136,2018-01-04,10.8,1000.9,0.0,9.527999999999999,7.3
5137,2018-01-04,10.8,1001.9,0.0,9.264,7.3
5138,2018-01-04,10.2,1002.1,0.0,8.482000000000001,7.3
5139,2018-01-04,9.6,1002.3,0.0,8.3,7.3
5140,2018-01-04,9.5,1002.1,0.0,8.525,7.3
5141,2018-01-05,9.9,1001.8,0.0,8.841000000000001,7.3
5142,2018-01-05,10.1,1001.1,0.0,9.029,11.65
5143,2018-01-05,10.3,1000.4,0.0,9.247,11.65
5144,2018-01-05,10.3,999.8,0.0,9.33,11.65
5145,2018-01-05,9.8,999.6,0.0,9.214,11.65
5146,2018-01-05,8.7,999.3,0.0,8.22,11.65
5147,2018-01-05,8.6,998.8,0.0,8.04,11.65
5148,2018-01-05,8.7,998.6,0.0,8.24,11.65
5149,2018-01-05,8.8,999.2,0.0,8.22,11.65
5150,2018-01-05,8.7,998.7,0.0,8.14,11.65
5151,2018-01-05,8.8,998.6,51.0,8.24,11.65
5152,2018-01-05,9.1,999.1,70.0,8.526,11.65
5153,2018-01-05,9.4,999.0,90.0,8.696,11.65
5154,2018-01-05,9.5,999.2,53.0,8.45,11.65
5155,2018-01-05,10.2,998.4,123.0,9.056000000000001,11.65
5156,2018-01-05,10.6,998.8,25.0,9.23,11.65
5157,2018-01-05,9.1,999.2,49.0,8.138,11.65
5158,2018-01-05,8.7,999.6,0.0,7.9,11.65
5159,2018-01-05,8.2,1000.1,0.0,7.4,11.65
5160,2018-01-05,7.4,1000.5,0.0,6.626,11.65
5161,2018-01-05,6.8,1001.1,0.0,6.007999999999999,11.65
5162,2018-01-05,6.8,1001.3,0.0,5.92,11.65
5163,2018-01-05,6.1,1001.6,0.0,5.452000000000001,11.65
5164,2018-01-05,6.7,1001.7,0.0,5.83,11.65
5165,2018-01-06,6.8,1001.7,0.0,5.917000000000001,11.65
5166,2018-01-06,7.6,1001.9,0.0,6.82,9.9
5167,2018-01-06,7.3,1001.9,0.0,6.712000000000001,9.9
5168,2018-01-06,7.1,1002.0,0.0,6.566,9.9
5169,2018-01-06,7.3,1002.1,0.0,6.778,9.9
5170,2018-01-06,6.9,1001.9,0.0,6.3660000000000005,9.9
5171,2018-01-06,6.8,1002.0,0.0,6.272,9.9
5172,2018-01-06,6.9,1002.5,0.0,6.3660000000000005,9.9
5173,2018-01-06,6.6,1002.8,0.0,6.17,9.9
5174,2018-01-06,6.5,1003.5,0.0,6.075,9.9
5175,2018-01-06,7.0,1004.4,35.0,6.64,9.9
5176,2018-01-06,7.8,1005.1,123.0,7.226,9.9
5177,2018-01-06,7.6,1005.6,65.0,6.76,9.9
5178,2018-01-06,8.8,1005.3,121.0,7.852,9.9
5179,2018-01-06,7.9,1005.4,60.0,7.001,9.9
5180,2018-01-06,9.1,1005.8,69.0,7.996,9.9
5181,2018-01-06,8.3,1006.5,25.0,7.332000000000001,9.9
5182,2018-01-06,7.6,1006.8,0.0,6.928,9.9
5183,2018-01-06,7.3,1007.5,0.0,6.604,9.9
5184,2018-01-06,7.1,1008.5,0.0,6.477,9.9
5185,2018-01-06,7.1,1009.1,0.0,6.388,9.9
5186,2018-01-06,7.0,1009.7,0.0,6.37,9.9
5187,2018-01-06,7.0,1009.7,0.0,6.37,9.9
5188,2018-01-06,7.0,1009.7,0.0,6.37,9.9
5189,2018-01-07,7.0,1009.7,0.0,6.37,9.9
5190,2018-01-07,7.0,1009.7,0.0,6.37,7.7
5191,2018-01-07,7.0,1009.7,0.0,6.37,7.7
5192,2018-01-07,7.0,1009.7,0.0,6.37,7.7
5193,2018-01-07,7.0,1009.7,0.0,6.37,7.7
5194,2018-01-07,7.0,1009.7,0.0,6.37,7.7
5195,2018-01-07,7.0,1009.7,0.0,6.37,7.7
5196,2018-01-07,7.0,1009.7,0.0,6.37,7.7
5197,2018-01-07,7.0,1009.7,0.0,6.37,7.7
5198,2018-01-07,7.0,1009.7,0.0,6.37,7.7
5199,2018-01-07,7.0,1009.7,0.0,6.37,7.7
5200,2018-01-07,7.0,1009.7,0.0,6.37,7.7
5201,2018-01-07,7.0,1009.7,0.0,6.37,7.7
5202,2018-01-07,7.0,1009.7,0.0,6.37,7.7
5203,2018-01-07,7.0,1009.7,0.0,6.37,7.7
5204,2018-01-07,7.0,1009.7,0.0,6.37,7.7
5205,2018-01-07,7.0,1009.7,0.0,6.37,7.7
5206,2018-01-07,7.0,1009.7,0.0,6.37,7.7
5207,2018-01-07,7.0,1009.7,0.0,6.37,7.7
5208,2018-01-07,7.0,1009.7,0.0,6.37,7.7
5209,2018-01-07,7.0,1009.7,0.0,6.37,7.7
5210,2018-01-07,7.0,1009.7,0.0,6.37,7.7
5211,2018-01-07,7.0,1009.7,0.0,6.37,7.7
5212,2018-01-07,7.0,1009.7,0.0,6.37,7.7
5213,2018-01-08,7.0,1009.7,0.0,6.37,7.7
5214,2018-01-08,7.0,1009.7,0.0,6.37,6.75
5215,2018-01-08,7.0,1009.7,0.0,6.37,6.75
5216,2018-01-08,7.0,1009.7,0.0,6.37,6.75
5217,2018-01-08,7.0,1009.7,0.0,6.37,6.75
5218,2018-01-08,7.0,1009.7,0.0,6.37,6.75
5219,2018-01-08,7.0,1009.7,0.0,6.37,6.75
5220,2018-01-08,7.0,1009.7,0.0,6.37,6.75
5221,2018-01-08,7.0,1009.7,0.0,6.37,6.75
5222,2018-01-08,7.0,1009.7,0.0,6.37,6.75
5223,2018-01-08,7.0,1009.7,0.0,6.37,6.75
5224,2018-01-08,7.0,1009.7,0.0,6.37,6.75
5225,2018-01-08,7.0,1009.7,0.0,6.37,6.75
5226,2018-01-08,7.0,1009.7,0.0,6.37,6.75
5227,2018-01-08,7.0,1009.7,0.0,6.37,6.75
5228,2018-01-08,8.2,1013.5,181.0,6.712000000000001,6.75
5229,2018-01-08,8.2,1014.1,74.0,6.797999999999999,6.75
5230,2018-01-08,7.6,1014.1,11.0,6.435,6.75
5231,2018-01-08,6.9,1013.5,0.0,5.931,6.75
5232,2018-01-08,6.7,1013.9,0.0,5.752999999999999,6.75
5233,2018-01-08,6.3,1013.7,0.0,5.553,6.75
5234,2018-01-08,5.8,1013.1,0.0,5.176,6.75
5235,2018-01-08,6.1,1012.6,0.0,5.371,6.75
5236,2018-01-08,5.7,1012.2,0.0,5.007,6.75
5237,2018-01-09,5.6,1011.5,0.0,4.916,6.75
5238,2018-01-09,5.6,1010.8,0.0,4.916,7.65
5239,2018-01-09,5.6,1010.6,0.0,4.916,7.65
5240,2018-01-09,5.1,1010.0,0.0,4.603,7.65
5241,2018-01-09,4.7,1009.9,0.0,4.189,7.65
5242,2018-01-09,4.8,1009.2,0.0,4.224,7.65
5243,2018-01-09,6.4,1009.1,0.0,5.728,7.65
5244,2018-01-09,5.3,1008.2,0.0,4.716,7.65
5245,2018-01-09,5.2,1007.8,0.0,4.768,7.65
5246,2018-01-09,4.7,1007.9,7.0,4.408,7.65
5247,2018-01-09,5.1,1008.5,19.0,4.86,7.65
5248,2018-01-09,5.5,1008.9,32.0,5.372000000000001,7.65
5249,2018-01-09,5.6,1008.9,44.0,5.372000000000001,7.65
5250,2018-01-09,5.6,1008.9,44.0,5.372000000000001,7.65
5251,2018-01-09,5.6,1008.9,44.0,5.372000000000001,7.65
5252,2018-01-09,5.6,1008.9,44.0,5.372000000000001,7.65
5253,2018-01-09,5.6,1008.9,44.0,5.372000000000001,7.65
5254,2018-01-09,5.6,1008.9,44.0,5.372000000000001,7.65
5255,2018-01-09,5.6,1008.9,44.0,5.372000000000001,7.65
5256,2018-01-09,5.6,1008.9,44.0,5.372000000000001,7.65
5257,2018-01-09,5.6,1008.9,44.0,5.372000000000001,7.65
5258,2018-01-09,5.6,1008.9,44.0,5.372000000000001,7.65
5259,2018-01-09,5.6,1008.9,44.0,5.372000000000001,7.65
5260,2018-01-09,5.6,1008.9,44.0,5.372000000000001,7.65
5261,2018-01-10,5.6,1008.9,44.0,5.372000000000001,7.65
5262,2018-01-10,5.6,1008.9,44.0,5.372000000000001,6.15
5263,2018-01-10,5.6,1008.9,44.0,5.372000000000001,6.15
5264,2018-01-10,5.6,1008.9,44.0,5.372000000000001,6.15
5265,2018-01-10,5.6,1008.9,44.0,5.372000000000001,6.15
5266,2018-01-10,5.6,1008.9,44.0,5.372000000000001,6.15
5267,2018-01-10,5.6,1008.9,44.0,5.372000000000001,6.15
5268,2018-01-10,5.6,1008.9,44.0,5.372000000000001,6.15
5269,2018-01-10,5.6,1008.9,44.0,5.372000000000001,6.15
5270,2018-01-10,5.6,1008.9,44.0,5.372000000000001,6.15
5271,2018-01-10,5.6,1008.9,44.0,5.372000000000001,6.15
5272,2018-01-10,5.6,1008.9,44.0,5.372000000000001,6.15
5273,2018-01-10,5.6,1008.9,44.0,5.372000000000001,6.15
5274,2018-01-10,5.6,1008.9,44.0,5.372000000000001,6.15
5275,2018-01-10,5.6,1008.9,44.0,5.372000000000001,6.15
5276,2018-01-10,5.6,1008.9,44.0,5.372000000000001,6.15
5277,2018-01-10,5.6,1008.9,44.0,5.372000000000001,6.15
5278,2018-01-10,5.6,1008.9,44.0,5.372000000000001,6.15
5279,2018-01-10,5.6,1008.9,44.0,5.372000000000001,6.15
5280,2018-01-10,5.6,1008.9,44.0,5.372000000000001,6.15
5281,2018-01-10,5.6,1008.9,44.0,5.372000000000001,6.15
5282,2018-01-10,5.6,1008.9,44.0,5.372000000000001,6.15
5283,2018-01-10,5.6,1008.9,44.0,5.372000000000001,6.15
5284,2018-01-10,5.6,1008.9,44.0,5.372000000000001,6.15
5285,2018-01-11,5.6,1008.9,44.0,5.372000000000001,6.15
5286,2018-01-11,6.7,1008.2,0.0,6.352,5.1
5287,2018-01-11,7.2,1008.2,0.0,6.848,5.1
5288,2018-01-11,6.5,1008.8,0.0,6.16,5.1
5289,2018-01-11,7.9,1008.8,0.0,7.171,5.1
5290,2018-01-11,6.5,1009.6,0.0,6.064,5.1
5291,2018-01-11,7.1,1009.7,0.0,6.55,5.1
5292,2018-01-11,6.4,1010.6,0.0,6.064,5.1
5293,2018-01-11,7.0,1011.4,0.0,6.55,5.1
5294,2018-01-11,6.9,1012.3,0.0,6.3660000000000005,5.1
5295,2018-01-11,6.6,1013.2,35.0,6.256,5.1
5296,2018-01-11,7.8,1014.2,83.0,7.472,5.1
5297,2018-01-11,7.4,1014.9,93.0,6.97,5.1
5298,2018-01-11,7.9,1015.2,142.0,7.495,5.1
5299,2018-01-11,7.7,1015.6,158.0,7.308,5.1
5300,2018-01-11,7.6,1016.4,90.0,7.0120000000000005,5.1
5301,2018-01-11,7.0,1017.3,30.0,6.566,5.1
5302,2018-01-11,6.7,1018.2,0.0,6.178,5.1
5303,2018-01-11,6.0,1018.8,0.0,5.52,5.1
5304,2018-01-11,5.1,1019.8,0.0,4.816,5.1
5305,2018-01-11,4.8,1020.7,0.0,4.584,5.1
5306,2018-01-11,5.2,1021.4,0.0,4.984,5.1
5307,2018-01-11,5.5,1021.8,0.0,5.275,5.1
5308,2018-01-11,5.3,1022.1,0.0,5.081,5.1
5309,2018-01-12,5.0,1022.6,0.0,4.79,5.1
5310,2018-01-12,4.7,1022.8,0.0,4.584,6.9
5311,2018-01-12,4.6,1023.2,0.0,4.452,6.9
5312,2018-01-12,4.6,1023.4,0.0,4.35,6.9
5313,2018-01-12,4.6,1023.5,0.0,4.452,6.9
5314,2018-01-12,4.8,1024.0,0.0,4.656000000000001,6.9
5315,2018-01-12,4.7,1024.0,0.0,4.553999999999999,6.9
5316,2018-01-12,4.7,1024.4,0.0,4.553999999999999,6.9
5317,2018-01-12,4.7,1025.1,0.0,4.553999999999999,6.9
5318,2018-01-12,4.6,1025.0,0.0,4.452,6.9
5319,2018-01-12,4.6,1025.6,16.0,4.452,6.9
5320,2018-01-12,4.7,1025.8,47.0,4.553999999999999,6.9
5321,2018-01-12,5.2,1025.5,67.0,5.056,6.9
5322,2018-01-12,5.5,1025.0,107.0,5.35,6.9
5323,2018-01-12,6.3,1024.4,102.0,5.718999999999999,6.9
5324,2018-01-12,6.7,1024.3,69.0,5.752999999999999,6.9
5325,2018-01-12,6.0,1024.8,28.0,5.371,6.9
5326,2018-01-12,5.7,1024.7,0.0,5.084,6.9
5327,2018-01-12,5.6,1024.6,0.0,4.992,6.9
5328,2018-01-12,5.8,1024.9,0.0,5.176,6.9
5329,2018-01-12,5.8,1024.8,0.0,5.098,6.9
5330,2018-01-12,5.7,1024.6,0.0,5.084,6.9
5331,2018-01-12,4.9,1024.6,0.0,4.4030000000000005,6.9
5332,2018-01-12,3.9,1024.3,0.0,3.426,6.9
5333,2018-01-13,3.4,1023.6,0.0,3.1039999999999996,6.9
5334,2018-01-13,3.7,1023.3,0.0,3.392,5.95
5335,2018-01-13,3.7,1022.8,0.0,3.392,5.95
5336,2018-01-13,3.8,1022.4,0.0,3.5660000000000003,5.95
5337,2018-01-13,4.9,1022.0,0.0,4.687,5.95
5338,2018-01-13,3.7,1021.8,0.0,3.469,5.95
5339,2018-01-13,4.3,1021.0,0.0,3.838,5.95
5340,2018-01-13,5.1,1021.0,0.0,4.745,5.95
5341,2018-01-13,5.5,1020.6,0.0,4.992,5.95
5342,2018-01-13,4.9,1020.5,0.0,4.474,5.95
5343,2018-01-13,6.7,1020.4,151.0,5.599,5.95
5344,2018-01-13,5.8,1020.3,113.0,4.8839999999999995,5.95
5345,2018-01-13,5.4,1019.7,77.0,4.532,5.95
5346,2018-01-13,5.2,1019.1,86.0,4.17,5.95
5347,2018-01-13,4.8,1018.1,70.0,3.832,5.95
5348,2018-01-13,5.7,1017.8,60.0,4.461,5.95
5349,2018-01-13,5.1,1017.5,32.0,4.085,5.95
5350,2018-01-13,5.1,1017.5,32.0,4.085,5.95
5351,2018-01-13,5.1,1017.5,32.0,4.085,5.95
5352,2018-01-13,5.1,1017.5,32.0,4.085,5.95
5353,2018-01-13,5.1,1017.5,32.0,4.085,5.95
5354,2018-01-13,5.1,1017.5,32.0,4.085,5.95
5355,2018-01-13,5.1,1017.5,32.0,4.085,5.95
5356,2018-01-13,5.1,1017.5,32.0,4.085,5.95
5357,2018-01-14,5.1,1017.5,32.0,4.085,5.95
5358,2018-01-14,5.1,1017.5,32.0,4.085,4.85
5359,2018-01-14,5.1,1017.5,32.0,4.085,4.85
5360,2018-01-14,5.1,1017.5,32.0,4.085,4.85
5361,2018-01-14,5.1,1017.5,32.0,4.085,4.85
5362,2018-01-14,5.1,1017.5,32.0,4.085,4.85
5363,2018-01-14,5.1,1017.5,32.0,4.085,4.85
5364,2018-01-14,5.1,1017.5,32.0,4.085,4.85
5365,2018-01-14,5.1,1017.5,32.0,4.085,4.85
5366,2018-01-14,5.1,1017.5,32.0,4.085,4.85
5367,2018-01-14,7.0,0.0,32767.0,6.86,4.85
5368,2018-01-14,2.7,1016.6,70.0,2.35,4.85
5369,2018-01-14,5.3,1016.8,65.0,4.356,4.85
5370,2018-01-14,6.6,1016.5,308.0,5.132000000000001,4.85
5371,2018-01-14,7.2,1016.5,206.0,5.582000000000001,4.85
5372,2018-01-14,7.8,1016.3,306.0,6.013999999999999,4.85
5373,2018-01-14,9.0,1016.6,93.0,6.96,4.85
5374,2018-01-14,7.8,1016.7,16.0,5.928,4.85
5375,2018-01-14,7.1,1017.6,0.0,5.481,4.85
5376,2018-01-14,5.0,1017.9,0.0,4.3,4.85
5377,2018-01-14,4.0,1017.9,0.0,3.44,4.85
5378,2018-01-14,4.2,1017.9,0.0,3.7319999999999998,4.85
5379,2018-01-14,4.2,1018.4,0.0,3.81,4.85
5380,2018-01-14,4.4,1018.7,0.0,3.992,4.85
5381,2018-01-15,4.7,1018.6,0.0,4.481,4.85
5382,2018-01-15,4.9,1018.3,0.0,4.687,6.3
5383,2018-01-15,5.4,1017.5,0.0,5.104,6.3
5384,2018-01-15,5.1,1017.1,0.0,4.912,6.3
5385,2018-01-15,5.2,1016.4,0.0,4.912,6.3
5386,2018-01-15,4.9,1015.5,0.0,4.545,6.3
5387,2018-01-15,5.0,1015.1,0.0,4.65,6.3
5388,2018-01-15,5.4,1014.5,0.0,4.956,6.3
5389,2018-01-15,5.7,1013.7,0.0,5.1610000000000005,6.3
5390,2018-01-15,6.1,1013.1,0.0,5.371,6.3
5391,2018-01-15,6.8,1012.2,39.0,5.8420000000000005,6.3
5392,2018-01-15,6.7,1011.7,28.0,5.752999999999999,6.3
5393,2018-01-15,6.8,1009.8,39.0,6.007999999999999,6.3
5394,2018-01-15,7.4,1007.0,32.0,6.626,6.3
5395,2018-01-15,7.1,1005.2,14.0,6.388,6.3
5396,2018-01-15,7.3,1002.7,42.0,6.604,6.3
5397,2018-01-15,7.6,1001.3,21.0,7.0120000000000005,6.3
5398,2018-01-15,8.2,1000.1,7.0,7.72,6.3
5399,2018-01-15,8.8,1000.2,0.0,8.4,6.3
5400,2018-01-15,9.4,1000.3,0.0,8.96,6.3
5401,2018-01-15,9.9,1001.0,0.0,8.762,6.3
5402,2018-01-15,9.1,1001.4,0.0,7.996,6.3
5403,2018-01-15,8.7,1001.5,0.0,7.596,6.3
5404,2018-01-15,8.7,1002.0,0.0,7.747999999999999,6.3
5405,2018-01-16,8.6,1001.8,0.0,7.644,6.3
5406,2018-01-16,8.2,1001.5,0.0,7.64,4.95
5407,2018-01-16,8.3,1000.5,0.0,7.82,4.95
5408,2018-01-16,8.4,1000.6,0.0,7.518,4.95
5409,2018-01-16,8.0,1000.8,0.0,7.2,4.95
5410,2018-01-16,8.0,1000.3,0.0,7.44,4.95
5411,2018-01-16,8.3,1000.1,0.0,7.5,4.95
5412,2018-01-16,7.9,1000.2,0.0,7.171,4.95
5413,2018-01-16,8.3,1000.2,0.0,7.332000000000001,4.95
5414,2018-01-16,7.1,1001.4,7.0,6.2989999999999995,4.95
5415,2018-01-16,7.7,1002.0,111.0,6.696000000000001,4.95
5416,2018-01-16,8.4,1002.2,51.0,7.3,4.95
5417,2018-01-16,9.3,1002.7,148.0,7.362,4.95
5418,2018-01-16,9.6,1002.3,220.0,7.247999999999999,4.95
5419,2018-01-16,7.9,1002.4,100.0,6.645,4.95
5420,2018-01-16,9.0,1001.5,62.0,7.14,4.95
5421,2018-01-16,7.6,1001.4,76.0,6.416,4.95
5422,2018-01-16,7.2,1002.0,16.0,5.746,4.95
5423,2018-01-16,7.0,1002.1,0.0,5.3,4.95
5424,2018-01-16,5.4,1001.5,0.0,4.66,4.95
5425,2018-01-16,5.3,1001.1,0.0,4.643,4.95
5426,2018-01-16,5.4,1001.0,0.0,4.808,4.95
5427,2018-01-16,5.9,1000.6,0.0,4.696000000000001,4.95
5428,2018-01-16,5.4,1001.1,0.0,4.532,4.95
5429,2018-01-17,2.7,1001.2,0.0,2.21,4.95
5430,2018-01-17,3.3,1001.6,0.0,2.716,7.2
5431,2018-01-17,4.2,1001.6,0.0,3.148,7.2
5432,2018-01-17,4.2,1003.0,0.0,3.012,7.2
5433,2018-01-17,3.9,1003.7,0.0,2.8339999999999996,7.2
5434,2018-01-17,3.9,1004.2,0.0,2.765,7.2
5435,2018-01-17,3.9,1005.2,0.0,2.765,7.2
5436,2018-01-17,4.0,1005.8,0.0,2.8960000000000004,7.2
5437,2018-01-17,3.7,1007.8,0.0,2.662,7.2
5438,2018-01-17,3.4,1009.4,16.0,2.532,7.2
5439,2018-01-17,3.9,1010.7,118.0,2.8339999999999996,7.2
5440,2018-01-17,4.9,1011.8,56.0,3.58,7.2
5441,2018-01-17,6.0,1012.8,65.0,4.08,7.2
5442,2018-01-17,6.9,1013.2,329.0,4.448,7.2
5443,2018-01-17,7.7,1013.3,338.0,4.621,7.2
5444,2018-01-17,7.9,1013.8,118.0,4.53,7.2
5445,2018-01-17,7.5,1014.0,39.0,4.55,7.2
5446,2018-01-17,7.2,1014.4,16.0,4.982,7.2
5447,2018-01-17,6.4,1014.9,0.0,4.82,7.2
5448,2018-01-17,5.7,1014.8,0.0,4.461,7.2
5449,2018-01-17,5.6,1014.6,0.0,4.444,7.2
5450,2018-01-17,5.7,1014.3,0.0,4.5280000000000005,7.2
5451,2018-01-17,5.9,1014.1,0.0,4.765,7.2
5452,2018-01-17,6.4,1014.0,0.0,5.042,7.2
5453,2018-01-18,6.2,1012.9,0.0,4.948,7.2
5454,2018-01-18,6.2,1011.7,0.0,5.092,5.4
5455,2018-01-18,6.2,1009.7,0.0,5.462000000000001,5.4
5456,2018-01-18,6.5,1008.2,0.0,5.99,5.4
5457,2018-01-18,7.4,1006.9,0.0,6.8839999999999995,5.4
5458,2018-01-18,8.1,1005.8,0.0,7.62,5.4
5459,2018-01-18,8.6,1004.8,0.0,8.12,5.4
5460,2018-01-18,9.2,1004.3,0.0,8.696,5.4
5461,2018-01-18,9.7,1004.7,0.0,9.136000000000001,5.4
5462,2018-01-18,10.1,1005.2,7.0,9.407,5.4
5463,2018-01-18,10.3,1005.5,44.0,9.718,5.4
5464,2018-01-18,10.6,1005.6,56.0,10.036,5.4
5465,2018-01-18,10.8,1006.1,26.0,10.248,5.4
5466,2018-01-18,9.4,1006.3,153.0,8.96,5.4
5467,2018-01-18,10.4,1005.7,114.0,9.356,5.4
5468,2018-01-18,10.4,1005.6,46.0,8.936,5.4
5469,2018-01-18,9.8,1005.8,171.0,8.294,5.4
5470,2018-01-18,9.6,1006.0,14.0,8.224,5.4
5471,2018-01-18,9.4,1006.1,0.0,8.002,5.4
5472,2018-01-18,8.7,1006.3,0.0,7.596,5.4
5473,2018-01-18,8.6,1006.7,0.0,7.332000000000001,5.4
5474,2018-01-18,8.3,1007.3,0.0,7.108,5.4
5475,2018-01-18,8.0,1007.6,0.0,6.66,5.4
5476,2018-01-18,7.7,1008.4,0.0,6.1739999999999995,5.4
5477,2018-01-19,6.8,1009.0,0.0,5.07,5.4
5478,2018-01-19,6.4,1009.7,0.0,5.19,6.7
5479,2018-01-19,5.9,1010.3,0.0,4.834,6.7
5480,2018-01-19,5.3,1010.6,0.0,4.3180000000000005,6.7
5481,2018-01-19,4.7,1010.9,0.0,3.907,6.7
5482,2018-01-19,4.2,1011.0,0.0,3.498,6.7
5483,2018-01-19,4.2,1011.0,0.0,3.498,6.7
5484,2018-01-19,4.6,1011.1,0.0,3.9339999999999997,6.7
5485,2018-01-19,4.7,1011.3,0.0,3.97,6.7
5486,2018-01-19,4.8,1011.9,12.0,4.08,6.7
5487,2018-01-19,5.1,1012.4,14.0,4.39,6.7
5488,2018-01-19,4.7,1012.7,74.0,4.189,6.7
5489,2018-01-19,4.9,1012.6,116.0,4.474,6.7
5490,2018-01-19,6.0,1012.5,167.0,5.041,6.7
5491,2018-01-19,6.5,1012.3,56.0,4.9,6.7
5492,2018-01-19,4.5,1012.5,246.0,3.825,6.7
5493,2018-01-19,6.5,1012.5,123.0,4.9,6.7
5494,2018-01-19,6.6,1012.7,14.0,4.64,6.7
5495,2018-01-19,5.8,1013.1,0.0,4.2,6.7
5496,2018-01-19,5.2,1013.6,0.0,3.984,6.7
5497,2018-01-19,4.7,1013.7,0.0,3.6039999999999996,6.7
5498,2018-01-19,4.6,1014.0,0.0,3.6039999999999996,6.7
5499,2018-01-19,4.3,1014.0,0.0,3.3289999999999997,6.7
5500,2018-01-19,4.3,1014.1,0.0,3.262,6.7
5501,2018-01-20,4.1,1013.8,0.0,3.1719999999999997,6.7
5502,2018-01-20,4.0,1013.7,0.0,3.06,6.55
5503,2018-01-20,3.8,1013.4,0.0,3.02,6.55
5504,2018-01-20,3.9,1012.7,0.0,3.11,6.55
5505,2018-01-20,3.7,1012.0,0.0,3.0839999999999996,6.55
5506,2018-01-20,4.1,1010.7,0.0,3.5469999999999997,6.55
5507,2018-01-20,4.9,1009.5,0.0,4.4030000000000005,6.55
5508,2018-01-20,4.9,1007.9,0.0,4.44,6.55
5509,2018-01-20,5.6,1006.3,0.0,5.22,6.55
5510,2018-01-20,6.9,1004.4,0.0,6.01,6.55
5511,2018-01-20,6.6,1002.6,32.0,5.8260000000000005,6.55
5512,2018-01-20,7.3,1000.4,37.0,6.604,6.55
5513,2018-01-20,8.1,999.2,86.0,7.2,6.55
5514,2018-01-20,7.9,997.9,60.0,7.495,6.55
5515,2018-01-20,9.7,997.2,84.0,9.232000000000001,6.55
5516,2018-01-20,11.3,997.5,60.0,10.37,6.55
5517,2018-01-20,11.0,998.7,16.0,10.19,6.55
5518,2018-01-20,10.6,999.5,16.0,9.847999999999999,6.55
5519,2018-01-20,10.7,999.7,0.0,10.142000000000001,6.55
5520,2018-01-20,10.7,1000.4,0.0,10.34,6.55
5521,2018-01-20,10.7,1001.2,0.0,10.156,6.55
5522,2018-01-20,10.1,1002.1,0.0,9.11,6.55
5523,2018-01-20,9.2,1003.3,0.0,8.443999999999999,6.55
5524,2018-01-20,9.6,1004.7,0.0,8.68,6.55
5525,2018-01-21,8.8,1006.2,0.0,8.32,6.55
5526,2018-01-21,8.3,1007.7,0.0,7.9,7.7
5527,2018-01-21,7.5,1009.8,0.0,6.735,7.7
5528,2018-01-21,6.9,1011.4,0.0,5.931,7.7
5529,2018-01-21,6.5,1012.4,0.0,5.735,7.7
5530,2018-01-21,6.3,1013.4,0.0,5.636,7.7
5531,2018-01-21,6.0,1014.1,0.0,5.28,7.7
5532,2018-01-21,5.8,1014.8,0.0,5.176,7.7
5533,2018-01-21,5.4,1015.3,0.0,4.734,7.7
5534,2018-01-21,5.6,1016.2,7.0,4.975,7.7
5535,2018-01-21,6.1,1016.5,54.0,5.5329999999999995,7.7
5536,2018-01-21,7.8,1016.3,49.0,6.803999999999999,7.7
5537,2018-01-21,7.7,1016.8,84.0,6.87,7.7
5538,2018-01-21,8.3,1015.9,76.0,7.332000000000001,7.7
5539,2018-01-21,8.3,1015.1,60.0,7.5,7.7
5540,2018-01-21,8.6,1014.2,44.0,7.8,7.7
5541,2018-01-21,9.0,1013.5,23.0,8.2,7.7
5542,2018-01-21,8.8,1012.9,5.0,8.08,7.7
5543,2018-01-21,9.2,1012.3,0.0,8.696,7.7
5544,2018-01-21,9.5,1012.1,0.0,9.048,7.7
5545,2018-01-21,10.7,1011.8,0.0,10.421,7.7
5546,2018-01-21,11.3,1011.5,0.0,10.742,7.7
5547,2018-01-21,11.0,1011.1,0.0,10.55,7.7
5548,2018-01-21,11.1,1010.9,0.0,10.55,7.7
5549,2018-01-22,11.0,1010.9,0.0,10.64,7.7
5550,2018-01-22,12.3,1008.0,44.0,11.8,7.45
5551,2018-01-22,12.4,1008.7,181.0,11.7,7.45
5552,2018-01-22,13.0,1008.5,229.0,11.9,7.45
5553,2018-01-22,12.0,1009.5,21.0,11.6,7.45
5554,2018-01-22,10.9,1011.6,118.0,10.081,7.45
5555,2018-01-22,10.1,1013.8,90.0,8.948,7.45
5556,2018-01-22,10.0,1016.0,9.0,8.68,7.45
5557,2018-01-22,9.3,1017.2,0.0,8.075,7.45
5558,2018-01-22,9.0,1018.7,0.0,7.71,7.45
5559,2018-01-22,9.0,1019.9,0.0,7.85,7.45
5560,2018-01-22,9.2,1020.6,0.0,7.712000000000001,7.45
5561,2018-01-22,9.1,1021.2,0.0,7.57,7.45
5562,2018-01-22,9.0,1021.9,0.0,7.57,7.45
5563,2018-01-23,9.0,1022.3,0.0,7.64,7.45
5564,2018-01-23,8.9,1022.5,0.0,7.524,9.2
5565,2018-01-23,8.8,1022.6,0.0,7.4079999999999995,9.2
5566,2018-01-23,8.7,1022.8,0.0,7.444,9.2
5567,2018-01-23,8.7,1023.0,0.0,7.367999999999999,9.2
5568,2018-01-23,8.7,1023.0,0.0,7.444,9.2
5569,2018-01-23,8.9,1023.0,0.0,7.667999999999999,9.2
5570,2018-01-23,8.5,1023.0,0.0,7.22,9.2
5571,2018-01-23,8.5,1023.1,0.0,7.272,9.2
5572,2018-01-23,9.1,1023.2,23.0,7.7829999999999995,9.2
5573,2018-01-23,9.8,1023.3,149.0,8.06,9.2
5574,2018-01-23,7.7,1023.5,91.0,6.87,9.2
5575,2018-01-23,8.6,1023.4,49.0,7.8,9.2
5576,2018-01-23,9.2,1023.0,91.0,8.527999999999999,9.2
5577,2018-01-23,9.8,1022.3,63.0,9.128,9.2
5578,2018-01-23,10.3,1022.2,46.0,9.524,9.2
5579,2018-01-23,10.6,1022.1,32.0,10.036,9.2
5580,2018-01-23,11.1,1022.0,7.0,10.463,9.2
5581,2018-01-23,11.5,1021.7,0.0,10.74,9.2
5582,2018-01-23,11.3,1021.8,0.0,10.742,9.2
5583,2018-01-23,11.8,1021.9,0.0,11.114,9.2
5584,2018-01-23,12.0,1022.1,0.0,11.2,9.2
5585,2018-01-23,11.9,1021.7,0.0,11.107999999999999,9.2
5586,2018-01-23,11.9,1021.9,0.0,11.107999999999999,9.2
5587,2018-01-24,11.9,1021.7,0.0,11.207,9.2
5588,2018-01-24,12.0,1021.9,0.0,11.3,10.5
5589,2018-01-24,11.6,1021.3,0.0,11.024000000000001,10.5
5590,2018-01-24,11.7,1021.0,0.0,11.118,10.5
5591,2018-01-24,11.5,1020.5,0.0,11.025,10.5
5592,2018-01-24,11.6,1020.1,0.0,11.12,10.5
5593,2018-01-24,11.9,1019.7,0.0,11.306,10.5
5594,2018-01-24,12.0,1019.4,0.0,11.4,10.5
5595,2018-01-24,12.0,1019.2,0.0,11.4,10.5
5596,2018-01-24,12.0,1018.9,9.0,11.3,10.5
5597,2018-01-24,12.4,1018.8,72.0,11.32,10.5
5598,2018-01-24,12.0,1018.6,69.0,10.92,10.5
5599,2018-01-24,12.8,1017.9,169.0,11.48,10.5
5600,2018-01-24,13.5,1016.6,197.0,11.49,10.5
5601,2018-01-24,13.3,1015.6,105.0,10.751,10.5
5602,2018-01-24,13.2,1014.3,146.0,11.075999999999999,10.5
5603,2018-01-24,13.2,1014.0,93.0,11.075999999999999,10.5
5604,2018-01-24,12.7,1013.8,23.0,10.579,10.5
5605,2018-01-24,12.2,1013.4,0.0,10.4,10.5
5606,2018-01-24,12.4,1013.1,0.0,10.68,10.5
5607,2018-01-24,12.2,1012.7,0.0,10.56,10.5
5608,2018-01-24,12.0,1012.8,0.0,10.44,10.5
5609,2018-01-24,11.9,1012.6,0.0,10.424000000000001,10.5
5610,2018-01-24,11.1,1012.8,0.0,10.19,10.5
5611,2018-01-25,10.8,1012.9,0.0,10.064,10.5
5612,2018-01-25,10.8,1013.2,0.0,10.156,10.55
5613,2018-01-25,9.7,1013.3,0.0,9.324,10.55
5614,2018-01-25,9.9,1013.4,0.0,9.41,10.55
5615,2018-01-25,9.5,1013.3,0.0,8.96,10.55
5616,2018-01-25,9.1,1013.3,0.0,8.69,10.55
5617,2018-01-25,9.0,1013.3,0.0,8.6,10.55
5618,2018-01-25,8.9,1013.0,0.0,8.42,10.55
5619,2018-01-25,9.1,1012.9,0.0,8.607999999999999,10.55
5620,2018-01-25,9.0,1012.7,7.0,8.52,10.55
5621,2018-01-25,8.6,1012.8,30.0,8.22,10.55
5622,2018-01-25,9.1,1012.6,58.0,8.526,10.55
5623,2018-01-25,8.9,1012.7,30.0,8.34,10.55
5624,2018-01-25,9.0,1012.0,67.0,8.36,10.55
5625,2018-01-25,9.4,1011.5,95.0,8.87,10.55
5626,2018-01-25,9.5,1010.9,54.0,8.69,10.55
5627,2018-01-25,9.1,1011.1,32.0,8.443999999999999,10.55
5628,2018-01-25,8.6,1011.3,16.0,7.96,10.55
5629,2018-01-25,9.1,1011.5,0.0,8.443999999999999,10.55
5630,2018-01-25,8.9,1011.8,0.0,8.18,10.55
5631,2018-01-25,8.7,1011.9,0.0,8.06,10.55
5632,2018-01-25,8.0,1012.3,0.0,7.44,10.55
5633,2018-01-25,7.9,1012.5,0.0,7.332999999999999,10.55
5634,2018-01-25,7.4,1012.9,0.0,6.797999999999999,10.55
5635,2018-01-26,7.4,1013.3,0.0,6.712000000000001,10.55
5636,2018-01-26,7.0,1013.4,0.0,6.37,10.95
5637,2018-01-26,6.6,1013.2,0.0,6.084,10.95
5638,2018-01-26,6.3,1013.2,0.0,5.8020000000000005,10.95
5639,2018-01-26,6.0,1013.3,0.0,5.6,10.95
5640,2018-01-26,5.6,1013.6,0.0,5.22,10.95
5641,2018-01-26,5.3,1013.7,0.0,4.935,10.95
5642,2018-01-26,5.1,1014.4,0.0,4.816,10.95
5643,2018-01-26,5.2,1015.3,0.0,4.912,10.95
5644,2018-01-26,5.6,1016.3,11.0,5.22,10.95
5645,2018-01-26,5.6,1016.7,33.0,5.22,10.95
5646,2018-01-26,5.8,1017.5,58.0,5.332000000000001,10.95
5647,2018-01-26,6.7,1018.1,171.0,6.091,10.95
5648,2018-01-26,7.3,1018.2,132.0,6.347,10.95
5649,2018-01-26,8.4,1018.3,432.0,7.19,10.95
5650,2018-01-26,8.3,1018.6,290.0,6.912000000000001,10.95
5651,2018-01-26,9.7,1019.4,251.0,7.752000000000001,10.95
5652,2018-01-26,9.5,1020.2,21.0,7.68,10.95
5653,2018-01-26,8.2,1021.3,0.0,6.45,10.95
5654,2018-01-26,7.7,1022.6,0.0,6.261,10.95
5655,2018-01-26,6.6,1023.5,0.0,5.664,10.95
5656,2018-01-26,6.4,1024.3,0.0,5.56,10.95
5657,2018-01-26,6.3,1025.1,0.0,5.553,10.95
5658,2018-01-26,5.6,1025.6,0.0,4.992,10.95
5659,2018-01-27,5.2,1026.5,0.0,4.696000000000001,10.95
5660,2018-01-27,4.7,1027.0,0.0,4.262,8.55
5661,2018-01-27,4.1,1027.0,0.0,3.705,8.55
5662,2018-01-27,3.9,1027.9,0.0,3.5839999999999996,8.55
5663,2018-01-27,4.0,1028.4,0.0,3.76,8.55
5664,2018-01-27,4.1,1028.5,0.0,3.863,8.55
5665,2018-01-27,3.4,1029.4,0.0,3.252,8.55
5666,2018-01-27,3.0,1030.1,0.0,2.79,8.55
5667,2018-01-27,2.7,1030.5,0.0,2.46,8.55
5668,2018-01-27,2.8,1031.2,16.0,2.66,8.55
5669,2018-01-27,2.9,1031.7,49.0,2.76,8.55
5670,2018-01-27,3.3,1032.0,105.0,3.056,8.55
5671,2018-01-27,4.4,1032.5,116.0,4.248,8.55
5672,2018-01-27,5.0,1032.0,125.0,4.86,8.55
5673,2018-01-27,5.3,1031.8,113.0,5.154,8.55
5674,2018-01-27,5.9,1031.7,98.0,5.662999999999999,8.55
5675,2018-01-27,6.3,1031.9,95.0,5.462000000000001,8.55
5676,2018-01-27,5.9,1032.3,32.0,5.02,8.55
5677,2018-01-27,5.4,1032.5,0.0,4.596,8.55
5678,2018-01-27,5.0,1032.6,0.0,4.37,8.55
5679,2018-01-27,4.7,1032.5,0.0,4.1160000000000005,8.55
5680,2018-01-27,4.9,1032.6,0.0,4.261,8.55
5681,2018-01-27,5.1,1032.7,0.0,4.461,8.55
5682,2018-01-27,4.8,1033.3,0.0,4.224,8.55
5683,2018-01-28,4.7,1033.1,0.0,4.189,8.55
5684,2018-01-28,5.1,1033.1,0.0,4.603,5.75
5685,2018-01-28,5.1,1033.3,0.0,4.6739999999999995,5.75
5686,2018-01-28,5.3,1033.4,0.0,4.862,5.75
5687,2018-01-28,5.7,1033.3,0.0,5.2379999999999995,5.75
5688,2018-01-28,5.9,1033.6,0.0,5.505,5.75
5689,2018-01-28,6.2,1034.3,0.0,5.872000000000001,5.75
5690,2018-01-28,6.4,1034.0,0.0,6.064,5.75
5691,2018-01-28,6.4,1034.8,0.0,6.064,5.75
5692,2018-01-28,6.8,1035.6,12.0,6.5360000000000005,5.75
5693,2018-01-28,7.3,1035.8,69.0,7.039,5.75
5694,2018-01-28,7.9,1036.2,169.0,7.657,5.75
5695,2018-01-28,8.8,1036.3,132.0,8.56,5.75
5696,2018-01-28,9.6,1036.3,139.0,9.232000000000001,5.75
5697,2018-01-28,9.9,1035.8,167.0,9.41,5.75
5698,2018-01-28,10.7,1035.5,109.0,9.956,5.75
5699,2018-01-28,10.5,1035.8,37.0,10.036,5.75
5700,2018-01-28,10.3,1035.9,9.0,9.815,5.75
5701,2018-01-28,10.3,1036.0,0.0,9.912,5.75
5702,2018-01-28,10.2,1035.9,0.0,9.808,5.75
5703,2018-01-28,10.1,1036.0,0.0,9.704,5.75
5704,2018-01-28,10.2,1036.2,0.0,9.71,5.75
5705,2018-01-28,10.3,1036.2,0.0,9.621,5.75
5706,2018-01-28,10.3,1035.8,0.0,9.621,5.75
5707,2018-01-29,10.4,1035.5,0.0,9.44,5.75
5708,2018-01-29,9.8,1035.2,0.0,9.128,6.7
5709,2018-01-29,10.0,1035.0,0.0,9.407,6.7
5710,2018-01-29,9.9,1034.5,0.0,9.312000000000001,6.7
5711,2018-01-29,9.8,1034.0,0.0,9.128,6.7
5712,2018-01-29,9.8,1033.7,0.0,8.936,6.7
5713,2018-01-29,9.8,1033.6,0.0,8.84,6.7
5714,2018-01-29,9.7,1033.2,0.0,8.854,6.7
5715,2018-01-29,9.6,1033.3,0.0,8.69,6.7
5716,2018-01-29,9.2,1033.4,14.0,8.696,6.7
5717,2018-01-29,9.2,1033.2,102.0,8.696,6.7
5718,2018-01-29,9.4,1033.2,76.0,8.783999999999999,6.7
5719,2018-01-29,9.8,1032.8,139.0,9.032,6.7
5720,2018-01-29,10.3,1032.0,127.0,9.164,6.7
5721,2018-01-29,10.4,1031.4,46.0,9.104,6.7
5722,2018-01-29,10.0,1030.7,49.0,8.92,6.7
5723,2018-01-29,10.0,1030.5,35.0,8.92,6.7
5724,2018-01-29,10.2,1030.5,18.0,8.974,6.7
5725,2018-01-29,10.2,1030.5,0.0,8.81,6.7
5726,2018-01-29,10.1,1030.4,0.0,8.624,6.7
5727,2018-01-29,9.9,1031.0,0.0,8.525,6.7
5728,2018-01-29,9.9,1031.1,0.0,8.525,6.7
5729,2018-01-29,9.7,1031.2,0.0,8.452,6.7
5730,2018-01-29,9.6,1031.2,0.0,8.452,6.7
5731,2018-01-30,9.4,1031.2,0.0,8.446,6.7
5732,2018-01-30,9.3,1031.4,0.0,8.44,7.8
5733,2018-01-30,8.9,1031.0,0.0,8.34,7.8
5734,2018-01-30,8.8,1030.7,0.0,8.4,7.8
5735,2018-01-30,8.8,1030.4,0.0,8.4,7.8
5736,2018-01-30,8.9,1030.1,0.0,8.5,7.8
5737,2018-01-30,8.6,1030.1,0.0,8.2,7.8
5738,2018-01-30,8.8,1030.1,0.0,8.4,7.8
5739,2018-01-30,8.8,1030.0,0.0,8.4,7.8
5740,2018-01-30,8.7,1030.1,16.0,8.38,7.8
5741,2018-01-30,9.1,1029.8,83.0,8.772,7.8
5742,2018-01-30,9.8,1029.9,95.0,9.224,7.8
5743,2018-01-30,10.3,1029.6,155.0,9.718,7.8
5744,2018-01-30,10.3,1028.7,118.0,9.718,7.8
5745,2018-01-30,10.6,1027.9,69.0,10.036,7.8
5746,2018-01-30,10.8,1026.9,123.0,10.248,7.8
5747,2018-01-30,10.7,1026.2,33.0,10.049,7.8
5748,2018-01-30,10.7,1025.6,14.0,9.956,7.8
5749,2018-01-30,10.0,1025.0,0.0,9.5,7.8
5750,2018-01-30,9.9,1024.8,0.0,9.41,7.8
5751,2018-01-30,10.1,1024.5,0.0,9.407,7.8
5752,2018-01-30,9.8,1024.1,0.0,9.32,7.8
5753,2018-01-30,9.4,1023.9,0.0,9.048,7.8
5754,2018-01-30,9.3,1023.4,0.0,8.956,7.8
5755,2018-01-31,9.2,1022.7,0.0,8.863999999999999,7.8
5756,2018-01-31,9.2,1021.8,0.0,8.696,10.2
5757,2018-01-31,8.9,1020.9,0.0,8.42,10.2
5758,2018-01-31,8.7,1020.1,0.0,8.3,10.2
5759,2018-01-31,8.6,1018.7,0.0,8.2,10.2
5760,2018-01-31,8.6,1018.0,0.0,8.04,10.2
5761,2018-01-31,8.7,1016.9,0.0,8.06,10.2
5762,2018-01-31,8.4,1016.2,0.0,7.76,10.2
5763,2018-01-31,8.2,1015.4,0.0,7.64,10.2
5764,2018-01-31,8.4,1014.7,11.0,7.76,10.2
5765,2018-01-31,8.3,1013.7,39.0,7.74,10.2
5766,2018-01-31,8.4,1013.4,30.0,7.92,10.2
5767,2018-01-31,8.6,1011.9,58.0,8.12,10.2
5768,2018-01-31,8.7,1010.2,33.0,8.22,10.2
5769,2018-01-31,8.8,1008.9,56.0,8.32,10.2
5770,2018-01-31,8.7,1008.4,53.0,8.3,10.2
5771,2018-01-31,8.4,1007.5,25.0,7.84,10.2
5772,2018-01-31,7.9,1007.0,9.0,6.4670000000000005,10.2
5773,2018-01-31,7.8,1006.0,0.0,6.364,10.2
5774,2018-01-31,7.5,1005.4,0.0,6.395,10.2
5775,2018-01-31,7.3,1005.2,0.0,5.932,10.2
5776,2018-01-31,5.8,1005.4,0.0,5.041,10.2
5777,2018-01-31,5.8,1005.8,0.0,4.8839999999999995,10.2
5778,2018-01-31,4.1,1005.6,0.0,3.28,10.2
5779,2018-02-01,3.7,1005.1,0.0,2.93,10.2
5780,2018-02-01,3.4,1005.0,0.0,2.532,8.9
5781,2018-02-01,2.8,1004.8,0.0,2.1,8.9
5782,2018-02-01,2.9,1004.6,0.0,2.27,8.9
5783,2018-02-01,2.8,1003.8,0.0,2.17,8.9
5784,2018-02-01,2.6,1003.4,0.0,1.97,8.9
5785,2018-02-01,2.5,1002.8,0.0,1.94,8.9
5786,2018-02-01,2.7,1002.7,0.0,2.21,8.9
5787,2018-02-01,3.1,1002.6,0.0,2.532,8.9
5788,2018-02-01,3.3,1002.6,7.0,2.7889999999999997,8.9
5789,2018-02-01,3.8,1003.3,107.0,3.2539999999999996,8.9
5790,2018-02-01,3.9,1004.1,69.0,3.2680000000000002,8.9
5791,2018-02-01,4.9,1004.5,141.0,4.19,8.9
5792,2018-02-01,6.0,1004.3,527.0,4.43,8.9
5793,2018-02-01,6.3,1004.6,104.0,4.39,8.9
5794,2018-02-01,6.1,1004.6,450.0,4.51,8.9
5795,2018-02-01,6.9,1004.5,49.0,4.73,8.9
5796,2018-02-01,6.5,1004.9,39.0,4.41,8.9
5797,2018-02-01,5.6,1005.5,0.0,4.04,8.9
5798,2018-02-01,5.2,1006.2,0.0,3.9219999999999997,8.9
5799,2018-02-01,4.4,1006.8,0.0,3.178,8.9
5800,2018-02-01,3.8,1007.0,0.0,2.765,8.9
5801,2018-02-01,3.1,1007.2,0.0,2.207,8.9
5802,2018-02-01,2.4,1007.6,0.0,1.7,8.9
5803,2018-02-02,3.1,1007.5,0.0,2.2680000000000002,8.9
5804,2018-02-02,2.4,1007.8,0.0,1.64,5.25
5805,2018-02-02,2.8,1007.7,0.0,2.1,5.25
5806,2018-02-02,2.9,1008.2,0.0,2.2,5.25
5807,2018-02-02,2.6,1008.1,0.0,1.97,5.25
5808,2018-02-02,2.1,1008.4,0.0,1.54,5.25
5809,2018-02-02,1.8,1008.7,0.0,1.38,5.25
5810,2018-02-02,2.3,1009.0,0.0,1.88,5.25
5811,2018-02-03,3.7,1011.0,0.0,3.238,0.0
5812,2018-02-25,0.6,1018.3,0.0,-1.55,1.95
5813,2018-02-25,0.0,1018.4,0.0,-2.15,1.95
5814,2018-02-25,-0.5,1018.4,0.0,-2.64,1.95
5815,2018-02-25,-0.7,1018.6,0.0,-2.9339999999999997,1.95
5816,2018-02-25,-1.2,1019.1,0.0,-3.36,1.95
5817,2018-02-25,-1.5,1019.5,0.0,-3.63,1.95
5818,2018-02-25,-1.9,1020.0,16.0,-3.96,1.95
5819,2018-02-25,-1.6,1020.3,178.0,-3.884,1.95
5820,2018-02-25,-0.9,1020.8,359.0,-3.37,1.95
5821,2018-02-25,-0.4,1021.2,91.0,-3.17,1.95
5822,2018-02-25,0.2,1021.4,554.0,-2.872,1.95
5823,2018-02-25,1.1,1021.5,577.0,-2.31,1.95
5824,2018-02-25,1.7,1021.2,545.0,-1.95,1.95
5825,2018-02-25,2.3,1021.1,455.0,-1.527,1.95
5826,2018-02-25,2.6,1021.0,327.0,-1.45,1.95
5827,2018-02-25,2.7,1021.1,162.0,-1.59,1.95
5828,2018-02-03,3.3,1011.1,0.0,2.862,3.1
5829,2018-02-03,3.4,1010.8,0.0,2.9560000000000004,3.1
5830,2018-02-03,3.2,1010.8,0.0,2.7680000000000002,3.1
5831,2018-02-03,3.1,1010.2,0.0,2.603,3.1
5832,2018-02-03,2.9,1009.6,0.0,2.48,3.1
5833,2018-02-03,2.5,1009.5,0.0,2.08,3.1
5834,2018-02-03,2.1,1009.1,0.0,1.68,3.1
5835,2018-02-03,2.4,1008.7,0.0,1.91,3.1
5836,2018-02-03,2.6,1008.8,26.0,2.11,3.1
5837,2018-02-03,3.1,1008.2,53.0,2.532,3.1
5838,2018-02-03,3.4,1007.8,74.0,2.8080000000000003,3.1
5839,2018-02-03,4.0,1007.7,104.0,3.36,3.1
5840,2018-02-03,5.1,1006.8,171.0,4.532,3.1
5841,2018-02-03,5.2,1005.9,67.0,4.552,3.1
5842,2018-02-03,5.1,1005.1,65.0,4.532,3.1
5843,2018-02-03,5.4,1004.8,84.0,4.882,3.1
5844,2018-02-03,5.2,1004.6,33.0,4.624,3.1
5845,2018-02-03,4.9,1004.4,0.0,4.474,3.1
5846,2018-02-03,4.7,1004.7,0.0,4.262,3.1
5847,2018-02-03,4.7,1004.9,0.0,4.335,3.1
5848,2018-02-03,4.9,1005.3,0.0,4.6160000000000005,3.1
5849,2018-02-03,4.7,1005.6,0.0,4.335,3.1
5850,2018-02-03,4.7,1006.1,0.0,4.408,3.1
5851,2018-02-04,4.4,1006.8,0.0,4.096,3.1
5852,2018-02-04,4.2,1007.4,0.0,3.81,2.7
5853,2018-02-04,4.1,1007.9,0.0,3.784,2.7
5854,2018-02-04,4.0,1008.8,0.0,3.68,2.7
5855,2018-02-04,3.3,1009.4,0.0,3.008,2.7
5856,2018-02-04,2.5,1010.3,0.0,2.22,2.7
5857,2018-02-04,1.9,1011.6,0.0,1.69,2.7
5858,2018-02-04,2.2,1012.6,0.0,1.99,2.7
5859,2018-02-04,2.4,1013.9,0.0,2.05,2.7
5860,2018-02-04,5.0,0.0,32767.0,4.9,2.7
5861,2018-02-04,2.9,1016.1,60.0,2.48,2.7
5862,2018-02-04,2.0,1017.1,42.0,1.51,2.7
5863,2018-02-04,1.6,1018.3,47.0,1.04,2.7
5864,2018-02-04,1.3,1018.6,200.0,0.547,2.7
5865,2018-02-04,1.8,1018.9,225.0,0.636,2.7
5866,2018-02-04,1.6,1019.2,113.0,0.34,2.7
5867,2018-02-04,2.5,1019.5,216.0,0.68,2.7
5868,2018-02-04,1.9,1020.3,0.0,0.37,2.7
5869,2018-02-04,1.9,1021.0,0.0,0.55,2.7
5870,2018-02-04,1.8,1021.6,0.0,0.4,2.7
5871,2018-02-04,1.2,1022.1,0.0,-0.08,2.7
5872,2018-02-04,0.7,1022.3,0.0,-0.68,2.7
5873,2018-02-05,0.0,1022.2,0.0,-1.2,2.7
5874,2018-02-25,2.1,1017.6,0.0,-0.63,1.15
5875,2018-02-25,1.3,1018.0,0.0,-1.133,1.95
5876,2018-02-05,-0.2,1022.2,0.0,-1.3559999999999999,3.55
5877,2018-02-05,-0.7,1022.1,0.0,-1.6840000000000002,3.55
5878,2018-02-05,-0.7,1022.1,0.0,-1.7380000000000002,3.55
5879,2018-02-05,-1.1,1021.8,0.0,-1.926,3.55
5880,2018-02-05,-0.8,1021.6,0.0,-1.6640000000000001,3.55
5881,2018-02-05,-1.2,1021.8,0.0,-1.896,3.55
5882,2018-02-05,-1.2,1021.9,0.0,-1.896,3.55
5883,2018-02-05,-1.2,1021.9,0.0,-1.896,3.55
5884,2018-02-05,-1.2,1021.9,0.0,-1.896,3.55
5885,2018-02-05,-1.2,1021.9,0.0,-1.896,3.55
5886,2018-02-05,-1.2,1021.9,0.0,-1.896,3.55
5887,2018-02-05,-1.2,1021.9,0.0,-1.896,3.55
5888,2018-02-05,-1.2,1021.9,0.0,-1.896,3.55
5889,2018-02-05,-1.2,1021.9,0.0,-1.896,3.55
5890,2018-02-05,-1.2,1021.9,0.0,-1.896,3.55
5891,2018-02-05,-1.2,1021.9,0.0,-1.896,3.55
5892,2018-02-05,-1.2,1021.9,0.0,-1.896,3.55
5893,2018-02-05,-1.2,1021.9,0.0,-1.896,3.55
5894,2018-02-05,-1.2,1021.9,0.0,-1.896,3.55
5895,2018-02-05,-1.2,1021.9,0.0,-1.896,3.55
5896,2018-02-05,-1.2,1021.9,0.0,-1.896,3.55
5897,2018-02-05,-1.2,1021.9,0.0,-1.896,3.55
5898,2018-02-05,-1.2,1021.9,0.0,-1.896,3.55
5899,2018-02-06,-1.2,1021.9,0.0,-1.896,3.55
5900,2018-02-06,-1.2,1021.9,0.0,-1.896,-0.05
5901,2018-02-06,-1.2,1021.9,0.0,-1.896,-0.05
5902,2018-02-06,-1.2,1021.9,0.0,-1.896,-0.05
5903,2018-02-06,-1.2,1021.9,0.0,-1.896,-0.05
5904,2018-02-06,-1.2,1021.9,0.0,-1.896,-0.05
5905,2018-02-06,-1.2,1021.9,0.0,-1.896,-0.05
5906,2018-02-06,-1.2,1021.9,0.0,-1.896,-0.05
5907,2018-02-06,-1.2,1021.9,0.0,-1.896,-0.05
5908,2018-02-06,-1.2,1021.9,0.0,-1.896,-0.05
5909,2018-02-06,-1.2,1021.9,0.0,-1.896,-0.05
5910,2018-02-06,5.0,0.0,32767.0,4.9,-0.05
5911,2018-02-06,-0.4,1010.6,25.0,-0.616,-0.05
5912,2018-02-06,-0.6,1010.2,32.0,-0.804,-0.05
5913,2018-02-06,-0.6,1009.9,26.0,-0.804,-0.05
5914,2018-02-06,-0.7,1009.7,33.0,-0.9640000000000001,-0.05
5915,2018-02-06,-0.9,1009.5,18.0,-1.0859999999999999,-0.05
5916,2018-02-06,-1.2,1009.9,7.0,-1.374,-0.05
5917,2018-02-06,-1.2,1010.2,0.0,-1.374,-0.05
5918,2018-02-06,-1.2,1010.6,0.0,-1.374,-0.05
5919,2018-02-06,-1.1,1010.9,0.0,-1.2770000000000001,-0.05
5920,2018-02-06,-1.1,1011.0,0.0,-1.2770000000000001,-0.05
5921,2018-02-06,-1.0,1011.0,0.0,-1.18,-0.05
5922,2018-02-06,-1.1,1011.1,0.0,-1.2770000000000001,-0.05
5923,2018-02-07,-1.2,1011.2,0.0,-1.374,-0.05
5924,2018-02-07,-1.2,1011.4,0.0,-1.374,1.85
5925,2018-02-07,-1.3,1011.3,0.0,-1.4709999999999999,1.85
5926,2018-02-07,-1.3,1011.6,0.0,-1.4709999999999999,1.85
5927,2018-02-07,-1.5,1011.7,0.0,-1.665,1.85
5928,2018-02-07,-1.7,1011.9,0.0,-1.859,1.85
5929,2018-02-07,-1.8,1012.5,0.0,-1.956,1.85
5930,2018-02-07,-1.9,1012.9,0.0,-2.053,1.85
5931,2018-02-07,-1.9,1013.3,0.0,-2.053,1.85
5932,2018-02-07,-2.1,1014.2,5.0,-2.25,1.85
5933,2018-02-07,-1.8,1014.8,16.0,-2.008,1.85
5934,2018-02-07,-1.6,1015.6,28.0,-1.8159999999999998,1.85
5935,2018-02-07,-1.7,1016.3,32.0,-1.965,1.85
5936,2018-02-07,-1.3,1016.3,102.0,-1.585,1.85
5937,2018-02-07,-1.2,1016.5,69.0,-1.548,1.85
5938,2018-02-07,-0.9,1016.7,153.0,-1.396,1.85
5939,2018-02-07,-1.1,1017.1,69.0,-1.69,1.85
5940,2018-02-07,-1.1,1017.2,58.0,-1.78,1.85
5941,2018-02-07,-0.9,1017.6,0.0,-1.7519999999999998,1.85
5942,2018-02-07,-0.8,1018.4,0.0,-1.776,1.85
5943,2018-02-07,-0.9,1019.0,0.0,-2.042,1.85
5944,2018-02-07,-1.1,1019.4,0.0,-2.2,1.85
5945,2018-02-07,-1.2,1019.6,0.0,-2.36,1.85
5946,2018-02-07,-1.6,1020.0,0.0,-2.6260000000000003,1.85
5947,2018-02-08,-1.8,1020.2,0.0,-2.6839999999999997,1.85
5948,2018-02-08,3.3,1020.3,220.0,1.45,-0.95
5949,2018-02-08,3.6,1020.1,67.0,1.68,-0.95
5950,2018-02-08,1.7,1020.2,0.0,0.31,-0.95
5951,2018-02-08,0.7,1020.2,0.0,-0.406,-0.95
5952,2018-02-08,-0.1,1020.0,0.0,-1.1320000000000001,-0.95
5953,2018-02-08,-0.6,1019.8,0.0,-1.6440000000000001,-0.95
5954,2018-02-08,-0.7,1019.4,0.0,-2.006,-0.95
5955,2018-02-08,-1.8,1018.7,0.0,-2.898,-0.95
5956,2018-02-09,-2.7,1018.2,0.0,-3.753,-0.95
5957,2018-02-09,-2.8,1017.9,0.0,-3.852,1.05
5958,2018-02-09,-3.3,1017.4,0.0,-4.25,1.05
5959,2018-02-09,-3.2,1017.2,0.0,-4.2,1.05
5960,2018-02-09,-2.9,1016.3,0.0,-3.65,1.05
5961,2018-02-09,-3.5,1015.9,0.0,-4.05,1.05
5962,2018-02-09,-3.4,1015.3,0.0,-4.0,1.05
5963,2018-02-09,-2.0,1014.1,0.0,-2.614,1.05
5964,2018-02-09,-1.5,1013.7,0.0,-2.215,1.05
5965,2018-02-09,-0.9,1013.4,18.0,-1.72,1.05
5966,2018-02-09,-0.6,1013.1,132.0,-1.3840000000000001,1.05
5967,2018-02-09,-0.1,1012.7,54.0,-0.88,1.05
5968,2018-02-09,0.5,1012.4,37.0,-0.1,1.05
5969,2018-02-09,0.6,1012.2,49.0,0.08199999999999999,1.05
5970,2018-02-09,1.1,1011.9,137.0,0.54,1.05
5971,2018-02-09,1.3,1011.7,83.0,0.81,1.05
5972,2018-02-09,1.9,1012.0,214.0,1.41,1.05
5973,2018-02-09,2.4,1012.1,107.0,1.91,1.05
5974,2018-02-09,1.7,1012.7,5.0,1.14,1.05
5975,2018-02-09,1.5,1013.9,0.0,1.01,1.05
5976,2018-02-09,1.8,1014.7,0.0,1.24,1.05
5977,2018-02-09,1.4,1015.4,0.0,0.98,1.05
5978,2018-02-09,0.9,1016.2,0.0,0.616,1.05
5979,2018-02-09,1.1,1016.7,0.0,0.82,1.05
5980,2018-02-10,1.3,1016.9,0.0,0.81,1.05
5981,2018-02-10,1.1,1017.2,0.0,0.54,-1.05
5982,2018-02-10,0.8,1017.7,0.0,0.08,-1.05
5983,2018-02-10,0.5,1018.2,0.0,-0.25,-1.05
5984,2018-02-10,0.2,1018.3,0.0,-0.58,-1.05
5985,2018-02-10,0.0,1018.4,0.0,-0.8,-1.05
5986,2018-02-10,-0.1,1018.6,0.0,-0.88,-1.05
5987,2018-02-10,-0.3,1019.1,0.0,-1.04,-1.05
5988,2018-02-10,-0.8,1019.6,0.0,-1.376,-1.05
5989,2018-02-10,-0.7,1019.9,100.0,-1.294,-1.05
5990,2018-02-10,0.0,1020.0,253.0,-0.8,-1.05
5991,2018-02-10,1.3,1019.9,56.0,0.38799999999999996,-1.05
5992,2018-02-10,2.7,1019.7,195.0,1.58,-1.05
5993,2018-02-10,4.0,1019.1,355.0,2.5580000000000003,-1.05
5994,2018-02-10,5.3,1018.5,476.0,3.38,-1.05
5995,2018-02-10,5.5,1017.6,236.0,3.23,-1.05
5996,2018-02-10,4.9,1017.3,253.0,2.88,-1.05
5997,2018-02-10,3.8,1017.0,46.0,1.92,-1.05
5998,2018-02-10,3.3,1016.0,0.0,1.87,-1.05
5999,2018-02-10,2.9,1015.9,0.0,1.72,-1.05
6000,2018-02-10,3.4,1015.0,0.0,2.23,-1.05
6001,2018-02-10,3.9,1013.7,0.0,2.627,-1.05
6002,2018-02-10,3.9,1012.8,0.0,2.765,-1.05
6003,2018-02-10,3.4,1011.4,0.0,2.734,-1.05
6004,2018-02-11,3.7,1009.8,0.0,3.161,-1.05
6005,2018-02-11,3.1,1008.8,0.0,2.674,1.05
6006,2018-02-11,3.3,1007.9,0.0,2.862,1.05
6007,2018-02-11,3.3,1006.6,0.0,2.935,1.05
6008,2018-02-11,3.6,1005.6,0.0,3.22,1.05
6009,2018-02-11,3.8,1005.0,0.0,3.392,1.05
6010,2018-02-11,4.1,1005.4,0.0,3.784,1.05
6011,2018-02-11,4.3,1005.2,0.0,3.992,1.05
6012,2018-02-11,4.6,1005.7,0.0,4.378,1.05
6013,2018-02-11,5.2,1006.5,37.0,4.84,1.05
6014,2018-02-11,5.6,1006.9,130.0,4.992,1.05
6015,2018-02-11,6.2,1007.2,230.0,4.948,1.05
6016,2018-02-11,6.4,1007.6,253.0,4.61,1.05
6017,2018-02-11,6.6,1007.6,209.0,4.63,1.05
6018,2018-02-11,6.7,1007.5,204.0,4.5,1.05
6019,2018-02-11,7.3,1007.3,153.0,4.916,1.05
6020,2018-02-11,4.1,1007.9,18.0,3.31,1.05
6021,2018-02-11,3.2,1008.3,39.0,2.696,1.05
6022,2018-02-11,3.4,1008.3,9.0,2.8819999999999997,1.05
6023,2018-02-11,3.1,1009.2,0.0,2.6239999999999997,1.05
6024,2018-02-11,3.1,1010.0,0.0,2.461,1.05
6025,2018-02-11,2.7,1010.6,0.0,2.07,1.05
6026,2018-02-11,2.5,1011.9,0.0,1.74,1.05
6027,2018-02-11,0.9,1012.1,0.0,0.545,1.05
6028,2018-02-12,1.2,1012.8,0.0,0.85,1.05
6029,2018-02-12,1.4,1013.3,0.0,0.77,3.25
6030,2018-02-12,1.3,1013.9,0.0,0.6,3.25
6031,2018-02-12,1.2,1014.4,0.0,0.5,3.25
6032,2018-02-12,1.1,1014.6,0.0,0.349,3.25
6033,2018-02-12,0.9,1014.8,0.0,0.141,3.25
6034,2018-02-12,0.8,1015.5,0.0,0.032,3.25
6035,2018-02-12,0.6,1016.0,0.0,-0.23199999999999998,3.25
6036,2018-02-12,0.4,1016.8,0.0,-0.40399999999999997,3.25
6037,2018-02-12,0.7,1017.3,67.0,-0.077,3.25
6038,2018-02-12,1.6,1017.9,155.0,0.6759999999999999,3.25
6039,2018-02-12,2.9,1018.5,47.0,1.66,3.25
6040,2018-02-12,4.1,1018.9,459.0,2.34,3.25
6041,2018-02-12,4.8,1018.7,497.0,2.68,3.25
6042,2018-02-12,5.2,1018.6,120.0,2.832,3.25
6043,2018-02-12,5.9,1017.9,172.0,3.1860000000000004,3.25
6044,2018-02-12,6.0,1017.9,120.0,3.44,3.25
6045,2018-02-12,6.8,1017.8,88.0,4.218,3.25
6046,2018-02-12,4.6,1017.8,7.0,2.87,3.25
6047,2018-02-12,3.3,1018.0,0.0,2.066,3.25
6048,2018-02-12,2.1,1018.0,0.0,1.16,3.25
6049,2018-02-12,2.4,1017.5,0.0,1.4,3.25
6050,2018-02-12,1.7,1017.4,0.0,0.772,3.25
6051,2018-02-12,1.7,1017.2,0.0,0.715,3.25
6052,2018-02-13,1.5,1016.5,0.0,0.43,3.25
6053,2018-02-13,1.6,1016.2,0.0,0.564,3.8
6054,2018-02-13,1.1,1015.4,0.0,0.145,3.8
6055,2018-02-13,0.4,1014.7,0.0,-0.49200000000000005,3.8
6056,2018-02-13,1.1,1013.8,0.0,0.094,3.8
6057,2018-02-13,1.6,1012.5,0.0,0.62,3.8
6058,2018-02-13,1.4,1011.7,0.0,0.484,3.8
6059,2018-02-13,0.4,1010.8,0.0,-0.556,3.8
6060,2018-02-13,0.6,1010.1,7.0,-0.37,3.8
6061,2018-02-13,1.9,1009.2,62.0,0.55,3.8
6062,2018-02-13,4.3,1008.2,181.0,2.37,3.8
6063,2018-02-13,4.4,1007.8,151.0,2.28,3.8
6064,2018-02-13,3.2,1007.2,98.0,1.37,3.8
6065,2018-02-13,3.9,1006.3,146.0,1.86,3.8
6066,2018-02-13,4.3,1005.7,146.0,2.3,3.8
6067,2018-02-13,3.7,1004.7,102.0,1.98,3.8
6068,2018-02-13,2.8,1004.8,56.0,1.8,3.8
6069,2018-02-13,2.9,1004.9,23.0,1.84,3.8
6070,2018-02-13,2.4,1005.2,5.0,1.52,3.8
6071,2018-02-13,2.9,1005.6,0.0,1.96,3.8
6072,2018-02-13,3.1,1005.9,0.0,2.207,3.8
6073,2018-02-13,2.4,1006.4,0.0,1.7,3.8
6074,2018-02-13,2.0,1007.1,0.0,1.44,3.8
6075,2018-02-13,1.8,1007.6,0.0,1.24,3.8
6076,2018-02-14,1.6,1008.2,0.0,1.18,3.8
6077,2018-02-14,2.2,1008.8,0.0,1.78,3.0
6078,2018-02-14,1.5,1009.0,0.0,1.05,3.0
6079,2018-02-14,1.2,1009.6,0.0,0.92,3.0
6080,2018-02-14,1.3,1009.9,0.0,1.02,3.0
6081,2018-02-14,0.9,1010.7,0.0,0.616,3.0
6082,2018-02-14,0.3,1011.2,0.0,-0.008,3.0
6083,2018-02-14,-0.1,1011.3,0.0,-0.41200000000000003,3.0
6084,2018-02-14,0.0,1011.7,0.0,-0.24,3.0
6085,2018-02-14,0.0,1012.2,39.0,-0.24,3.0
6086,2018-02-14,0.5,1012.5,88.0,0.2,3.0
6087,2018-02-14,1.4,1012.7,88.0,0.98,3.0
6088,2018-02-14,2.3,1012.7,109.0,1.91,3.0
6089,2018-02-14,2.9,1012.4,118.0,2.27,3.0
6090,2018-02-14,4.4,1012.0,160.0,3.555,3.0
6091,2018-02-14,5.6,1011.5,93.0,4.51,3.0
6092,2018-02-14,6.4,1011.0,69.0,5.19,3.0
6093,2018-02-14,5.0,1011.3,40.0,4.3,3.0
6094,2018-02-14,5.5,1010.7,7.0,4.708,3.0
6095,2018-02-14,6.6,1010.4,0.0,5.284,3.0
6096,2018-02-14,6.8,1009.9,0.0,5.53,3.0
6097,2018-02-14,5.5,1009.5,0.0,4.425,3.0
6098,2018-02-14,6.7,1008.9,0.0,5.2139999999999995,3.0
6099,2018-02-14,5.2,1008.4,0.0,4.418,3.0
6100,2018-02-15,6.5,1007.9,0.0,5.575,3.0
6101,2018-02-15,6.4,1007.1,0.0,5.644,3.75
6102,2018-02-15,5.8,1007.1,0.0,5.254,3.75
6103,2018-02-15,6.2,1007.4,0.0,5.707999999999999,3.75
6104,2018-02-15,6.2,1007.6,0.0,5.79,3.75
6105,2018-02-15,6.7,1007.8,0.0,6.352,3.75
6106,2018-02-15,7.2,1008.1,0.0,6.936,3.75
6107,2018-02-15,7.8,1009.1,0.0,7.553999999999999,3.75
6108,2018-02-15,8.3,1009.9,0.0,8.06,3.75
6109,2018-02-15,9.1,1010.6,25.0,8.854,3.75
6110,2018-02-15,10.2,1011.3,90.0,9.906,3.75
6111,2018-02-15,10.9,1011.9,202.0,10.627,3.75
6112,2018-02-15,11.0,1012.7,105.0,10.64,3.75
6113,2018-02-15,9.8,1013.3,104.0,9.32,3.75
6114,2018-02-15,10.3,1013.5,139.0,9.912,3.75
6115,2018-02-15,10.8,1013.8,130.0,10.156,3.75
6116,2018-02-15,9.4,1014.4,44.0,8.783999999999999,3.75
6117,2018-02-15,9.4,1015.4,30.0,8.52,3.75
6118,2018-02-15,9.2,1015.9,0.0,8.527999999999999,3.75
6119,2018-02-15,9.1,1017.0,0.0,8.526,3.75
6120,2018-02-15,8.8,1017.8,0.0,8.06,3.75
6121,2018-02-15,8.4,1018.7,0.0,7.92,3.75
6122,2018-02-15,7.8,1019.5,0.0,7.226,3.75
6123,2018-02-15,7.3,1020.2,0.0,6.43,3.75
6124,2018-02-16,7.0,1021.4,0.0,5.54,3.75
6125,2018-02-16,6.6,1022.0,0.0,5.284,5.45
6126,2018-02-16,6.0,1022.5,0.0,4.99,5.45
6127,2018-02-16,5.2,1023.3,0.0,4.356,5.45
6128,2018-02-16,4.6,1023.5,0.0,3.9339999999999997,5.45
6129,2018-02-16,4.2,1024.0,0.0,3.576,5.45
6130,2018-02-16,3.7,1024.7,0.0,3.068,5.45
6131,2018-02-16,3.2,1025.0,0.0,2.696,5.45
6132,2018-02-16,3.4,1025.5,0.0,2.8080000000000003,5.45
6133,2018-02-16,2.7,1025.9,44.0,2.28,5.45
6134,2018-02-16,4.7,1026.3,260.0,4.043,5.45
6135,2018-02-16,6.8,1026.9,49.0,5.452000000000001,5.45
6136,2018-02-16,8.8,1026.9,524.0,6.072,5.45
6137,2018-02-16,10.1,1026.2,432.0,6.944,5.45
6138,2018-02-16,10.8,1025.9,225.0,7.04,5.45
6139,2018-02-16,11.1,1025.3,295.0,6.587999999999999,5.45
6140,2018-02-16,10.7,1024.6,149.0,6.76,5.45
6141,2018-02-16,10.3,1023.9,113.0,6.82,5.45
6142,2018-02-16,9.2,1023.7,14.0,6.367999999999999,5.45
6143,2018-02-16,6.2,1024.0,0.0,4.24,5.45
6144,2018-02-16,5.8,1023.6,0.0,4.06,5.45
6145,2018-02-16,5.5,1023.0,0.0,3.89,5.45
6146,2018-02-16,5.6,1022.5,0.0,4.12,5.45
6147,2018-02-16,6.1,1021.6,0.0,4.3,5.45
6148,2018-02-17,6.2,1020.9,0.0,4.31,5.45
6149,2018-02-17,6.5,1020.0,0.0,4.48,8.55
6150,2018-02-17,6.6,1019.0,0.0,4.49,8.55
6151,2018-02-17,6.3,1018.5,0.0,4.32,8.55
6152,2018-02-17,6.6,1017.8,0.0,4.49,8.55
6153,2018-02-17,5.4,1017.4,0.0,3.81,8.55
6154,2018-02-17,5.1,1017.2,0.0,3.71,8.55
6155,2018-02-17,4.9,1017.1,0.0,3.58,8.55
6156,2018-02-17,4.1,1017.7,0.0,2.965,8.55
6157,2018-02-17,4.0,1018.3,51.0,2.8339999999999996,8.55
6158,2018-02-17,4.2,1018.6,98.0,3.148,8.55
6159,2018-02-17,4.7,1019.1,176.0,3.592,8.55
6160,2018-02-17,5.3,1019.8,225.0,4.066,8.55
6161,2018-02-17,5.6,1020.3,195.0,4.18,8.55
6162,2018-02-17,6.2,1020.5,260.0,4.52,8.55
6163,2018-02-17,6.9,1020.8,390.0,4.87,8.55
6164,2018-02-17,7.7,1021.4,290.0,5.412000000000001,8.55
6165,2018-02-17,8.2,1021.7,95.0,5.85,8.55
6166,2018-02-17,7.6,1022.3,12.0,5.49,8.55
6167,2018-02-17,6.2,1023.0,0.0,4.59,8.55
6168,2018-02-17,5.3,1023.4,0.0,4.192,8.55
6169,2018-02-17,4.0,1023.5,0.0,3.06,8.55
6170,2018-02-17,3.6,1023.9,0.0,2.7739999999999996,8.55
6171,2018-02-17,2.5,1024.3,0.0,1.87,8.55
6172,2018-02-18,2.6,1024.6,0.0,1.97,8.55
6173,2018-02-18,8.7,1023.0,489.0,6.78,5.45
6174,2018-02-18,9.3,1022.5,339.0,7.101,5.45
6175,2018-02-18,9.7,1022.4,279.0,7.242999999999999,5.45
6176,2018-02-18,9.7,1021.8,114.0,7.16,5.45
6177,2018-02-18,8.8,1021.9,11.0,6.45,5.45
6178,2018-02-18,6.4,1022.0,0.0,4.61,5.45
6179,2018-02-18,4.3,1021.9,0.0,3.3289999999999997,5.45
6180,2018-02-18,3.8,1021.8,0.0,3.02,5.45
6181,2018-02-18,3.2,1021.5,0.0,2.48,5.45
6182,2018-02-18,4.2,1021.3,0.0,3.284,5.45
6183,2018-02-19,3.6,1020.8,0.0,2.9160000000000004,5.45
6184,2018-02-19,2.1,1020.7,0.0,1.54,6.05
6185,2018-02-19,2.0,1020.3,0.0,1.37,6.05
6186,2018-02-19,2.0,1020.2,0.0,1.37,6.05
6187,2018-02-19,2.3,1019.8,0.0,1.64,6.05
6188,2018-02-19,2.3,1019.5,0.0,1.6,6.05
6189,2018-02-19,1.9,1019.3,0.0,1.45,6.05
6190,2018-02-19,2.5,1018.9,0.0,1.87,6.05
6191,2018-02-19,3.1,1019.0,0.0,2.461,6.05
6192,2018-02-19,1.9,1019.0,26.0,1.41,6.05
6193,2018-02-19,2.4,1018.7,121.0,1.84,6.05
6194,2018-02-19,3.4,1018.3,174.0,2.8819999999999997,6.05
6195,2018-02-19,4.7,1018.1,183.0,4.082,6.05
6196,2018-02-19,5.7,1017.9,149.0,5.084,6.05
6197,2018-02-19,6.9,1017.2,144.0,6.01,6.05
6198,2018-02-19,6.8,1016.8,83.0,6.096,6.05
6199,2018-02-19,6.6,1016.5,40.0,5.912000000000001,6.05
6200,2018-02-19,6.6,1016.2,28.0,5.997999999999999,6.05
6201,2018-02-19,6.5,1015.9,0.0,5.99,6.05
6202,2018-02-19,6.3,1015.5,0.0,5.896,6.05
6203,2018-02-19,6.1,1015.1,0.0,5.695,6.05
6204,2018-02-19,6.8,1014.8,0.0,6.272,6.05
6205,2018-02-19,6.6,1014.4,0.0,6.178,6.05
6206,2018-02-19,7.1,1014.0,0.0,6.655,6.05
6207,2018-02-20,6.3,1013.8,0.0,5.885,6.05
6208,2018-02-20,6.8,1013.6,0.0,6.272,3.6
6209,2018-02-20,5.9,1013.5,0.0,5.584,3.6
6210,2018-02-20,5.5,1013.7,0.0,5.275,3.6
6211,2018-02-20,5.4,1013.8,0.0,5.178,3.6
6212,2018-02-20,5.1,1014.2,0.0,4.887,3.6
6213,2018-02-20,4.6,1014.3,0.0,4.481,3.6
6214,2018-02-20,4.5,1014.6,0.0,4.275,3.6
6215,2018-02-20,4.2,1015.4,0.0,4.044,3.6
6216,2018-02-20,3.9,1016.0,21.0,3.742,3.6
6217,2018-02-20,3.8,1016.5,67.0,3.6439999999999997,3.6
6218,2018-02-20,3.9,1017.0,60.0,3.6630000000000003,3.6
6219,2018-02-20,4.2,1017.1,95.0,3.888,3.6
6220,2018-02-20,4.2,1017.0,195.0,3.81,3.6
6221,2018-02-20,5.2,1016.8,197.0,4.552,3.6
6222,2018-02-20,5.5,1016.3,206.0,4.555,3.6
6223,2018-02-20,5.6,1016.0,88.0,4.708,3.6
6224,2018-02-20,5.6,1016.3,47.0,4.708,3.6
6225,2018-02-20,5.1,1016.3,5.0,4.603,3.6
6226,2018-02-20,4.7,1017.0,0.0,3.907,3.6
6227,2018-02-20,3.7,1017.9,0.0,3.0839999999999996,3.6
6228,2018-02-20,3.4,1018.0,0.0,2.532,3.6
6229,2018-02-20,3.2,1018.2,0.0,2.552,3.6
6230,2018-02-20,3.1,1018.8,0.0,2.603,3.6
6231,2018-02-21,3.2,1019.3,0.0,2.7680000000000002,3.6
6232,2018-02-21,3.3,1019.6,0.0,2.6430000000000002,4.2
6233,2018-02-21,2.7,1019.8,0.0,2.0,4.2
6234,2018-02-21,1.9,1019.9,0.0,1.44,4.2
6235,2018-02-21,1.3,1020.4,0.0,0.91,4.2
6236,2018-02-21,0.8,1020.5,0.0,0.29600000000000004,4.2
6237,2018-02-21,0.4,1020.9,0.0,-0.055999999999999994,4.2
6238,2018-02-21,0.1,1021.0,0.0,-0.45299999999999996,4.2
6239,2018-02-21,-0.1,1021.5,9.0,-0.6459999999999999,4.2
6240,2018-02-21,0.0,1021.7,84.0,-0.56,4.2
6241,2018-02-21,0.9,1021.8,162.0,0.141,4.2
6242,2018-02-21,2.1,1021.9,153.0,0.86,4.2
6243,2018-02-21,2.2,1021.9,380.0,0.838,4.2
6244,2018-02-21,2.8,1021.7,533.0,1.199,4.2
6245,2018-02-21,3.6,1021.3,471.0,1.76,4.2
6246,2018-02-21,3.7,1020.6,162.0,1.84,4.2
6247,2018-02-21,3.8,1020.4,220.0,1.92,4.2
6248,2018-02-21,3.6,1020.1,120.0,1.83,4.2
6249,2018-02-21,3.1,1020.1,23.0,1.64,4.2
6250,2018-02-21,2.6,1020.5,0.0,1.36,4.2
6251,2018-02-21,2.1,1020.5,0.0,1.04,4.2
6252,2018-02-21,1.7,1020.6,0.0,0.715,4.2
6253,2018-02-21,1.7,1020.5,0.0,0.544,4.2
6254,2018-02-21,1.5,1020.3,0.0,0.25,4.2
6255,2018-02-22,1.3,1020.0,0.0,0.01,4.2
6256,2018-02-22,0.7,1019.8,0.0,-0.45299999999999996,3.55
6257,2018-02-22,0.2,1019.6,0.0,-0.8320000000000001,3.55
6258,2018-02-22,-0.1,1019.1,0.0,-1.09,3.55
6259,2018-02-22,-0.4,1018.5,0.0,-1.264,3.55
6260,2018-02-22,-0.9,1018.0,0.0,-1.636,3.55
6261,2018-02-22,-1.0,1017.9,0.0,-1.66,3.55
6262,2018-02-22,-1.3,1018.0,0.0,-1.87,3.55
6263,2018-02-22,-1.4,1018.1,12.0,-1.96,3.55
6264,2018-02-22,-0.9,1018.2,128.0,-1.636,3.55
6265,2018-02-22,-0.1,1018.3,283.0,-1.1740000000000002,3.55
6266,2018-02-22,0.4,1018.3,121.0,-0.8,3.55
6267,2018-02-22,1.6,1018.0,499.0,-0.02,3.55
6268,2018-02-22,2.4,1017.5,510.0,0.244,3.55
6269,2018-02-22,3.3,1017.2,506.0,0.802,3.55
6270,2018-02-22,3.7,1016.9,410.0,0.867,3.55
6271,2018-02-22,4.1,1016.5,288.0,0.91,3.55
6272,2018-02-22,4.2,1016.4,139.0,0.96,3.55
6273,2018-02-22,4.0,1016.3,19.0,0.58,3.55
6274,2018-02-22,2.9,1016.6,0.0,0.289,3.55
6275,2018-02-22,2.2,1017.0,0.0,0.156,3.55
6276,2018-02-22,2.0,1017.0,0.0,-0.08,3.55
6277,2018-02-22,1.6,1017.0,0.0,-0.38799999999999996,3.55
6278,2018-02-22,1.2,1017.0,0.0,-0.688,3.55
6279,2018-02-23,0.8,1016.7,0.0,-1.0,3.55
6280,2018-02-23,0.5,1016.7,0.0,-1.3,2.15
6281,2018-02-23,0.2,1016.1,0.0,-1.54,2.15
6282,2018-02-23,-0.2,1016.0,0.0,-1.7480000000000002,2.15
6283,2018-02-23,-0.6,1015.7,0.0,-2.124,2.15
6284,2018-02-23,-0.9,1015.9,0.0,-2.3040000000000003,2.15
6285,2018-02-23,-1.1,1015.8,0.0,-2.5860000000000003,2.15
6286,2018-02-23,-1.4,1015.9,0.0,-2.79,2.15
6287,2018-02-23,-1.7,1016.0,12.0,-3.045,2.15
6288,2018-02-23,-0.9,1016.0,149.0,-2.508,2.15
6289,2018-02-23,-0.1,1015.8,327.0,-2.116,2.15
6290,2018-02-23,0.3,1015.9,65.0,-1.85,2.15
6291,2018-02-23,1.3,1015.6,520.0,-0.9990000000000001,2.15
6292,2018-02-23,2.4,1015.2,547.0,-0.25,2.15
6293,2018-02-23,2.8,1014.7,510.0,0.01,2.15
6294,2018-02-23,2.8,1014.2,427.0,0.07,2.15
6295,2018-02-23,3.6,1014.0,299.0,0.37,2.15
6296,2018-02-23,3.5,1013.8,142.0,0.3,2.15
6297,2018-02-23,3.1,1013.8,19.0,0.09,2.15
6298,2018-02-23,2.3,1014.1,0.0,-0.4,2.15
6299,2018-02-23,2.1,1014.3,0.0,-0.49,2.15
6300,2018-02-23,1.6,1014.5,0.0,-0.836,2.15
6301,2018-02-23,1.2,1014.3,0.0,-1.1640000000000001,2.15
6302,2018-02-23,1.2,1014.1,0.0,-1.1640000000000001,2.15
6303,2018-02-24,1.2,1014.1,0.0,-1.3619999999999999,2.15
6304,2018-03-02,9.2,990.7,77.0,6.27,-2.2
6305,2018-02-24,0.9,1014.1,0.0,-1.7180000000000002,1.15
6306,2018-02-24,0.5,1013.9,0.0,-2.0,1.15
6307,2018-02-24,0.1,1014.1,0.0,-2.26,1.15
6308,2018-02-24,-0.2,1014.0,0.0,-2.388,1.15
6309,2018-02-24,-0.5,1013.9,0.0,-2.556,1.15
6310,2018-02-24,-0.7,1014.4,0.0,-2.682,1.15
6311,2018-02-24,-1.2,1014.4,0.0,-3.0,1.15
6312,2018-02-24,-1.1,1014.6,16.0,-2.91,1.15
6313,2018-02-24,-0.4,1014.5,139.0,-2.358,1.15
6314,2018-02-24,0.3,1015.0,302.0,-1.85,1.15
6315,2018-02-24,1.1,1015.1,102.0,-1.124,1.15
6316,2018-02-24,1.7,1015.0,494.0,-0.674,1.15
6317,2018-02-24,2.4,1014.9,522.0,-0.052000000000000005,1.15
6318,2018-02-24,3.3,1014.6,485.0,0.44,1.15
6319,2018-02-24,3.8,1014.7,408.0,0.72,1.15
6320,2018-02-24,4.6,1014.7,295.0,1.18,1.15
6321,2018-02-24,5.3,1014.7,144.0,1.3880000000000001,1.15
6322,2018-02-24,5.4,1015.1,21.0,1.0,1.15
6323,2018-02-24,4.9,1015.4,0.0,0.389,1.15
6324,2018-02-24,4.6,1016.1,0.0,0.055999999999999994,1.15
6325,2018-02-24,4.1,1016.4,0.0,-0.21,1.15
6326,2018-02-24,3.7,1016.6,0.0,-0.4,1.15
6327,2018-02-24,2.8,1017.2,0.0,-0.49,1.15
6328,2018-03-23,5.6,1014.8,0.0,3.9,4.15
6329,2018-03-23,5.4,1014.1,0.0,3.67,4.15
6330,2018-03-23,5.2,1013.3,0.0,3.51,4.15
6331,2018-03-23,4.9,1012.8,0.0,3.09,4.15
6332,2018-03-23,5.1,1011.9,0.0,3.14,4.15
6333,2018-03-23,5.0,1011.1,0.0,3.21,4.15
6334,2018-03-23,5.1,1010.5,5.0,3.36,4.15
6335,2018-03-23,5.6,1009.7,49.0,3.69,4.15
6336,2018-03-23,6.8,1008.9,121.0,4.44,4.15
6337,2018-03-23,6.8,1008.4,148.0,4.65,4.15
6338,2018-03-23,6.5,1007.5,190.0,5.275,4.15
6339,2018-03-23,6.3,1006.7,130.0,5.324,4.15
6340,2018-03-23,6.6,1006.0,158.0,5.74,4.15
6341,2018-03-23,7.4,1005.3,158.0,6.372000000000001,4.15
6342,2018-03-23,7.1,1004.4,70.0,6.129,4.15
6343,2018-03-03,3.1,992.4,0.0,2.024,2.85
6344,2018-03-03,2.7,991.8,0.0,1.82,2.85
6345,2018-03-03,1.6,991.3,0.0,0.745,2.85
6346,2018-03-03,2.4,990.4,0.0,1.4,2.85
6347,2018-03-03,2.3,989.9,0.0,1.22,2.85
6348,2018-03-03,3.7,989.4,0.0,2.05,2.85
6349,2018-03-03,4.0,989.2,0.0,2.29,2.85
6350,2018-03-03,3.8,989.4,23.0,2.27,2.85
6351,2018-03-03,3.4,989.8,111.0,2.084,2.85
6352,2018-03-03,5.5,989.9,148.0,3.82,2.85
6353,2018-03-03,6.1,990.3,214.0,4.3,2.85
6354,2018-03-03,6.6,990.8,325.0,4.7,2.85
6355,2018-03-03,7.8,991.2,179.0,5.497999999999999,2.85
6356,2018-03-03,10.6,991.3,364.0,7.94,2.85
6357,2018-03-03,11.8,991.4,487.0,9.02,2.85
6358,2018-03-03,11.8,991.2,207.0,9.118,2.85
6359,2018-03-03,9.9,991.7,44.0,8.13,2.85
6360,2018-03-03,10.2,992.2,30.0,8.168,2.85
6361,2018-03-03,9.7,992.9,0.0,7.824,2.85
6362,2018-03-03,8.7,993.2,0.0,7.05,2.85
6363,2018-03-03,7.7,993.9,0.0,6.1739999999999995,2.85
6364,2018-03-03,6.6,994.1,0.0,5.36,2.85
6365,2018-03-03,6.3,994.4,0.0,5.032,2.85
6366,2018-03-04,6.7,994.5,0.0,5.367999999999999,2.85
6367,2018-03-04,5.5,994.6,0.0,4.49,6.8
6368,2018-03-04,5.4,994.6,0.0,4.404,6.8
6369,2018-03-04,6.2,994.1,0.0,4.948,6.8
6370,2018-03-04,6.4,993.5,0.0,5.1160000000000005,6.8
6371,2018-03-04,4.3,993.3,0.0,3.761,6.8
6372,2018-03-04,3.9,993.1,0.0,3.176,6.8
6373,2018-03-04,4.2,992.7,0.0,3.42,6.8
6374,2018-03-04,4.5,992.4,11.0,3.7960000000000003,6.8
6375,2018-03-04,5.0,991.9,19.0,4.268,6.8
6376,2018-03-04,5.3,991.5,44.0,4.862,6.8
6377,2018-03-04,4.7,991.2,63.0,4.189,6.8
6378,2018-03-04,6.2,990.2,91.0,5.544,6.8
6379,2018-03-04,7.5,990.0,58.0,6.735,6.8
6380,2018-03-04,7.8,989.5,62.0,7.144,6.8
6381,2018-03-04,6.6,989.4,88.0,6.084,6.8
6382,2018-03-04,7.1,990.3,53.0,6.566,6.8
6383,2018-03-04,8.1,990.7,167.0,7.46,6.8
6384,2018-03-04,8.7,991.1,21.0,7.824,6.8
6385,2018-03-04,7.1,991.8,0.0,6.047999999999999,6.8
6386,2018-03-04,6.1,992.6,0.0,5.29,6.8
6387,2018-03-04,6.1,993.1,0.0,5.452000000000001,6.8
6388,2018-03-04,5.9,993.5,0.0,5.347,6.8
6389,2018-03-04,5.4,994.1,0.0,4.808,6.8
6390,2018-03-05,5.9,994.4,0.0,5.28,6.8
6391,2018-03-05,6.2,994.3,0.0,5.626,4.75
6392,2018-03-05,6.5,993.8,0.0,5.65,4.75
6393,2018-03-05,5.9,993.6,0.0,5.189,4.75
6394,2018-03-05,5.5,993.0,0.0,4.956,4.75
6395,2018-03-05,6.2,992.7,0.0,5.544,4.75
6396,2018-03-05,6.6,992.5,0.0,5.8260000000000005,4.75
6397,2018-03-05,5.4,992.3,0.0,4.808,4.75
6398,2018-03-05,5.7,992.0,30.0,5.1610000000000005,4.75
6399,2018-03-05,6.6,992.0,163.0,5.8260000000000005,4.75
6400,2018-03-05,9.3,991.6,464.0,8.0,4.75
6401,2018-03-05,7.9,991.4,306.0,6.556,4.75
6402,2018-03-05,12.2,991.1,547.0,9.156,4.75
6403,2018-03-05,11.8,990.1,483.0,8.804,4.75
6404,2018-03-05,13.2,989.2,267.0,9.36,4.75
6405,2018-03-05,13.3,988.7,200.0,9.35,4.75
6406,2018-03-05,13.6,988.5,120.0,9.56,4.75
6407,2018-03-05,13.6,988.2,95.0,9.356,4.75
6408,2018-03-05,12.9,988.3,26.0,8.82,4.75
6409,2018-03-05,11.9,988.4,0.0,8.347000000000001,4.75
6410,2018-03-05,10.2,988.4,0.0,7.4879999999999995,4.75
6411,2018-03-05,9.2,988.5,0.0,7.112,4.75
6412,2018-03-05,9.8,988.7,0.0,7.404,4.75
6413,2018-03-05,9.9,988.5,0.0,7.482,4.75
6414,2018-03-06,9.4,988.8,0.0,7.522,4.75
6415,2018-03-06,9.0,989.0,0.0,7.5,8.75
6416,2018-03-06,7.6,989.2,0.0,6.33,8.75
6417,2018-03-06,6.8,989.2,0.0,5.92,8.75
6418,2018-03-06,6.8,988.9,0.0,5.92,8.75
6419,2018-03-06,6.9,989.0,0.0,5.931,8.75
6420,2018-03-06,6.9,989.4,0.0,5.852,8.75
6421,2018-03-06,6.2,989.6,0.0,5.164,8.75
6422,2018-03-06,6.0,989.9,56.0,5.06,8.75
6423,2018-03-06,6.1,990.4,81.0,5.13,8.75
6424,2018-03-06,6.8,990.7,116.0,5.686,8.75
6425,2018-03-06,8.3,990.7,169.0,7.08,8.75
6426,2018-03-06,9.4,990.4,316.0,7.78,8.75
6427,2018-03-06,10.9,990.3,353.0,8.566,8.75
6428,2018-03-06,11.8,989.8,290.0,9.02,8.75
6429,2018-03-06,12.3,989.6,262.0,9.357000000000001,8.75
6430,2018-03-06,12.7,989.0,116.0,9.362,8.75
6431,2018-03-06,12.6,988.7,220.0,9.392000000000001,8.75
6432,2018-03-06,12.1,988.8,0.0,9.179,8.75
6433,2018-03-06,8.9,989.5,0.0,7.74,8.75
6434,2018-03-06,7.9,989.6,0.0,6.734,8.75
6435,2018-03-06,7.6,989.5,0.0,6.76,8.75
6436,2018-03-06,7.6,989.7,0.0,6.587999999999999,8.75
6437,2018-03-06,7.6,989.5,0.0,6.587999999999999,8.75
6438,2018-03-07,7.1,989.3,0.0,6.129,8.75
6439,2018-03-07,7.1,989.3,0.0,6.129,8.8
6440,2018-03-07,7.3,989.2,0.0,6.263999999999999,8.8
6441,2018-03-07,6.7,989.2,0.0,5.917000000000001,8.8
6442,2018-03-07,6.1,989.1,0.0,5.5329999999999995,8.8
6443,2018-03-07,5.7,989.6,0.0,5.2379999999999995,8.8
6444,2018-03-07,5.4,990.2,0.0,4.956,8.8
6445,2018-03-07,4.0,991.7,0.0,3.52,8.8
6446,2018-03-07,3.3,992.8,14.0,2.935,8.8
6447,2018-03-07,4.5,993.6,35.0,4.096,8.8
6448,2018-03-07,5.5,994.6,62.0,5.05,8.8
6449,2018-03-07,7.1,995.5,216.0,6.129,8.8
6450,2018-03-07,7.2,996.3,218.0,5.827999999999999,8.8
6451,2018-03-07,8.6,996.8,306.0,6.93,8.8
6452,2018-03-07,9.4,997.1,169.0,7.178,8.8
6453,2018-03-07,8.6,997.6,552.0,7.098,8.8
6454,2018-03-07,5.4,998.7,139.0,4.66,8.8
6455,2018-03-07,7.2,999.2,62.0,6.074,8.8
6456,2018-03-07,7.6,1000.0,25.0,5.9,8.8
6457,2018-03-07,6.4,1001.0,0.0,5.19,8.8
6458,2018-03-07,5.3,1001.8,0.0,4.444,8.8
6459,2018-03-07,5.2,1002.3,0.0,4.356,8.8
6460,2018-03-07,5.2,1002.6,0.0,4.418,8.8
6461,2018-03-07,5.0,1003.1,0.0,4.18,8.8
6462,2018-03-08,5.4,1003.1,0.0,4.468,8.8
6463,2018-03-08,4.8,1002.9,0.0,4.018,7.55
6464,2018-03-08,4.8,1003.0,0.0,4.08,7.55
6465,2018-03-08,5.2,1002.3,0.0,4.356,7.55
6466,2018-03-08,4.8,1001.6,0.0,4.224,7.55
6467,2018-03-08,5.1,1001.6,0.0,4.51,7.55
6468,2018-03-08,5.3,1001.6,0.0,4.789,7.55
6469,2018-03-08,5.5,1001.5,0.0,4.975,7.55
6470,2018-03-08,5.9,1001.6,7.0,5.347,7.55
6471,2018-03-08,6.2,1001.6,23.0,5.626,7.55
6472,2018-03-08,7.2,1001.6,60.0,6.2379999999999995,7.55
6473,2018-03-08,7.5,1001.4,149.0,6.48,7.55
6474,2018-03-08,8.3,1001.2,383.0,7.164,7.55
6475,2018-03-08,10.1,1001.2,114.0,8.138,7.55
6476,2018-03-08,9.1,1001.3,134.0,7.925,7.55
6477,2018-03-08,9.6,1001.7,44.0,7.996,7.55
6478,2018-03-08,7.9,1002.3,65.0,6.8229999999999995,7.55
6479,2018-03-08,6.8,1002.9,39.0,6.007999999999999,7.55
6480,2018-03-08,6.4,1003.4,26.0,5.728,7.55
6481,2018-03-08,6.4,1003.7,0.0,5.337999999999999,7.55
6482,2018-03-08,6.4,1004.1,0.0,5.486000000000001,7.55
6483,2018-03-08,6.6,1004.5,0.0,5.74,7.55
6484,2018-03-08,6.8,1005.1,0.0,5.92,7.55
6485,2018-03-08,6.8,1005.5,0.0,5.8420000000000005,7.55
6486,2018-03-09,6.4,1005.5,0.0,5.486000000000001,7.55
6487,2018-03-09,6.7,1005.4,0.0,5.676,6.6
6488,2018-03-09,6.6,1005.5,0.0,5.664,6.6
6489,2018-03-09,6.6,1005.2,0.0,5.74,6.6
6490,2018-03-09,7.2,1004.8,0.0,6.074,6.6
6491,2018-03-09,7.6,1005.1,0.0,6.502000000000001,6.6
6492,2018-03-09,7.8,1004.7,0.0,6.803999999999999,6.6
6493,2018-03-09,7.4,1004.9,0.0,6.372000000000001,6.6
6494,2018-03-09,7.9,1004.7,23.0,6.912000000000001,6.6
6495,2018-03-09,8.7,1004.9,67.0,7.596,6.6
6496,2018-03-09,8.5,1004.9,107.0,7.62,6.6
6497,2018-03-09,10.6,1004.4,260.0,9.465,6.6
6498,2018-03-09,11.8,1004.4,162.0,10.315,6.6
6499,2018-03-09,12.7,1003.5,237.0,11.14,6.6
6500,2018-03-09,14.2,1002.7,418.0,11.86,6.6
6501,2018-03-09,15.7,1002.7,262.0,12.107999999999999,6.6
6502,2018-03-09,15.6,1002.2,93.0,12.252,6.6
6503,2018-03-09,14.3,1001.9,26.0,12.14,6.6
6504,2018-03-09,13.7,1001.7,16.0,11.98,6.6
6505,2018-03-09,13.5,1001.4,0.0,11.86,6.6
6506,2018-03-09,13.4,1001.2,0.0,11.76,6.6
6507,2018-03-09,14.0,1000.6,0.0,11.999,6.6
6508,2018-03-09,13.9,1000.4,0.0,11.696,6.6
6509,2018-03-09,13.7,1000.5,0.0,11.385,6.6
6510,2018-03-10,13.9,1000.2,0.0,11.494000000000002,6.6
6511,2018-03-10,13.9,999.9,0.0,11.494000000000002,10.0
6512,2018-03-10,13.3,999.5,0.0,11.072000000000001,10.0
6513,2018-03-10,13.3,999.3,0.0,10.965,10.0
6514,2018-03-10,13.3,998.6,0.0,10.965,10.0
6515,2018-03-10,13.0,998.3,0.0,10.76,10.0
6516,2018-03-10,13.3,997.8,0.0,10.965,10.0
6517,2018-03-10,12.3,997.9,0.0,10.98,10.0
6518,2018-03-10,12.0,997.7,7.0,11.1,10.0
6519,2018-03-10,12.4,997.7,25.0,11.4,10.0
6520,2018-03-10,12.5,997.7,40.0,11.5,10.0
6521,2018-03-10,12.7,997.9,69.0,11.8,10.0
6522,2018-03-10,13.2,997.9,125.0,12.2,10.0
6523,2018-03-10,14.5,998.0,218.0,13.32,10.0
6524,2018-03-10,16.0,997.8,367.0,13.927999999999999,10.0
6525,2018-03-10,17.4,997.5,548.0,14.74,10.0
6526,2018-03-10,17.3,997.6,269.0,14.538,10.0
6527,2018-03-10,17.7,997.5,130.0,14.769,10.0
6528,2018-03-10,16.9,997.8,51.0,14.414000000000001,10.0
6529,2018-03-10,15.9,997.4,0.0,13.81,10.0
6530,2018-03-10,14.9,997.2,0.0,13.214,10.0
6531,2018-03-10,14.5,996.6,0.0,13.05,10.0
6532,2018-03-10,15.2,996.4,0.0,13.492,10.0
6533,2018-03-10,15.2,996.1,0.0,13.284,10.0
6534,2018-03-11,13.4,995.4,0.0,12.4,10.0
6535,2018-03-11,13.7,995.0,0.0,12.46,12.3
6536,2018-03-11,12.8,994.3,0.0,11.8,12.3
6537,2018-03-11,12.3,993.6,0.0,11.8,12.3
6538,2018-03-11,10.9,993.6,0.0,10.46,12.3
6539,2018-03-11,10.9,992.8,0.0,10.536,12.3
6540,2018-03-11,12.0,992.2,0.0,11.2,12.3
6541,2018-03-11,12.4,992.3,0.0,11.4,12.3
6542,2018-03-11,12.4,992.3,14.0,11.4,12.3
6543,2018-03-11,13.5,992.3,276.0,12.26,12.3
6544,2018-03-11,14.4,992.0,362.0,13.048,12.3
6545,2018-03-11,0.0,0.0,32767.0,0.0,12.3
6546,2018-03-11,16.7,991.8,188.0,13.5,12.3
6547,2018-03-11,16.7,991.8,188.0,13.5,12.3
6548,2018-03-11,16.7,991.8,188.0,13.5,12.3
6549,2018-03-11,16.7,991.8,188.0,13.5,12.3
6550,2018-03-11,16.7,991.8,188.0,13.5,12.3
6551,2018-03-11,16.7,991.8,188.0,13.5,12.3
6552,2018-03-11,16.7,991.8,188.0,13.5,12.3
6553,2018-03-11,16.7,991.8,188.0,13.5,12.3
6554,2018-03-11,16.7,991.8,188.0,13.5,12.3
6555,2018-03-11,16.7,991.8,188.0,13.5,12.3
6556,2018-03-11,16.7,991.8,188.0,13.5,12.3
6557,2018-03-11,16.7,991.8,188.0,13.5,12.3
6558,2018-03-12,16.7,991.8,188.0,13.5,12.3
6559,2018-03-12,16.7,991.8,188.0,13.5,14.3
6560,2018-03-12,12.2,989.1,0.0,9.156,14.3
6561,2018-03-12,11.6,989.1,0.0,8.84,14.3
6562,2018-03-12,11.4,988.5,0.0,8.847999999999999,14.3
6563,2018-03-12,11.0,988.3,0.0,9.11,14.3
6564,2018-03-12,10.7,988.4,0.0,9.161,14.3
6565,2018-03-12,10.4,988.6,0.0,8.936,14.3
6566,2018-03-12,10.1,989.4,40.0,8.705,14.3
6567,2018-03-12,10.0,990.4,213.0,9.0,14.3
6568,2018-03-12,9.9,991.5,88.0,8.841000000000001,14.3
6569,2018-03-12,11.2,992.2,181.0,9.4,14.3
6570,2018-03-12,11.8,993.0,188.0,9.51,14.3
6571,2018-03-12,11.5,993.7,97.0,9.785,14.3
6572,2018-03-12,12.0,993.7,91.0,9.7,14.3
6573,2018-03-12,12.7,993.9,204.0,10.044,14.3
6574,2018-03-12,10.1,994.8,156.0,8.786,14.3
6575,2018-03-12,10.2,995.4,74.0,8.666,14.3
6576,2018-03-12,10.7,996.1,28.0,8.726,14.3
6577,2018-03-12,9.9,997.3,0.0,8.209,14.3
6578,2018-03-12,9.4,998.3,0.0,7.854,14.3
6579,2018-03-12,9.1,999.0,0.0,8.0,14.3
6580,2018-03-12,8.7,999.6,0.0,7.596,14.3
6581,2018-03-12,8.6,999.9,0.0,7.644,14.3
6582,2018-03-13,8.6,999.9,0.0,7.644,14.3
6583,2018-03-13,8.6,999.9,0.0,7.644,8.35
6584,2018-03-13,8.6,999.9,0.0,7.644,8.35
6585,2018-03-13,8.6,999.9,0.0,7.644,8.35
6586,2018-03-13,8.6,999.9,0.0,7.644,8.35
6587,2018-03-13,8.6,999.9,0.0,7.644,8.35
6588,2018-03-13,8.6,999.9,0.0,7.644,8.35
6589,2018-03-13,8.6,999.9,0.0,7.644,8.35
6590,2018-03-13,8.6,999.9,0.0,7.644,8.35
6591,2018-03-13,8.6,999.9,0.0,7.644,8.35
6592,2018-03-13,8.6,999.9,0.0,7.644,8.35
6593,2018-03-13,8.6,999.9,0.0,7.644,8.35
6594,2018-03-13,8.6,999.9,0.0,7.644,8.35
6595,2018-03-13,8.6,999.9,0.0,7.644,8.35
6596,2018-03-13,8.6,999.9,0.0,7.644,8.35
6597,2018-03-13,8.6,999.9,0.0,7.644,8.35
6598,2018-03-13,8.6,999.9,0.0,7.644,8.35
6599,2018-03-13,8.6,999.9,0.0,7.644,8.35
6600,2018-03-13,8.6,999.9,0.0,7.644,8.35
6601,2018-03-13,8.6,999.9,0.0,7.644,8.35
6602,2018-03-13,8.6,999.9,0.0,7.644,8.35
6603,2018-03-13,8.6,999.9,0.0,7.644,8.35
6604,2018-03-13,8.6,999.9,0.0,7.644,8.35
6605,2018-03-13,8.6,999.9,0.0,7.644,8.35
6606,2018-03-14,8.6,999.9,0.0,7.644,8.35
6607,2018-03-14,0.0,0.0,32767.0,0.0,4.3
6608,2018-03-14,5.1,1012.0,0.0,4.745,4.3
6609,2018-03-14,4.7,1011.8,0.0,4.262,4.3
6610,2018-03-14,5.4,1010.9,0.0,5.104,4.3
6611,2018-03-14,4.3,1010.6,0.0,3.838,4.3
6612,2018-03-14,3.5,1010.4,0.0,3.125,4.3
6613,2018-03-14,3.9,1010.0,0.0,3.28,4.3
6614,2018-03-14,4.0,1009.6,30.0,3.2,4.3
6615,2018-03-14,6.9,1009.0,329.0,5.8420000000000005,4.3
6616,2018-03-14,9.2,1008.4,448.0,7.64,4.3
6617,2018-03-14,12.4,1007.3,580.0,9.218,4.3
6618,2018-03-14,14.0,1006.4,694.0,9.89,4.3
6619,2018-03-14,15.0,1005.3,691.0,9.72,4.3
6620,2018-03-14,14.7,1003.9,617.0,9.277000000000001,4.3
6621,2018-03-14,15.2,1002.5,396.0,9.632,4.3
6622,2018-03-14,14.5,1000.7,153.0,8.905,4.3
6623,2018-03-14,14.7,999.7,120.0,8.937999999999999,4.3
6624,2018-03-14,13.8,998.8,62.0,8.826,4.3
6625,2018-03-14,13.2,998.1,0.0,8.462,4.3
6626,2018-03-14,12.9,997.1,0.0,8.55,4.3
6627,2018-03-14,12.3,996.0,0.0,8.16,4.3
6628,2018-03-14,11.8,994.9,0.0,8.156,4.3
6629,2018-03-14,11.5,993.8,0.0,8.015,4.3
6630,2018-03-15,12.3,993.2,0.0,8.679,4.3
6631,2018-03-15,11.5,992.2,0.0,8.435,12.0
6632,2018-03-15,11.9,992.0,0.0,8.674,12.0
6633,2018-03-15,10.9,991.6,0.0,8.655,12.0
6634,2018-03-15,10.5,990.6,0.0,9.125,12.0
6635,2018-03-15,9.3,990.6,0.0,8.526,12.0
6636,2018-03-15,9.9,990.1,0.0,8.841000000000001,12.0
6637,2018-03-15,9.6,990.6,0.0,8.68,12.0
6638,2018-03-15,9.2,990.5,25.0,8.443999999999999,12.0
6639,2018-03-15,9.6,990.5,81.0,8.604,12.0
6640,2018-03-15,10.0,990.3,172.0,9.0,12.0
6641,2018-03-15,11.2,990.6,134.0,9.927999999999999,12.0
6642,2018-03-15,11.3,990.9,272.0,9.674,12.0
6643,2018-03-15,13.8,990.8,367.0,11.082,12.0
6644,2018-03-15,14.5,990.8,207.0,10.92,12.0
6645,2018-03-15,14.2,990.4,313.0,11.0,12.0
6646,2018-03-15,14.6,990.4,220.0,11.08,12.0
6647,2018-03-15,11.1,990.9,72.0,9.656,12.0
6648,2018-03-15,11.8,991.1,60.0,10.164,12.0
6649,2018-03-15,11.2,991.7,0.0,9.84,12.0
6650,2018-03-15,10.5,992.4,0.0,8.615,12.0
6651,2018-03-15,10.4,992.9,0.0,8.87,12.0
6652,2018-03-15,9.9,993.3,0.0,8.683,12.0
6653,2018-03-15,9.2,993.9,0.0,8.443999999999999,12.0
6654,2018-03-16,9.3,994.5,0.0,8.526,12.0
6655,2018-03-16,9.1,995.4,0.0,8.28,7.4
6656,2018-03-16,8.3,996.2,0.0,7.58,7.4
6657,2018-03-16,7.7,996.5,0.0,7.0360000000000005,7.4
6658,2018-03-16,7.3,997.2,0.0,6.691,7.4
6659,2018-03-16,7.4,997.4,0.0,6.797999999999999,7.4
6660,2018-03-16,7.7,997.9,0.0,7.0360000000000005,7.4
6661,2018-03-16,7.8,998.4,0.0,6.892,7.4
6662,2018-03-16,7.3,999.2,83.0,6.496,7.4
6663,2018-03-16,9.4,999.8,302.0,8.446,7.4
6664,2018-03-16,10.2,1000.6,227.0,8.482000000000001,7.4
6665,2018-03-16,11.9,1001.0,696.0,9.506,7.4
6666,2018-03-16,13.7,1001.3,561.0,10.51,7.4
6667,2018-03-16,13.4,1001.3,552.0,10.17,7.4
6668,2018-03-16,13.3,1000.8,362.0,10.07,7.4
6669,2018-03-16,13.5,1000.3,139.0,9.45,7.4
6670,2018-03-16,13.7,1000.1,162.0,9.67,7.4
6671,2018-03-16,13.4,999.8,77.0,9.046,7.4
6672,2018-03-16,12.7,1000.4,18.0,8.894,7.4
6673,2018-03-16,8.6,1001.0,0.0,7.4879999999999995,7.4
6674,2018-03-16,8.7,1001.5,0.0,7.52,7.4
6675,2018-03-16,7.6,1001.2,0.0,6.502000000000001,7.4
6676,2018-03-16,7.7,1001.5,0.0,6.522,7.4
6677,2018-03-16,6.2,1001.3,0.0,5.308,7.4
6678,2018-03-17,5.1,1000.9,0.0,4.532,7.4
6679,2018-03-17,5.1,1000.7,0.0,4.6739999999999995,11.7
6680,2018-03-17,5.9,1000.6,0.0,5.347,11.7
6681,2018-03-17,4.8,1000.2,0.0,4.296,11.7
6682,2018-03-17,5.2,999.5,0.0,4.768,11.7
6683,2018-03-17,5.0,999.1,0.0,4.6739999999999995,11.7
6684,2018-03-17,4.4,998.5,0.0,3.944,11.7
6685,2018-03-17,5.0,998.2,0.0,4.65,11.7
6686,2018-03-17,5.2,997.9,47.0,4.84,11.7
6687,2018-03-17,5.5,997.7,100.0,5.05,11.7
6688,2018-03-17,5.8,997.7,102.0,5.41,11.7
6689,2018-03-17,6.4,997.4,51.0,5.896,11.7
6690,2018-03-17,4.6,997.5,132.0,4.125,11.7
6691,2018-03-17,3.6,997.4,111.0,3.22,11.7
6692,2018-03-17,2.7,997.1,144.0,2.35,11.7
6693,2018-03-17,1.8,997.1,158.0,1.45,11.7
6694,2018-03-17,1.6,997.2,69.0,1.25,11.7
6695,2018-03-17,1.4,997.2,42.0,1.05,11.7
6696,2018-03-17,1.0,997.4,23.0,0.72,11.7
6697,2018-03-17,0.8,997.8,0.0,0.512,11.7
6698,2018-03-17,0.7,998.1,0.0,0.408,11.7
6699,2018-03-17,0.7,998.3,0.0,0.408,11.7
6700,2018-03-17,0.6,998.4,0.0,0.335,11.7
6701,2018-03-17,0.7,998.7,0.0,0.408,11.7
6702,2018-03-18,0.9,998.8,0.0,0.687,11.7
6703,2018-03-18,1.4,998.7,0.0,1.19,5.7
6704,2018-03-18,1.7,999.1,0.0,1.42,5.7
6705,2018-03-18,1.8,999.3,0.0,1.07,5.7
6706,2018-03-18,0.9,999.3,0.0,0.261,5.7
6707,2018-03-18,0.7,999.6,0.0,-0.14,5.7
6708,2018-03-18,0.0,1000.2,0.0,-0.92,5.7
6709,2018-03-18,0.1,1000.7,0.0,-0.8540000000000001,5.7
6710,2018-03-18,-0.1,1001.3,21.0,-0.9640000000000001,5.7
6711,2018-03-18,-0.2,1002.2,51.0,-1.092,5.7
6712,2018-03-18,0.2,1002.5,105.0,-0.8740000000000001,5.7
6713,2018-03-18,0.9,1002.8,153.0,-0.3,5.7
6714,2018-03-18,0.7,1002.9,121.0,-0.406,5.7
6715,2018-03-18,0.7,1003.3,236.0,-0.5,5.7
6716,2018-03-18,0.8,1003.4,146.0,-0.35200000000000004,5.7
6717,2018-03-18,0.8,1003.5,100.0,-0.256,5.7
6718,2018-03-18,0.8,1003.8,46.0,-0.304,5.7
6719,2018-03-18,0.7,1004.1,26.0,-0.56,5.7
6720,2018-03-18,0.4,1004.8,30.0,-0.49200000000000005,5.7
6721,2018-03-18,0.1,1005.6,12.0,-0.813,5.7
6722,2018-03-18,-0.2,1006.1,0.0,-1.048,5.7
6723,2018-03-18,-0.1,1006.4,0.0,-0.88,5.7
6724,2018-03-18,-0.3,1006.5,0.0,-0.892,5.7
6725,2018-03-18,0.7,1006.7,0.0,-0.312,5.7
6726,2018-03-19,-0.1,1006.6,0.0,-1.048,5.7
6727,2018-03-19,-0.6,1006.6,0.0,-1.28,1.35
6728,2018-03-19,-0.9,1006.6,0.0,-1.396,1.35
6729,2018-03-19,-1.1,1006.3,0.0,-1.5130000000000001,1.35
6730,2018-03-19,-0.8,1006.2,0.0,-1.1840000000000002,1.35
6731,2018-03-19,-1.1,1005.9,0.0,-1.454,1.35
6732,2018-03-19,-1.0,1005.9,0.0,-1.36,1.35
6733,2018-03-19,-0.9,1006.1,0.0,-1.334,1.35
6734,2018-03-19,-0.8,1006.6,7.0,-1.3119999999999998,1.35
6735,2018-03-19,-0.4,1007.1,46.0,-1.168,1.35
6736,2018-03-19,-0.1,1007.4,58.0,-1.048,1.35
6737,2018-03-19,0.3,1007.7,32.0,-0.685,1.35
6738,2018-03-19,0.6,1007.8,47.0,-0.462,1.35
6739,2018-03-19,0.5,1007.8,40.0,-0.385,1.35
6740,2018-03-19,0.4,1008.1,60.0,-0.49200000000000005,1.35
6741,2018-03-19,0.7,1008.5,58.0,-0.124,1.35
6742,2018-03-19,0.5,1008.8,63.0,-0.34,1.35
6743,2018-03-19,0.7,1009.3,23.0,-0.124,1.35
6744,2018-03-19,0.5,1009.8,11.0,-0.34,1.35
6745,2018-03-19,0.6,1010.6,0.0,-0.324,1.35
6746,2018-03-19,0.3,1011.6,0.0,-0.599,1.35
6747,2018-03-19,0.3,1012.1,0.0,-0.685,1.35
6748,2018-03-19,0.4,1012.8,0.0,-0.624,1.35
6749,2018-03-19,0.7,1013.5,0.0,-0.359,1.35
6750,2018-03-20,0.7,1013.9,0.0,-0.406,1.35
6751,2018-03-20,0.8,1014.4,0.0,-0.46,0.3
6752,2018-03-20,0.7,1014.9,0.0,-0.74,0.3
6753,2018-03-20,-0.2,1015.6,0.0,-1.632,0.3
6754,2018-03-20,-0.8,1016.2,0.0,-2.104,0.3
6755,2018-03-20,-1.2,1016.9,0.0,-2.568,0.3
6756,2018-03-20,-1.6,1017.7,0.0,-3.072,0.3
6757,2018-03-20,-1.8,1018.6,7.0,-3.304,0.3
6758,2018-03-20,-1.1,1019.3,139.0,-2.85,0.3
6759,2018-03-20,0.1,1020.0,237.0,-2.22,0.3
6760,2018-03-20,1.4,1020.8,246.0,-1.2919999999999998,0.3
6761,2018-03-20,2.5,1021.1,371.0,0.29,0.3
6762,2018-03-20,2.7,1021.6,135.0,1.4,0.3
6763,2018-03-20,3.2,1021.8,246.0,2.48,0.3
6764,2018-03-20,4.9,1022.2,239.0,3.49,0.3
6765,2018-03-20,6.1,1022.4,294.0,3.7039999999999997,0.3
6766,2018-03-20,6.8,1022.7,171.0,3.7,0.3
6767,2018-03-20,7.2,1023.3,74.0,3.464,0.3
6768,2018-03-20,7.1,1024.2,69.0,3.1860000000000004,0.3
6769,2018-03-20,6.2,1025.2,5.0,2.512,0.3
6770,2018-03-20,5.4,1026.1,0.0,2.7319999999999998,0.3
6771,2018-03-20,4.4,1027.1,0.0,1.8,0.3
6772,2018-03-20,3.7,1027.9,0.0,1.406,0.3
6773,2018-03-20,2.8,1028.3,0.0,1.092,0.3
6774,2018-03-21,2.1,1028.5,0.0,0.6779999999999999,0.3
6775,2018-03-21,1.6,1028.9,0.0,0.396,3.15
6776,2018-03-21,1.2,1029.0,0.0,0.292,3.15
6777,2018-03-21,0.9,1029.1,0.0,0.19,3.15
6778,2018-03-21,1.0,1029.1,0.0,0.44,3.15
6779,2018-03-21,1.1,1029.2,0.0,0.47,3.15
6780,2018-03-21,0.8,1029.3,0.0,0.332,3.15
6781,2018-03-21,0.7,1029.7,9.0,0.18899999999999997,3.15
6782,2018-03-21,1.1,1030.2,76.0,0.47,3.15
6783,2018-03-21,1.7,1030.7,153.0,0.8859999999999999,3.15
6784,2018-03-21,2.1,1031.0,142.0,1.1,3.15
6785,2018-03-21,3.1,1030.8,334.0,1.64,3.15
6786,2018-03-21,4.9,1030.5,735.0,2.48,3.15
6787,2018-03-21,5.8,1030.3,759.0,3.112,3.15
6788,2018-03-21,6.5,1029.9,749.0,3.04,3.15
6789,2018-03-21,6.9,1029.2,220.0,3.114,3.15
6790,2018-03-21,7.0,1028.9,482.0,3.5,3.15
6791,2018-03-21,6.4,1028.9,144.0,3.31,3.15
6792,2018-03-21,6.2,1028.7,111.0,3.358,3.15
6793,2018-03-21,5.9,1028.9,5.0,3.275,3.15
6794,2018-03-21,5.1,1029.1,0.0,3.08,3.15
6795,2018-03-21,4.8,1029.0,0.0,3.04,3.15
6796,2018-03-21,4.3,1028.7,0.0,2.58,3.15
6797,2018-03-21,3.7,1028.4,0.0,2.19,3.15
6798,2018-03-22,2.9,1028.0,0.0,1.66,3.15
6799,2018-03-22,2.3,1027.4,0.0,1.12,2.7
6800,2018-03-22,1.7,1027.0,0.0,0.6579999999999999,2.7
6801,2018-03-22,1.7,1026.3,0.0,0.544,2.7
6802,2018-03-22,1.4,1025.7,0.0,0.268,2.7
6803,2018-03-22,1.1,1025.1,0.0,0.043,2.7
6804,2018-03-22,1.4,1024.8,0.0,0.376,2.7
6805,2018-03-22,2.1,1023.9,0.0,1.1,2.7
6806,2018-03-22,3.0,1024.1,46.0,2.0,2.7
6807,2018-03-22,3.8,1023.7,141.0,2.544,2.7
6808,2018-03-22,4.6,1023.3,146.0,3.3480000000000003,2.7
6809,2018-03-22,5.3,1022.8,197.0,3.94,2.7
6810,2018-03-22,6.7,1021.7,302.0,4.78,2.7
6811,2018-03-22,7.0,1021.0,274.0,5.01,2.7
6812,2018-03-22,7.2,1020.4,142.0,5.352,2.7
6813,2018-03-22,7.6,1019.6,97.0,5.654,2.7
6814,2018-03-22,7.6,1018.9,97.0,5.654,2.7
6815,2018-03-22,7.5,1018.4,98.0,5.56,2.7
6816,2018-03-22,7.2,1018.0,33.0,5.204,2.7
6817,2018-03-22,6.9,1018.0,0.0,4.94,2.7
6818,2018-03-22,6.7,1017.8,0.0,4.78,2.7
6819,2018-03-22,6.2,1017.5,0.0,4.31,2.7
6820,2018-03-22,6.2,1017.1,0.0,4.31,2.7
6821,2018-03-22,6.1,1016.3,0.0,4.3,2.7
6822,2018-03-23,5.9,1015.5,0.0,4.14,2.7
6823,2018-03-23,7.4,1003.6,70.0,6.204,4.15
6824,2018-03-23,7.6,1002.7,84.0,6.502000000000001,4.15
6825,2018-03-23,7.5,1001.9,23.0,6.48,4.15
6826,2018-03-23,7.3,1001.1,0.0,6.263999999999999,4.15
6827,2018-03-23,7.5,1000.6,0.0,6.48,4.15
6828,2018-03-23,7.5,999.8,0.0,6.565,4.15
6829,2018-03-23,7.9,998.8,0.0,6.8229999999999995,4.15
6830,2018-03-23,8.3,998.1,0.0,7.08,4.15
6831,2018-03-24,8.1,997.8,0.0,6.8839999999999995,4.15
6832,2018-03-24,8.2,997.2,0.0,6.8839999999999995,4.7
6833,2018-03-24,7.8,996.7,0.0,6.452000000000001,4.7
6834,2018-03-24,7.5,996.2,0.0,6.456,4.7
6835,2018-03-24,7.5,995.6,0.0,6.48,4.7
6836,2018-03-24,6.9,995.3,0.0,5.773,4.7
6837,2018-03-24,6.9,995.6,0.0,5.5360000000000005,4.7
6838,2018-03-24,6.6,996.2,0.0,5.35,4.7
6839,2018-03-24,5.9,996.7,35.0,4.834,4.7
6840,2018-03-24,7.0,997.3,84.0,5.377999999999999,4.7
6841,2018-03-24,7.7,997.6,496.0,6.0,4.7
6842,2018-03-24,9.9,997.8,538.0,7.482,4.7
6843,2018-03-24,10.6,997.7,786.0,7.652,4.7
6844,2018-03-24,12.2,997.8,483.0,8.596,4.7
6845,2018-03-24,11.7,997.7,599.0,8.181000000000001,4.7
6846,2018-03-24,12.6,997.7,550.0,8.66,4.7
6847,2018-03-24,12.8,997.9,515.0,8.56,4.7
6848,2018-03-24,14.2,998.0,325.0,9.6,4.7
6849,2018-03-24,14.1,998.5,91.0,9.747,4.7
6850,2018-03-24,12.9,999.3,11.0,9.38,4.7
6851,2018-03-24,11.3,999.9,0.0,8.467,4.7
6852,2018-03-24,9.4,1000.5,0.0,7.522,4.7
6853,2018-03-24,8.9,1001.2,0.0,7.2,4.7
6854,2018-03-24,8.8,1001.4,0.0,7.08,4.7
6855,2018-03-25,9.0,1001.1,0.0,7.14,4.7
6856,2018-03-25,9.1,1001.3,0.0,7.2,9.7
6857,2018-03-25,7.4,1001.5,0.0,5.952000000000001,9.7
6858,2018-03-25,7.1,1001.7,0.0,5.724,9.7
6859,2018-03-25,0.0,0.0,0.0,-6.0,9.7
6860,2018-03-25,0.0,0.0,0.0,-6.0,9.7
6861,2018-03-25,0.0,0.0,0.0,-6.0,9.7
6862,2018-03-25,0.0,0.0,0.0,-6.0,9.7
6863,2018-03-25,0.0,0.0,0.0,-6.0,9.7
6864,2018-03-25,0.0,0.0,0.0,-6.0,9.7
6865,2018-03-25,0.0,0.0,32767.0,0.0,9.7
6866,2018-03-25,11.7,1006.5,404.0,7.886,9.7
6867,2018-03-25,13.4,1006.9,394.0,8.458,9.7
6868,2018-03-25,15.2,1007.1,555.0,9.156,9.7
6869,2018-03-25,13.6,1007.3,323.0,8.288,9.7
6870,2018-03-25,14.0,1007.4,380.0,8.42,9.7
6871,2018-03-25,14.3,1007.5,230.0,8.876,9.7
6872,2018-03-25,13.9,1007.9,79.0,9.026,9.7
6873,2018-03-25,12.9,1008.5,37.0,8.939,9.7
6874,2018-03-25,12.3,1009.5,5.0,8.566,9.7
6875,2018-03-25,11.7,1010.2,0.0,8.716000000000001,9.7
6876,2018-03-25,10.6,1010.9,0.0,8.542,9.7
6877,2018-03-25,10.0,1011.3,0.0,8.28,9.7
6878,2018-03-26,9.8,1011.6,0.0,8.216000000000001,9.7
6879,2018-03-27,8.9,1016.8,0.0,6.087999999999999,10.5
6880,2018-03-28,9.4,1010.2,0.0,7.608,6.25
6881,2018-03-26,9.4,1012.0,0.0,8.15,10.5
6882,2018-03-26,8.8,1012.4,0.0,7.556,10.5
6883,2018-03-26,7.8,1012.7,0.0,6.364,10.5
6884,2018-03-26,7.0,1013.3,0.0,5.54,10.5
6885,2018-03-26,6.6,1013.5,0.0,5.207999999999999,10.5
6886,2018-03-26,6.4,1013.8,0.0,5.1160000000000005,10.5
6887,2018-03-26,6.1,1014.3,0.0,4.793,10.5
6888,2018-03-26,6.2,1014.9,21.0,4.948,10.5
6889,2018-03-26,6.4,1015.5,39.0,5.19,10.5
6890,2018-03-26,6.8,1016.1,162.0,5.53,10.5
6891,2018-03-26,8.4,1016.5,513.0,6.3,10.5
6892,2018-03-26,10.4,1016.7,679.0,6.44,10.5
6893,2018-03-26,11.0,1016.9,710.0,6.52,10.5
6894,2018-03-26,12.2,1016.8,786.0,6.96,10.5
6895,2018-03-26,12.0,1016.8,278.0,6.68,10.5
6896,2018-03-26,12.3,1016.7,788.0,6.56,10.5
6897,2018-03-26,12.0,1016.9,190.0,6.7,10.5
6898,2018-03-26,12.0,1016.8,151.0,6.7,10.5
6899,2018-03-26,11.8,1016.8,30.0,6.7139999999999995,10.5
6900,2018-03-26,11.4,1017.1,0.0,6.4479999999999995,10.5
6901,2018-03-26,10.7,1017.0,0.0,6.36,10.5
6902,2018-03-26,10.2,1017.2,0.0,6.26,10.5
6903,2018-03-26,9.9,1017.2,0.0,6.5,10.5
6904,2018-03-29,4.8,1007.0,0.0,3.708,9.55
6905,2018-03-27,9.0,1016.7,0.0,6.482,6.25
6906,2018-03-27,8.2,1016.5,0.0,5.91,6.25
6907,2018-03-27,7.7,1016.0,0.0,5.58,6.25
6908,2018-03-27,7.3,1015.2,0.0,5.144,6.25
6909,2018-03-27,7.8,1014.6,0.0,5.497999999999999,6.25
6910,2018-03-27,6.9,1014.4,0.0,5.377999999999999,6.25
6911,2018-03-27,6.6,1013.8,0.0,5.587999999999999,6.25
6912,2018-03-27,6.6,1013.3,5.0,5.664,6.25
6913,2018-03-27,6.9,1012.4,30.0,5.773,6.25
6914,2018-03-27,7.3,1011.3,32.0,6.43,6.25
6915,2018-03-27,7.8,1010.6,86.0,6.98,6.25
6916,2018-03-27,7.7,1010.0,102.0,7.0360000000000005,6.25
6917,2018-03-27,8.8,1009.3,162.0,8.24,6.25
6918,2018-03-27,9.1,1008.6,130.0,8.607999999999999,6.25
6919,2018-03-27,10.4,1008.0,176.0,9.92,6.25
6920,2018-03-27,11.9,1007.5,311.0,11.207,6.25
6921,2018-03-27,12.8,1007.4,144.0,10.892000000000001,6.25
6922,2018-03-27,12.5,1007.4,209.0,11.1,6.25
6923,2018-03-27,12.2,1007.7,53.0,10.4,6.25
6924,2018-03-27,11.9,1008.2,7.0,10.1,6.25
6925,2018-03-27,11.5,1008.9,0.0,9.51,6.25
6926,2018-03-27,10.8,1009.6,0.0,8.824,6.25
6927,2018-03-27,9.6,1010.1,0.0,7.667999999999999,6.25
6928,2018-03-29,4.2,1007.4,0.0,3.148,9.75
6929,2018-03-28,9.2,1010.1,0.0,7.112,9.55
6930,2018-03-28,8.7,1010.2,0.0,7.216,9.55
6931,2018-03-28,8.3,1010.1,0.0,6.66,9.55
6932,2018-03-28,7.6,1009.6,0.0,6.1579999999999995,9.55
6933,2018-03-28,7.1,1008.8,0.0,5.992000000000001,9.55
6934,2018-03-28,7.2,1008.0,0.0,6.098,9.55
6935,2018-03-28,7.5,1007.3,0.0,6.395,9.55
6936,2018-03-28,8.1,1006.0,5.0,7.4,9.55
6937,2018-03-28,8.6,1004.5,23.0,7.92,9.55
6938,2018-03-28,9.9,1003.3,39.0,9.032,9.55
6939,2018-03-28,10.8,1002.6,83.0,10.34,9.55
6940,2018-03-28,11.5,1002.0,146.0,10.93,9.55
6941,2018-03-28,12.3,1001.1,345.0,11.5,9.55
6942,2018-03-28,13.2,1000.7,555.0,11.38,9.55
6943,2018-03-28,13.2,1000.4,271.0,11.4,9.55
6944,2018-03-28,9.7,1001.4,299.0,8.683,9.55
6945,2018-03-28,9.3,1002.5,251.0,7.694,9.55
6946,2018-03-28,9.7,1002.9,90.0,7.584,9.55
6947,2018-03-28,9.3,1003.8,69.0,6.9270000000000005,9.55
6948,2018-03-28,7.6,1005.2,12.0,5.572,9.55
6949,2018-03-28,6.6,1006.1,0.0,4.78,9.55
6950,2018-03-28,6.1,1006.7,0.0,4.51,9.55
6951,2018-03-28,5.4,1006.9,0.0,4.212,9.55
6952,2018-03-29,4.9,1007.2,0.0,4.007,9.75
6953,2018-03-29,4.6,1007.0,0.0,3.668,9.75
6954,2018-03-29,4.2,1007.3,0.0,3.42,9.75
6955,2018-03-29,4.0,1007.1,0.0,3.2,9.75
6956,2018-03-29,3.6,1006.9,0.0,2.9160000000000004,9.75
6957,2018-03-29,3.2,1006.9,0.0,2.6239999999999997,9.75
6958,2018-03-29,3.2,1006.8,25.0,2.696,9.75
6959,2018-03-29,5.1,1006.7,132.0,4.461,9.75
6960,2018-03-29,7.3,1006.5,406.0,6.181,9.75
6961,2018-03-29,9.9,1006.5,246.0,7.32,9.75
6962,2018-03-29,12.7,1006.1,837.0,8.21,9.75
6963,2018-03-29,11.7,1005.4,795.0,7.47,9.75
6964,2018-03-29,13.6,1004.8,900.0,8.45,9.75
6965,2018-03-29,12.5,1004.1,471.0,7.96,9.75
6966,2018-03-29,12.8,1003.1,482.0,8.03,9.75
6967,2018-03-29,12.8,1002.3,130.0,8.02,9.75
6968,2018-03-29,13.2,1001.5,153.0,8.462,9.75
6969,2018-03-29,6.9,1002.4,30.0,6.01,9.75
6970,2018-03-29,7.4,1002.6,5.0,6.456,9.75
6971,2018-03-29,8.3,1002.5,0.0,7.164,9.75
6972,2018-03-29,8.2,1002.5,0.0,6.97,9.75
6973,2018-03-29,8.2,1002.1,0.0,6.8839999999999995,9.75
6974,2018-03-30,7.6,1002.0,0.0,6.416,9.75
6975,2018-03-30,7.2,1001.7,0.0,6.074,9.0
6976,2018-03-30,6.8,1001.2,0.0,5.763999999999999,9.0
6977,2018-03-30,6.7,1000.6,0.0,5.676,9.0
6978,2018-03-30,6.5,1000.2,0.0,5.5120000000000005,9.0
6979,2018-03-30,6.8,999.6,0.0,5.763999999999999,9.0
6980,2018-03-30,7.3,999.0,0.0,6.181,9.0
6981,2018-03-30,6.4,998.0,0.0,5.82,9.0
6982,2018-03-30,6.4,996.6,44.0,5.636,9.0
6983,2018-03-30,6.4,996.0,54.0,5.56,9.0
6984,2018-03-30,7.8,994.8,37.0,6.54,9.0
6985,2018-03-30,9.3,994.5,42.0,7.622999999999999,9.0
6986,2018-03-30,9.7,993.1,287.0,7.752000000000001,9.0
6987,2018-03-30,11.2,993.4,114.0,8.756,9.0
6988,2018-03-30,10.6,993.3,167.0,8.378,9.0
6989,2018-03-30,10.0,993.4,171.0,7.8,9.0
6990,2018-03-30,9.5,994.0,130.0,7.34,9.0
6991,2018-03-30,9.9,994.2,98.0,7.725,9.0
6992,2018-03-30,9.5,994.6,30.0,7.595,9.0
6993,2018-03-30,9.7,994.6,49.0,7.409,9.0
6994,2018-03-30,9.5,995.2,19.0,7.085,9.0
6995,2018-03-30,8.4,995.7,0.0,5.528,9.0
6996,2018-03-30,7.3,996.3,0.0,4.694,9.0
6997,2018-03-30,7.5,996.4,0.0,5.16,9.0
6998,2018-03-31,7.2,996.8,0.0,5.22,9.0
6999,2018-03-31,6.7,996.4,0.0,5.2139999999999995,7.1
7000,2018-03-31,6.9,996.7,0.0,5.377999999999999,7.1
7001,2018-03-31,6.1,996.6,0.0,4.7219999999999995,7.1
7002,2018-03-31,6.2,996.4,0.0,4.948,7.1
7003,2018-03-31,5.9,996.5,0.0,4.78,7.1
7004,2018-03-31,5.7,995.9,0.0,4.816,7.1
7005,2018-03-31,6.0,995.9,0.0,4.99,7.1
7006,2018-03-31,4.7,996.3,23.0,3.844,7.1
7007,2018-03-31,6.9,996.7,214.0,5.53,7.1
7008,2018-03-31,7.5,997.4,146.0,5.97,7.1
7009,2018-03-31,7.4,998.0,165.0,5.952000000000001,7.1
7010,2018-03-31,7.6,998.5,311.0,6.1579999999999995,7.1
7011,2018-03-31,8.7,999.1,144.0,7.098,7.1
7012,2018-03-31,9.2,999.5,425.0,7.287999999999999,7.1
7013,2018-03-31,10.1,999.8,290.0,7.652,7.1
7014,2018-03-31,11.5,999.8,227.0,8.435,7.1
7015,2018-03-31,9.8,1000.2,265.0,7.486000000000001,7.1
7016,2018-03-31,10.4,1000.5,202.0,6.82,7.1
7017,2018-03-31,9.6,1001.2,83.0,7.08,7.1
7018,2018-03-31,9.2,1001.5,23.0,7.112,7.1
7019,2018-03-31,7.9,1002.7,0.0,6.024,7.1
7020,2018-03-31,7.3,1003.9,0.0,5.766,7.1
7021,2018-03-31,6.9,1004.7,0.0,5.5360000000000005,7.1
7022,2018-04-01,6.6,1005.2,0.0,5.284,7.1
7023,2018-04-01,6.6,1005.7,0.0,5.36,8.7
7024,2018-04-01,6.4,1006.3,0.0,5.19,8.7
7025,2018-04-01,6.3,1007.1,0.0,5.105,8.7
7026,2018-04-01,6.3,1007.6,0.0,5.105,8.7
7027,2018-04-01,6.1,1008.2,0.0,5.077,8.7
7028,2018-04-01,5.9,1008.6,0.0,4.9719999999999995,8.7
7029,2018-04-01,6.0,1009.2,0.0,5.06,8.7
7030,2018-04-01,6.2,1009.9,7.0,5.236000000000001,8.7
7031,2018-04-01,6.5,1010.8,28.0,5.337999999999999,8.7
7032,2018-04-01,6.7,1011.7,93.0,5.599,8.7
7033,2018-04-01,7.2,1012.2,311.0,5.746,8.7
7034,2018-04-01,7.9,1012.6,63.0,5.76,8.7
7035,2018-04-01,8.4,1012.9,276.0,5.88,8.7
7036,2018-04-01,8.8,1013.1,343.0,6.263999999999999,8.7
7037,2018-04-01,9.2,1013.0,214.0,6.074,8.7
7038,2018-04-01,10.1,1013.0,200.0,6.7620000000000005,8.7
7039,2018-04-01,11.9,1012.6,571.0,7.388,8.7
7040,2018-04-01,12.1,1012.1,269.0,7.47,8.7
7041,2018-04-01,11.7,1012.1,77.0,7.1160000000000005,8.7
7042,2018-04-01,10.5,1012.1,18.0,6.7,8.7
7043,2018-04-01,10.3,1012.0,0.0,6.74,8.7
7044,2018-04-01,10.5,1011.8,0.0,7.185,8.7
7045,2018-04-01,9.7,1011.6,0.0,6.787999999999999,8.7
7046,2018-04-02,9.8,1011.3,0.0,6.9639999999999995,8.7
7047,2018-04-02,9.8,1010.8,0.0,6.9639999999999995,8.6
7048,2018-04-02,10.0,1010.0,0.0,7.047000000000001,8.6
7049,2018-04-02,9.6,1009.4,0.0,7.067,8.6
7050,2018-04-02,9.8,1008.4,0.0,7.148,8.6
7051,2018-04-02,9.2,1007.4,0.0,6.564,8.6
7052,2018-04-02,9.5,1006.4,0.0,6.525,8.6
7053,2018-04-02,9.3,1005.8,0.0,6.5489999999999995,8.6
7054,2018-04-02,9.2,1005.3,14.0,6.367999999999999,8.6
7055,2018-04-02,10.2,1004.6,132.0,7.028,8.6
7056,2018-04-02,11.5,1004.3,197.0,7.805,8.6
7057,2018-04-02,12.5,1003.9,269.0,8.32,8.6
7058,2018-04-02,14.7,1003.5,559.0,9.39,8.6
7059,2018-04-02,15.8,1002.6,299.0,9.918,8.6
7060,2018-04-02,15.9,1001.3,301.0,10.53,8.6
7061,2018-04-02,17.2,1000.1,329.0,11.48,8.6
7062,2018-04-02,17.6,999.7,316.0,11.966,8.6
7063,2018-04-02,15.7,999.7,137.0,11.769,8.6
7064,2018-04-02,14.8,999.5,77.0,11.72,8.6
7065,2018-04-02,14.2,999.1,37.0,11.56,8.6
7066,2018-04-02,13.7,998.8,0.0,11.385,8.6
7067,2018-04-02,13.6,998.8,0.0,11.175999999999998,8.6
7068,2018-04-02,13.3,999.5,0.0,11.179,8.6
7069,2018-04-02,12.6,999.4,0.0,11.04,8.6
7070,2018-04-03,12.7,999.6,0.0,10.9,8.6
7071,2018-04-03,12.5,999.3,0.0,10.595,11.85
7072,2018-04-03,12.8,999.4,0.0,10.892000000000001,11.85
7073,2018-04-03,12.9,999.2,0.0,10.991,11.85
7074,2018-04-03,12.7,999.1,0.0,10.472000000000001,11.85
7075,2018-04-03,12.7,999.2,0.0,10.365,11.85
7076,2018-04-03,12.4,999.0,0.0,9.976,11.85
7077,2018-04-03,12.4,999.0,0.0,9.767999999999999,11.85
7078,2018-04-03,11.8,998.9,16.0,9.314,11.85
7079,2018-04-03,11.4,999.4,51.0,9.318,11.85
7080,2018-04-03,12.7,999.4,200.0,10.258,11.85
7081,2018-04-03,12.5,999.6,255.0,10.385,11.85
7082,2018-04-03,13.6,999.6,279.0,11.072000000000001,11.85
7083,2018-04-03,13.8,999.6,163.0,11.184000000000001,11.85
7084,2018-04-03,14.4,999.1,137.0,11.72,11.85
7085,2018-04-03,14.9,998.5,213.0,12.12,11.85
7086,2018-04-03,15.1,997.7,227.0,12.888,11.85
7087,2018-04-03,14.5,997.4,49.0,12.96,11.85
7088,2018-04-03,9.9,998.8,72.0,9.017999999999999,11.85
7089,2018-04-03,11.3,998.2,40.0,10.109,11.85
7090,2018-04-03,11.4,998.8,16.0,10.03,11.85
7091,2018-04-03,10.1,999.8,0.0,8.786,11.85
7092,2018-04-03,10.5,1000.1,0.0,9.125,11.85
7093,2018-04-03,9.8,1000.3,0.0,8.45,11.85
7094,2018-04-04,9.8,1000.5,0.0,8.45,11.85
7095,2018-04-04,9.6,999.8,0.0,8.452,12.15
7096,2018-04-04,9.8,1000.2,0.0,8.45,12.15
7097,2018-04-04,9.9,999.4,0.0,8.786,12.15
7098,2018-04-04,9.7,999.7,0.0,8.452,12.15
7099,2018-04-04,9.7,999.7,0.0,8.452,12.15
7100,2018-04-04,9.7,999.7,0.0,8.452,12.15
7101,2018-04-04,9.7,999.7,0.0,8.452,12.15
7102,2018-04-04,9.7,999.7,0.0,8.452,12.15
7103,2018-04-04,10.5,998.3,137.0,9.645,12.15
7104,2018-04-04,11.4,998.8,141.0,10.202,12.15
7105,2018-04-04,13.1,998.6,548.0,10.65,12.15
7106,2018-04-04,14.7,998.8,747.0,11.12,12.15
7107,2018-04-04,13.8,999.3,403.0,9.91,12.15
7108,2018-04-04,13.9,999.1,343.0,9.89,12.15
7109,2018-04-04,13.9,999.0,257.0,9.89,12.15
7110,2018-04-04,12.9,998.7,98.0,10.119,12.15
7111,2018-04-04,11.3,998.8,216.0,9.488,12.15
7112,2018-04-04,11.7,998.8,408.0,9.9,12.15
7113,2018-04-04,12.2,999.3,93.0,10.196,12.15
7114,2018-04-04,11.3,999.8,16.0,9.686,12.15
7115,2018-04-04,10.9,1000.5,0.0,9.367,12.15
7116,2018-04-04,10.9,1001.5,0.0,9.545,12.15
7117,2018-04-04,10.7,1002.3,0.0,9.596,12.15
7118,2018-04-05,9.7,1003.4,0.0,8.772,12.15
7119,2018-04-05,9.6,1004.3,0.0,8.772,12.2
7120,2018-04-05,9.4,1005.2,0.0,8.696,12.2
7121,2018-04-05,9.4,1006.1,0.0,8.607999999999999,12.2
7122,2018-04-05,8.9,1007.0,0.0,8.1,12.2
7123,2018-04-05,7.7,1008.2,0.0,6.87,12.2
7124,2018-04-05,7.7,1009.4,0.0,6.1739999999999995,12.2
7125,2018-04-05,7.2,1010.5,0.0,5.352,12.2
7126,2018-04-05,6.8,1011.5,69.0,5.07,12.2
7127,2018-04-05,6.9,1012.8,135.0,5.2989999999999995,12.2
7128,2018-04-05,7.4,1014.1,151.0,5.388,12.2
7129,2018-04-05,7.8,1015.4,188.0,5.497999999999999,12.2
7130,2018-04-05,8.5,1016.1,872.0,5.528,12.2
7131,2018-04-05,9.1,1017.1,227.0,5.888,12.2
7132,2018-04-05,8.4,1017.5,387.0,5.792000000000001,12.2
7133,2018-04-05,9.2,1018.1,1132.0,5.78,12.2
7134,2018-04-05,9.8,1018.5,323.0,5.83,12.2
7135,2018-04-05,9.8,1018.7,285.0,5.915,12.2
7136,2018-04-05,10.1,1018.8,181.0,6.06,12.2
7137,2018-04-05,12.0,1018.7,144.0,7.2,12.2
7138,2018-04-05,11.0,1018.6,30.0,7.0,12.2
7139,2018-04-05,9.3,1019.0,0.0,5.777,12.2
7140,2018-04-05,8.6,1019.0,0.0,5.864,12.2
7141,2018-04-05,7.2,1018.7,0.0,4.688,12.2
7142,2018-04-06,7.3,1018.3,0.0,4.992,12.2
7143,2018-04-06,6.8,1018.0,0.0,4.8,10.75
7144,2018-04-06,6.6,1017.7,0.0,4.63,10.75
7145,2018-04-06,6.3,1017.0,0.0,4.46,10.75
7146,2018-04-06,5.1,1016.6,0.0,3.824,10.75
7147,2018-04-06,6.1,1015.6,0.0,4.51,10.75
7148,2018-04-06,6.1,1014.9,0.0,4.44,10.75
7149,2018-04-06,6.4,1014.5,0.0,4.48,10.75
7150,2018-04-06,5.4,1014.0,60.0,4.003,10.75
7151,2018-04-06,8.3,1013.8,250.0,6.03,10.75
7152,2018-04-06,10.2,1013.4,450.0,7.396,10.75
7153,2018-04-06,12.0,1012.7,608.0,8.565,10.75
7154,2018-04-06,14.1,1012.4,722.0,9.89,10.75
7155,2018-04-06,16.1,1011.6,791.0,10.86,10.75
7156,2018-04-06,17.2,1010.7,682.0,11.602,10.75
7157,2018-04-06,18.0,1010.0,654.0,12.239,10.75
7158,2018-04-06,19.2,1009.2,570.0,12.54,10.75
7159,2018-04-06,19.0,1008.3,371.0,12.15,10.75
7160,2018-04-06,19.2,1007.8,345.0,12.632,10.75
7161,2018-04-06,19.0,1007.2,123.0,12.41,10.75
7162,2018-04-06,17.7,1006.8,30.0,12.437999999999999,10.75
7163,2018-04-06,16.5,1006.8,0.0,11.82,10.75
7164,2018-04-06,15.7,1007.0,0.0,11.568,10.75
7165,2018-04-06,15.0,1006.9,0.0,11.4,10.75
7166,2018-04-07,14.1,1006.3,0.0,10.8,10.75
7167,2018-04-07,13.8,1005.9,0.0,10.62,12.75
7168,2018-04-07,13.4,1005.7,0.0,10.54,12.75
7169,2018-04-07,13.0,1005.5,0.0,10.21,12.75
7170,2018-04-07,13.4,1005.4,0.0,10.54,12.75
7171,2018-04-07,13.0,1005.5,0.0,9.98,12.75
7172,2018-04-07,12.9,1005.5,0.0,10.01,12.75
7173,2018-04-07,13.1,1005.7,0.0,9.97,12.75
7174,2018-04-07,13.2,1006.3,90.0,9.96,12.75
7175,2018-04-07,14.6,1006.8,192.0,10.64,12.75
7176,2018-04-07,17.0,1006.9,278.0,12.14,12.75
7177,2018-04-07,17.4,1007.4,253.0,12.776,12.75
7178,2018-04-07,16.9,1007.6,213.0,12.932,12.75
7179,2018-04-07,15.9,1007.4,320.0,13.288,12.75
7180,2018-04-07,19.4,1006.8,700.0,15.2,12.75
7181,2018-04-07,20.7,1006.7,719.0,15.852,12.75
7182,2018-04-07,20.5,1006.2,234.0,15.775,12.75
7183,2018-04-07,20.7,1006.1,288.0,15.806,12.75
7184,2018-04-07,20.5,1006.2,134.0,15.728,12.75
7185,2018-04-07,18.5,1006.0,60.0,14.76,12.75
7186,2018-04-07,17.8,1005.7,12.0,14.52,12.75
7187,2018-04-07,16.9,1006.3,0.0,14.057,12.75
7188,2018-04-07,16.0,1006.6,0.0,13.79,12.75
7189,2018-04-07,14.5,1006.8,0.0,12.6,12.75
7190,2018-04-08,13.9,1006.6,0.0,12.34,12.75
7191,2018-04-08,13.5,1006.5,0.0,12.1,13.0
7192,2018-04-08,13.0,1006.1,0.0,11.68,13.0
7193,2018-04-08,12.5,1005.8,0.0,11.34,13.0
7194,2018-04-08,12.2,1005.3,0.0,11.3,13.0
7195,2018-04-08,11.7,1005.6,0.0,11.114,13.0
7196,2018-04-08,11.1,1005.1,0.0,10.554,13.0
7197,2018-04-08,10.6,1004.8,0.0,10.13,13.0
7198,2018-04-08,10.7,1004.9,44.0,10.224,13.0
7199,2018-04-08,11.9,1004.3,193.0,11.504000000000001,13.0
7200,2018-04-08,15.0,1004.5,431.0,13.4,13.0
7201,2018-04-08,17.9,1004.4,585.0,14.52,13.0
7202,2018-04-08,19.5,1004.3,680.0,14.87,13.0
7203,2018-04-08,19.8,1004.2,299.0,14.708,13.0
7204,2018-04-08,21.1,1003.7,369.0,14.167,13.0
7205,2018-04-08,21.9,1003.7,271.0,13.42,13.0
7206,2018-04-08,22.6,1003.7,318.0,13.84,13.0
7207,2018-04-08,21.8,1003.5,199.0,13.107999999999999,13.0
7208,2018-04-08,18.6,1003.7,100.0,12.62,13.0
7209,2018-04-08,18.4,1004.9,37.0,12.842,13.0
7210,2018-04-08,17.6,1004.8,12.0,13.1,13.0
7211,2018-04-08,16.2,1005.6,0.0,12.43,13.0
7212,2018-04-08,15.2,1005.7,0.0,11.924000000000001,13.0
7213,2018-04-08,15.2,1006.3,0.0,12.24,13.0
7214,2018-04-09,14.4,1006.4,0.0,11.82,13.0
7215,2018-04-09,13.6,1005.6,0.0,11.28,17.75
7216,2018-04-09,13.6,1006.3,0.0,11.384,17.75
7217,2018-04-09,13.4,1006.1,0.0,11.388,17.75
7218,2018-04-09,13.4,1005.9,0.0,11.388,17.75
7219,2018-04-09,13.1,1005.8,0.0,11.7,17.75
7220,2018-04-09,12.8,1005.6,0.0,11.72,17.75
7221,2018-04-09,12.6,1005.5,0.0,11.7,17.75
7222,2018-04-09,12.3,1005.7,18.0,11.5,17.75
7223,2018-04-09,12.7,1005.9,58.0,11.8,17.75
7224,2018-04-09,13.3,1006.0,83.0,12.06,17.75
7225,2018-04-09,14.3,1006.0,120.0,12.34,17.75
7226,2018-04-09,13.9,1005.6,163.0,12.1,17.75
7227,2018-04-09,13.2,1005.4,72.0,11.72,17.75
7228,2018-04-09,11.8,1005.3,54.0,10.918,17.75
7229,2018-04-09,11.5,1005.1,60.0,10.835,17.75
7230,2018-04-09,11.2,1004.5,74.0,10.74,17.75
7231,2018-04-09,11.3,1003.7,83.0,10.835,17.75
7232,2018-04-09,11.9,1002.9,107.0,11.504000000000001,17.75
7233,2018-04-09,11.7,1002.3,60.0,10.924000000000001,17.75
7234,2018-04-09,11.8,1001.6,11.0,11.207,17.75
7235,2018-04-09,12.0,1001.7,0.0,11.6,17.75
7236,2018-04-09,12.2,1001.6,0.0,11.5,17.75
7237,2018-04-09,12.8,1001.3,0.0,11.9,17.75
7238,2018-04-10,12.5,1000.2,0.0,11.5,17.75
7239,2018-04-10,12.4,999.7,0.0,11.4,12.35
7240,2018-04-10,11.9,998.8,0.0,10.91,12.35
7241,2018-04-10,12.2,998.1,0.0,11.2,12.35
7242,2018-04-10,12.2,997.4,0.0,11.2,12.35
7243,2018-04-10,11.9,996.6,0.0,10.91,12.35
7244,2018-04-10,11.8,996.8,0.0,10.918,12.35
7245,2018-04-10,12.0,996.5,0.0,11.0,12.35
7246,2018-04-10,12.1,996.9,18.0,11.02,12.35
7247,2018-04-10,12.3,997.0,239.0,11.14,12.35
7248,2018-04-10,13.3,997.4,313.0,11.66,12.35
7249,2018-04-10,14.1,998.0,415.0,11.88,12.35
7250,2018-04-10,15.1,998.5,204.0,11.960999999999999,12.35
7251,2018-04-10,16.2,998.7,881.0,11.54,12.35
7252,2018-04-10,17.0,998.7,872.0,11.46,12.35
7253,2018-04-10,15.9,999.4,236.0,11.13,12.35
7254,2018-04-10,16.6,999.4,265.0,11.14,12.35
7255,2018-04-10,16.2,999.4,677.0,11.06,12.35
7256,2018-04-10,16.4,999.8,206.0,11.18,12.35
7257,2018-04-10,16.0,1000.1,137.0,11.1,12.35
7258,2018-04-10,15.3,1000.7,11.0,10.59,12.35
7259,2018-04-10,14.4,1001.2,0.0,10.8,12.35
7260,2018-04-10,12.9,1001.9,0.0,10.1,12.35
7261,2018-04-10,11.4,1001.9,0.0,9.224,12.35
7262,2018-04-11,11.2,1002.4,0.0,9.216000000000001,12.35
7263,2018-04-11,10.7,1002.6,0.0,8.9,14.2
7264,2018-04-11,9.7,1002.2,0.0,8.144,14.2
7265,2018-04-11,9.9,1002.4,0.0,8.209,14.2
7266,2018-04-11,9.8,1002.4,0.0,8.049,14.2
7267,2018-04-11,8.3,1002.6,0.0,6.8839999999999995,14.2
7268,2018-04-11,8.5,1002.7,0.0,7.22,14.2
7269,2018-04-11,8.1,1003.0,0.0,6.772,14.2
7270,2018-04-11,9.1,1003.2,83.0,7.641,14.2
7271,2018-04-11,11.4,1003.2,338.0,9.128,14.2
7272,2018-04-11,12.0,1003.5,446.0,9.3,14.2
7273,2018-04-11,16.2,1003.6,619.0,11.14,14.2
7274,2018-04-11,16.2,1003.7,779.0,11.02,14.2
7275,2018-04-11,17.2,1003.3,844.0,11.39,14.2
7276,2018-04-11,17.5,1002.8,874.0,11.75,14.2
7277,2018-04-11,17.9,1002.6,773.0,11.137,14.2
7278,2018-04-11,18.5,1002.1,684.0,11.285,14.2
7279,2018-04-11,18.4,1001.7,550.0,11.08,14.2
7280,2018-04-11,18.6,1001.2,169.0,11.03,14.2
7281,2018-04-11,18.5,1001.0,165.0,11.285,14.2
7282,2018-04-11,17.7,1000.9,58.0,11.107999999999999,14.2
7283,2018-04-11,16.1,1001.2,0.0,10.58,14.2
7284,2018-04-11,15.4,1001.4,0.0,10.05,14.2
7285,2018-04-11,14.6,1001.1,0.0,9.783999999999999,14.2
7286,2018-04-12,13.4,1000.7,0.0,9.144,14.2
7287,2018-04-12,12.7,1000.4,0.0,8.894,14.9
7288,2018-04-12,11.9,1000.0,0.0,9.209,14.9
7289,2018-04-12,10.9,999.6,0.0,8.833,14.9
7290,2018-04-12,10.3,999.2,0.0,8.666,14.9
7291,2018-04-12,9.5,999.1,0.0,8.225,14.9
7292,2018-04-12,9.2,998.7,0.0,8.0,14.9
7293,2018-04-12,8.7,998.6,0.0,7.596,14.9
7294,2018-04-12,8.9,998.5,51.0,7.8839999999999995,14.9
7295,2018-04-12,9.3,998.5,116.0,8.294,14.9
7296,2018-04-12,10.2,998.5,181.0,8.974,14.9
7297,2018-04-12,12.2,998.7,522.0,10.38,14.9
7298,2018-04-12,12.8,998.5,285.0,10.784,14.9
7299,2018-04-12,13.6,998.3,255.0,11.488,14.9
7300,2018-04-12,14.5,998.5,392.0,12.0,14.9
7301,2018-04-12,14.5,998.5,165.0,12.0,14.9
7302,2018-04-12,15.3,998.2,91.0,12.755,14.9
7303,2018-04-12,15.0,998.0,26.0,12.787,14.9
7304,2018-04-12,13.0,998.0,25.0,12.0,14.9
7305,2018-04-12,11.9,998.3,18.0,11.009,14.9
7306,2018-04-12,11.4,998.5,7.0,10.835999999999999,14.9
7307,2018-04-12,11.5,999.4,0.0,10.835,14.9
7308,2018-04-12,10.4,999.9,0.0,9.824,14.9
7309,2018-04-12,10.1,1000.2,0.0,9.605,14.9
7310,2018-04-13,10.3,1000.4,0.0,9.808,14.9
7311,2018-04-13,10.3,1000.7,0.0,9.815,11.6
7312,2018-04-13,10.1,1000.9,0.0,9.605,11.6
7313,2018-04-13,9.7,1001.4,0.0,9.136000000000001,11.6
7314,2018-04-13,10.8,1001.8,0.0,10.34,11.6
7315,2018-04-13,10.4,1002.0,0.0,9.824,11.6
7316,2018-04-13,10.6,1002.7,0.0,10.036,11.6
7317,2018-04-13,10.2,1003.3,0.0,9.718,11.6
7318,2018-04-13,11.3,1004.0,30.0,10.649000000000001,11.6
7319,2018-04-13,11.7,1004.6,91.0,10.647,11.6
7320,2018-04-13,12.8,1005.2,199.0,11.48,11.6
7321,2018-04-13,13.9,1005.9,570.0,11.898,11.6
7322,2018-04-13,15.7,1006.5,308.0,12.856,11.6
7323,2018-04-13,16.9,1006.8,378.0,13.347999999999999,11.6
7324,2018-04-13,16.8,1007.3,306.0,12.97,11.6
7325,2018-04-13,16.4,1008.2,552.0,12.728,11.6
7326,2018-04-13,15.7,1008.4,427.0,12.334000000000001,11.6
7327,2018-04-13,16.4,1008.7,148.0,12.964,11.6
7328,2018-04-13,18.3,1008.9,97.0,13.577,11.6
7329,2018-04-13,18.1,1008.9,213.0,13.177,11.6
7330,2018-04-13,16.8,1009.8,35.0,12.718,11.6
7331,2018-04-13,15.3,1010.6,0.0,12.204,11.6
7332,2018-04-13,14.3,1011.3,0.0,12.04,11.6
7333,2018-04-13,11.7,1012.0,0.0,10.328,11.6
7334,2018-04-14,10.4,1012.5,0.0,9.356,11.6
7335,2018-04-14,10.0,1012.9,0.0,9.2,13.55
7336,2018-04-14,9.7,1013.3,0.0,9.042,13.55
7337,2018-04-14,9.6,1013.5,0.0,8.76,13.55
7338,2018-04-14,9.8,1013.5,0.0,9.136000000000001,13.55
7339,2018-04-14,9.2,1013.5,0.0,8.696,13.55
7340,2018-04-14,9.2,1013.5,0.0,8.612,13.55
7341,2018-04-14,8.6,1014.1,0.0,8.06,13.55
7342,2018-04-14,9.0,1014.5,37.0,8.52,13.55
7343,2018-04-14,10.9,1015.1,69.0,9.901,13.55
7344,2018-04-14,11.8,1015.6,91.0,10.574000000000002,13.55
7345,2018-04-14,11.3,1015.7,121.0,10.37,13.55
7346,2018-04-14,12.5,1016.1,262.0,11.5,13.55
7347,2018-04-14,14.5,1016.2,376.0,13.14,13.55
7348,2018-04-14,15.4,1016.1,536.0,13.152000000000001,13.55
7349,2018-04-14,17.3,1015.9,392.0,13.943,13.55
7350,2018-04-14,16.8,1015.4,260.0,13.6,13.55
7351,2018-04-14,17.3,1014.9,327.0,13.815999999999999,13.55
7352,2018-04-14,17.7,1014.3,102.0,13.692,13.55
7353,2018-04-14,17.0,1014.3,174.0,13.67,13.55
7354,2018-04-14,17.0,1014.4,93.0,13.54,13.55
7355,2018-04-14,13.3,1015.1,0.0,11.68,13.55
7356,2018-04-14,12.3,1015.2,0.0,11.06,13.55
7357,2018-04-14,12.7,1015.0,0.0,11.46,13.55
7358,2018-04-15,12.3,1014.6,0.0,11.06,13.55
7359,2018-04-15,11.8,1014.3,0.0,10.574000000000002,13.75
7360,2018-04-15,11.2,1013.8,0.0,10.016,13.75
7361,2018-04-15,10.9,1013.5,0.0,9.812000000000001,13.75
7362,2018-04-15,10.2,1013.0,0.0,9.318,13.75
7363,2018-04-15,9.8,1012.9,0.0,9.128,13.75
7364,2018-04-15,9.3,1012.5,0.0,8.698,13.75
7365,2018-04-15,9.2,1012.3,5.0,8.78,13.75
7366,2018-04-15,10.0,1012.2,93.0,9.508,13.75
7367,2018-04-15,11.1,1012.0,234.0,10.372,13.75
7368,2018-04-15,13.3,1011.8,497.0,12.22,13.75
7369,2018-04-15,15.5,1011.6,417.0,12.925,13.75
7370,2018-04-15,16.8,1011.4,471.0,13.718,13.75
7371,2018-04-15,18.5,1010.9,585.0,14.11,13.75
7372,2018-04-15,18.1,1010.4,454.0,13.86,13.75
7373,2018-04-15,16.8,1010.2,315.0,13.095999999999998,13.75
7374,2018-04-15,18.7,1009.8,283.0,13.442,13.75
7375,2018-04-15,18.3,1009.2,399.0,13.71,13.75
7376,2018-04-15,17.3,1008.9,76.0,12.677,13.75
7377,2018-04-15,16.4,1009.1,56.0,13.06,13.75
7378,2018-04-15,16.3,1009.1,42.0,12.52,13.75
7379,2018-04-15,14.1,1009.8,0.0,11.56,13.75
7380,2018-04-15,12.9,1010.4,0.0,10.664000000000001,13.75
7381,2018-04-15,12.6,1010.7,0.0,10.588,13.75
7382,2018-04-16,11.9,1011.2,0.0,10.0,13.75
7383,2018-04-16,11.2,1011.3,0.0,9.407,14.1
7384,2018-04-16,10.6,1011.4,0.0,8.972000000000001,14.1
7385,2018-04-16,9.8,1011.7,0.0,8.45,14.1
7386,2018-04-16,9.4,1012.1,0.0,8.224,14.1
7387,2018-04-16,8.3,1012.5,0.0,7.58,14.1
7388,2018-04-16,7.9,1013.1,0.0,7.252000000000001,14.1
7389,2018-04-16,8.2,1013.4,0.0,7.64,14.1
7390,2018-04-16,8.0,1014.1,102.0,7.44,14.1
7391,2018-04-16,9.3,1014.9,144.0,8.526,14.1
7392,2018-04-16,10.0,1015.4,313.0,8.525,14.1
7393,2018-04-16,11.1,1015.9,241.0,9.389,14.1
7394,2018-04-16,13.5,1016.2,798.0,10.05,14.1
7395,2018-04-16,13.5,1016.3,320.0,9.69,14.1
7396,2018-04-16,14.5,1016.7,397.0,10.209,14.1
7397,2018-04-16,16.5,1016.6,279.0,11.3,14.1
7398,2018-04-16,15.8,1016.8,346.0,10.32,14.1
7399,2018-04-16,17.7,1016.7,485.0,11.704,14.1
7400,2018-04-16,16.9,1017.0,162.0,10.876,14.1
7401,2018-04-16,17.9,1017.1,315.0,11.36,14.1
7402,2018-04-16,16.1,1017.5,30.0,11.02,14.1
7403,2018-04-16,14.0,1018.3,0.0,10.32,14.1
7404,2018-04-16,12.8,1019.1,0.0,9.596,14.1
7405,2018-04-16,11.5,1019.4,0.0,9.128,14.1
7406,2018-04-17,11.7,1019.7,0.0,9.216000000000001,14.1
7407,2018-04-17,9.4,1019.9,0.0,7.925,13.6
7408,2018-04-17,10.4,1020.3,0.0,8.516,13.6
7409,2018-04-17,8.8,1020.5,0.0,7.524,13.6
7410,2018-04-17,8.2,1020.8,0.0,7.11,13.6
7411,2018-04-17,8.5,1021.1,0.0,7.108,13.6
7412,2018-04-17,8.9,1021.2,0.0,7.38,13.6
7413,2018-04-17,9.3,1021.4,7.0,7.622999999999999,13.6
7414,2018-04-17,10.8,1022.0,113.0,8.648,13.6
7415,2018-04-17,13.0,1022.4,320.0,10.32,13.6
7416,2018-04-17,16.3,1023.0,503.0,12.288,13.6
7417,2018-04-17,18.8,1023.6,545.0,13.094000000000001,13.6
7418,2018-04-17,19.9,1023.8,738.0,13.247,13.6
7419,2018-04-17,20.5,1023.7,798.0,13.71,13.6
7420,2018-04-17,21.6,1023.6,835.0,14.225,13.6
7421,2018-04-17,22.3,1023.6,789.0,14.569,13.6
7422,2018-04-17,22.2,1023.3,696.0,14.495999999999999,13.6
7423,2018-04-17,21.9,1023.3,552.0,14.267000000000001,13.6
7424,2018-04-17,22.0,1023.3,315.0,14.2,13.6
7425,2018-04-17,22.2,1023.5,232.0,14.192,13.6
7426,2018-04-17,21.3,1024.1,54.0,14.14,13.6
7427,2018-04-17,19.1,1024.7,0.0,13.168,13.6
7428,2018-04-17,17.3,1025.4,0.0,12.431,13.6
7429,2018-04-17,15.2,1025.7,0.0,11.655,13.6
7430,2018-04-18,13.8,1026.0,0.0,11.184000000000001,13.6
7431,2018-04-18,14.3,1026.3,0.0,11.4,15.15
7432,2018-04-18,14.8,1026.5,0.0,11.28,15.15
7433,2018-04-18,13.2,1026.6,0.0,10.644,15.15
7434,2018-04-18,11.7,1026.6,0.0,9.706,15.15
7435,2018-04-18,12.4,1026.9,0.0,9.965,15.15
7436,2018-04-18,10.6,1026.8,0.0,8.972000000000001,15.15
7437,2018-04-18,12.5,1027.0,7.0,10.175,15.15
7438,2018-04-18,12.5,1027.4,118.0,10.288,15.15
7439,2018-04-18,16.4,1027.7,332.0,12.288,15.15
7440,2018-04-18,19.0,1027.5,510.0,14.13,15.15
7441,2018-04-18,21.2,1027.5,657.0,14.254000000000001,15.15
7442,2018-04-18,22.0,1027.4,770.0,14.423,15.15
7443,2018-04-18,23.1,1026.8,759.0,15.24,15.15
7444,2018-04-18,24.2,1026.2,840.0,15.35,15.15
7445,2018-04-18,24.9,1025.6,721.0,16.18,15.15
7446,2018-04-18,25.0,1024.8,689.0,15.32,15.15
7447,2018-04-18,24.9,1024.1,492.0,15.43,15.15
7448,2018-04-18,24.9,1023.8,373.0,15.77,15.15
7449,2018-04-18,24.3,1023.7,176.0,16.45,15.15
7450,2018-04-18,23.8,1023.5,72.0,15.696,15.15
7451,2018-04-18,22.4,1023.4,0.0,14.642000000000001,15.15
7452,2018-04-18,21.7,1023.5,0.0,14.248,15.15
7453,2018-04-18,21.0,1023.2,0.0,13.8,15.15
7454,2018-04-19,19.9,1023.3,0.0,13.489,15.15
7455,2018-04-19,19.3,1023.2,0.0,13.207,16.25
7456,2018-04-19,17.9,1023.0,0.0,13.013,16.25
7457,2018-04-19,17.4,1022.7,0.0,12.776,16.25
7458,2018-04-19,17.0,1022.6,0.0,12.63,16.25
7459,2018-04-19,16.2,1022.4,0.0,12.202,16.25
7460,2018-04-19,15.5,1022.4,0.0,12.17,16.25
7461,2018-04-19,14.6,1022.5,7.0,11.64,16.25
7462,2018-04-19,14.5,1022.7,123.0,11.8,16.25
7463,2018-04-19,16.9,1022.9,352.0,13.347999999999999,16.25
7464,2018-04-19,20.8,1023.0,506.0,15.12,16.25
7465,2018-04-19,23.5,1023.1,666.0,16.324,16.25
7466,2018-04-19,25.1,1023.0,763.0,16.814,16.25
7467,2018-04-19,26.7,1023.1,823.0,17.618,16.25
7468,2018-04-19,27.3,1022.7,830.0,17.8,16.25
7469,2018-04-19,28.0,1022.7,789.0,17.24,16.25
7470,2018-04-19,28.7,1022.3,696.0,16.892,16.25
7471,2018-04-19,28.3,1022.0,555.0,17.084,16.25
7472,2018-04-19,28.4,1021.8,388.0,17.378,16.25
7473,2018-04-19,27.2,1021.6,74.0,17.1,16.25
7474,2018-04-19,26.5,1021.4,53.0,17.16,16.25
7475,2018-04-19,23.8,1021.6,0.0,16.679000000000002,16.25
7476,2018-04-19,20.9,1022.1,0.0,15.72,16.25
7477,2018-04-19,19.0,1022.3,0.0,14.9,16.25
7478,2018-04-20,21.3,1022.1,0.0,15.700999999999999,16.25
7479,2018-04-20,19.8,1022.1,0.0,15.182,19.7
7480,2018-04-20,17.9,1022.1,0.0,14.34,19.7
7481,2018-04-20,15.9,1021.8,0.0,13.700999999999999,19.7
7482,2018-04-20,15.5,1021.9,0.0,13.345,19.7
7483,2018-04-20,16.9,1021.8,0.0,14.057,19.7
7484,2018-04-20,14.9,1021.6,0.0,13.017999999999999,19.7
7485,2018-04-20,14.3,1021.8,9.0,12.872,19.7
7486,2018-04-20,15.6,1022.0,120.0,13.56,19.7
7487,2018-04-20,19.0,1022.0,320.0,14.76,19.7
7488,2018-04-20,21.7,1022.2,499.0,15.992,19.7
7489,2018-04-20,24.0,1022.3,638.0,17.63,19.7
7490,2018-04-20,26.9,1022.3,751.0,18.48,19.7
7491,2018-04-20,26.9,1021.9,814.0,17.03,19.7
7492,2018-04-20,26.6,1021.7,828.0,16.858,19.7
7493,2018-04-20,27.1,1021.5,775.0,16.82,19.7
7494,2018-04-20,27.4,1020.9,698.0,16.82,19.7
7495,2018-04-20,27.6,1020.2,570.0,15.912,19.7
7496,2018-04-20,27.2,1019.6,167.0,16.68,19.7
7497,2018-04-20,27.0,1019.6,237.0,16.54,19.7
7498,2018-04-20,26.2,1019.7,76.0,16.724,19.7
7499,2018-04-20,23.9,1020.1,0.0,15.55,19.7
7500,2018-04-20,22.4,1020.5,0.0,15.412,19.7
7501,2018-04-20,21.2,1020.5,0.0,15.34,19.7
7502,2018-04-21,20.2,1020.5,0.0,15.03,19.7
7503,2018-04-21,18.9,1020.3,0.0,14.544,21.1
7504,2018-04-21,17.9,1020.3,0.0,14.368,21.1
7505,2018-04-21,17.8,1020.1,0.0,14.276,21.1
7506,2018-04-21,17.1,1019.8,0.0,13.89,21.1
7507,2018-04-21,16.5,1019.7,0.0,13.53,21.1
7508,2018-04-21,15.8,1019.5,0.0,13.18,21.1
7509,2018-04-21,15.4,1019.6,11.0,13.048,21.1
7510,2018-04-21,16.7,1019.7,125.0,13.968,21.1
7511,2018-04-21,19.7,1019.6,338.0,15.425,21.1
7512,2018-04-21,22.1,1019.6,441.0,16.332,21.1
7513,2018-04-21,24.0,1019.5,656.0,16.679000000000002,21.1
7514,2018-04-21,24.6,1019.3,689.0,16.936,21.1
7515,2018-04-21,25.4,1018.7,840.0,16.544,21.1
7516,2018-04-21,26.2,1018.0,842.0,16.816,21.1
7517,2018-04-21,26.6,1017.4,791.0,16.664,21.1
7518,2018-04-21,27.4,1016.5,668.0,17.03,21.1
7519,2018-04-21,27.7,1015.2,561.0,16.82,21.1
7520,2018-04-21,27.2,1014.8,385.0,16.68,21.1
7521,2018-04-21,26.8,1014.3,84.0,16.61,21.1
7522,2018-04-21,25.4,1013.9,49.0,16.19,21.1
7523,2018-04-21,24.0,1014.1,0.0,15.55,21.1
7524,2018-04-21,22.8,1013.8,0.0,15.25,21.1
7525,2018-04-21,21.7,1013.5,0.0,14.982999999999999,21.1
7526,2018-04-22,20.5,1013.1,0.0,14.49,21.1
7527,2018-04-22,19.9,1013.1,0.0,14.265,20.95
7528,2018-04-22,19.5,1012.8,0.0,14.06,20.95
7529,2018-04-22,18.4,1012.0,0.0,14.164000000000001,20.95
7530,2018-04-22,18.0,1011.8,0.0,13.86,20.95
7531,2018-04-22,18.4,1011.3,0.0,14.42,20.95
7532,2018-04-22,17.6,1010.7,0.0,14.34,20.95
7533,2018-04-22,17.4,1010.4,11.0,14.392000000000001,20.95
7534,2018-04-22,16.6,1010.8,141.0,14.212,20.95
7535,2018-04-22,19.0,1010.8,239.0,15.6,20.95
7536,2018-04-22,19.5,1010.9,392.0,15.815,20.95
7537,2018-04-22,23.0,1010.8,345.0,17.8,20.95
7538,2018-04-22,23.1,1010.9,666.0,17.23,20.95
7539,2018-04-22,25.3,1010.5,812.0,17.734,20.95
7540,2018-04-22,25.5,1010.2,824.0,16.45,20.95
7541,2018-04-22,26.3,1010.2,786.0,17.266,20.95
7542,2018-04-22,26.2,1009.9,693.0,16.902,20.95
7543,2018-04-22,25.7,1009.7,559.0,16.54,20.95
7544,2018-04-22,26.1,1009.8,374.0,17.366,20.95
7545,2018-04-22,25.1,1009.9,93.0,16.633,20.95
7546,2018-04-22,23.4,1010.4,12.0,16.55,20.95
7547,2018-04-22,19.2,1010.5,0.0,15.325999999999999,20.95
7548,2018-04-22,19.8,1011.3,0.0,15.632,20.95
7549,2018-04-22,19.4,1011.8,0.0,15.607999999999999,20.95
7550,2018-04-23,19.4,1012.3,0.0,15.607999999999999,20.95
7551,2018-04-23,18.4,1012.5,0.0,15.06,21.2
7552,2018-04-23,16.8,1013.3,0.0,13.718,21.2
7553,2018-04-23,15.2,1013.6,0.0,12.874,21.2
7554,2018-04-23,14.4,1014.2,0.0,12.42,21.2
7555,2018-04-23,13.4,1014.4,0.0,11.494000000000002,21.2
7556,2018-04-23,12.6,1014.7,0.0,9.74,21.2
7557,2018-04-23,12.0,1015.2,7.0,9.8,21.2
7558,2018-04-23,11.6,1016.2,44.0,10.066,21.2
7559,2018-04-23,12.2,1016.6,262.0,10.72,21.2
7560,2018-04-23,12.8,1017.3,134.0,10.9,21.2
7561,2018-04-23,12.8,1018.0,186.0,11.16,21.2
7562,2018-04-23,13.3,1018.1,383.0,11.392999999999999,21.2
7563,2018-04-23,13.3,1018.1,383.0,11.392999999999999,21.2
7564,2018-04-23,13.3,1018.1,383.0,11.392999999999999,21.2
7565,2018-04-23,16.8,1017.9,482.0,12.42,21.2
7566,2018-04-23,17.8,1017.6,308.0,12.915999999999999,21.2
7567,2018-04-23,17.4,1017.4,178.0,12.652000000000001,21.2
7568,2018-04-23,17.8,1017.4,309.0,12.788,21.2
7569,2018-04-23,16.9,1017.4,232.0,12.548,21.2
7570,2018-04-23,16.4,1017.5,49.0,12.492,21.2
7571,2018-04-23,15.2,1017.9,0.0,11.806,21.2
7572,2018-04-23,14.4,1018.5,0.0,11.52,21.2
7573,2018-04-23,12.8,1019.2,0.0,10.46,21.2
7574,2018-04-24,11.5,1019.4,0.0,9.7,21.2
7575,2018-04-24,11.2,1019.4,0.0,9.488,17.9
7576,2018-04-24,10.6,1019.4,0.0,9.058,17.9
7577,2018-04-24,9.4,1019.1,0.0,8.298,17.9
7578,2018-04-24,9.2,1018.9,0.0,8.288,17.9
7579,2018-04-24,8.6,1018.8,0.0,7.7,17.9
7580,2018-04-24,8.6,1018.7,0.0,7.8,17.9
7581,2018-04-24,8.6,1018.7,9.0,7.644,17.9
7582,2018-04-24,8.8,1019.2,146.0,7.824,17.9
7583,2018-04-24,11.7,1019.1,278.0,9.9,17.9
7584,2018-04-24,14.5,1019.0,529.0,10.96,17.9
7585,2018-04-24,14.3,1019.2,659.0,11.2,17.9
7586,2018-04-24,15.7,1019.1,749.0,11.882,17.9
7587,2018-04-25,14.1,1012.4,0.0,11.88,10.8
7588,2018-04-25,13.3,1012.2,0.0,11.5,10.8
7589,2018-04-25,12.7,1012.3,0.0,11.14,10.8
7590,2018-04-25,12.3,1012.3,0.0,10.82,10.8
7591,2018-04-25,12.0,1012.5,0.0,10.6,10.8
7592,2018-04-25,11.5,1012.8,0.0,10.295,10.8
7593,2018-04-25,11.1,1012.9,7.0,10.012,10.8
7594,2018-04-25,11.4,1013.5,54.0,10.288,10.8
7595,2018-04-25,12.1,1014.1,114.0,10.68,10.8
7596,2018-04-25,12.8,1014.5,216.0,11.32,10.8
7597,2018-04-25,13.7,1014.6,204.0,11.86,10.8
7598,2018-04-25,11.9,1015.1,79.0,10.92,10.8
7599,2018-04-25,11.8,1015.5,461.0,11.114,10.8
7600,2018-04-25,14.2,1014.9,566.0,12.08,10.8
7601,2018-04-25,14.1,1015.4,492.0,11.6,10.8
7602,2018-04-25,14.5,1015.3,795.0,11.08,10.8
7603,2018-04-25,14.9,1014.9,221.0,10.600999999999999,10.8
7604,2018-04-25,15.4,1014.8,132.0,10.68,10.8
7605,2018-04-25,14.9,1015.1,306.0,9.814,10.8
7606,2018-04-25,14.5,1015.3,76.0,9.48,10.8
7607,2018-04-25,13.3,1016.0,0.0,8.846,10.8
7608,2018-04-25,12.3,1016.8,0.0,8.34,10.8
7609,2018-04-25,11.5,1017.3,0.0,7.78,10.8
7610,2018-04-26,10.9,1017.7,0.0,7.517,10.8
7611,2018-04-26,10.0,1018.1,0.0,7.31,12.15
7612,2018-04-26,9.1,1018.5,0.0,7.125,12.15
7613,2018-04-26,8.2,1018.8,0.0,6.45,12.15
7614,2018-04-26,7.7,1019.0,0.0,6.348,12.15
7615,2018-04-26,7.6,1019.2,0.0,6.244,12.15
7616,2018-04-26,6.4,1019.2,0.0,5.5,12.15
7617,2018-04-26,6.1,1019.4,18.0,5.29,12.15
7618,2018-04-26,7.1,1019.5,158.0,6.047999999999999,12.15
7619,2018-04-26,8.8,1019.8,374.0,7.4079999999999995,12.15
7620,2018-04-26,10.0,1020.0,388.0,7.8,12.15
7621,2018-04-26,10.6,1020.3,123.0,8.112,12.15
7622,2018-04-26,11.5,1020.4,889.0,7.724,12.15
7623,2018-04-26,12.3,1019.8,984.0,8.17,12.15
7624,2018-04-26,13.1,1019.6,970.0,8.18,12.15
7625,2018-04-26,13.8,1019.4,1097.0,8.402000000000001,12.15
7626,2018-04-26,14.6,1019.0,241.0,8.937999999999999,12.15
7627,2018-04-26,14.8,1018.5,294.0,9.012,12.15
7628,2018-04-26,15.2,1018.0,415.0,9.464,12.15
7629,2018-04-26,15.0,1017.7,171.0,9.27,12.15
7630,2018-04-26,14.2,1017.5,60.0,8.922,12.15
7631,2018-04-26,12.9,1017.2,0.0,8.37,12.15
7632,2018-04-26,12.0,1017.3,0.0,8.21,12.15
7633,2018-04-26,10.6,1016.7,0.0,8.026,12.15
7634,2018-04-27,10.2,1016.3,0.0,7.744,12.15
7635,2018-04-27,9.1,1016.0,0.0,7.303,13.35
7636,2018-04-27,8.1,1015.2,0.0,6.507999999999999,13.35
7637,2018-04-27,9.1,1014.1,0.0,7.32,13.35
7638,2018-04-27,9.4,1013.2,0.0,7.522,13.35
7639,2018-04-27,8.4,1012.2,0.0,6.78,13.35
7640,2018-04-27,8.8,1011.1,0.0,6.99,13.35
7641,2018-04-27,7.9,1010.7,14.0,6.21,13.35
7642,2018-04-27,9.7,1010.2,158.0,7.409,13.35
7643,2018-04-27,12.0,1009.7,258.0,9.11,13.35
7644,2018-04-27,0.0,0.0,32767.0,0.0,13.35
7645,2018-04-27,15.7,1009.2,605.0,10.71,13.35
7646,2018-04-27,15.7,1009.2,605.0,10.71,13.35
7647,2018-04-27,0.0,0.0,0.0,-6.0,13.35
7648,2018-04-27,20.7,1005.8,1037.0,12.767000000000001,13.35
7649,2018-04-27,19.4,1005.5,1046.0,12.125,13.35
7650,2018-04-27,18.6,1005.5,434.0,12.095,13.35
7651,2018-04-27,19.0,1005.1,181.0,12.478,13.35
7652,2018-04-27,18.8,1005.2,142.0,12.548,13.35
7653,2018-04-27,17.5,1005.7,56.0,11.48,13.35
7654,2018-04-27,15.2,1006.8,49.0,9.664,13.35
7655,2018-04-27,14.2,1007.4,0.0,9.488,13.35
7656,2018-04-27,13.7,1008.2,0.0,9.357999999999999,13.35
7657,2018-04-27,13.3,1008.3,0.0,9.23,13.35
7658,2018-04-28,12.9,1008.6,0.0,9.296,13.35
7659,2018-04-28,12.3,1008.8,0.0,9.244,13.55
7660,2018-04-28,11.5,1009.0,0.0,9.605,13.55
7661,2018-04-28,10.6,1008.8,0.0,9.23,13.55
7662,2018-04-28,10.7,1009.0,0.0,9.335,13.55
7663,2018-04-28,10.6,1009.3,0.0,9.316,13.55
7664,2018-04-28,10.5,1009.1,0.0,9.21,13.55
7665,2018-04-28,10.2,1009.5,16.0,8.974,13.55
7666,2018-04-28,10.7,1010.2,49.0,9.422,13.55
7667,2018-04-28,11.2,1010.5,186.0,9.664,13.55
7668,2018-04-28,12.7,1010.4,214.0,10.027999999999999,13.55
7669,2018-04-28,14.6,1010.9,304.0,11.0,13.55
7670,2018-04-28,14.7,1011.0,302.0,10.56,13.55
7671,2018-04-28,16.0,0.0,32767.0,15.68,13.55
7672,2018-04-28,16.0,0.0,32767.0,15.68,13.55
7673,2018-04-28,16.0,0.0,32767.0,15.68,13.55
7674,2018-04-28,16.0,0.0,32767.0,15.68,13.55
7675,2018-04-28,16.0,0.0,32767.0,15.68,13.55
7676,2018-04-28,16.0,0.0,32767.0,15.68,13.55
7677,2018-04-28,16.0,0.0,32767.0,15.68,13.55
7678,2018-04-28,16.0,0.0,32767.0,15.68,13.55
7679,2018-04-28,16.0,0.0,32767.0,15.68,13.55
7680,2018-04-28,16.0,0.0,32767.0,15.68,13.55
7681,2018-04-28,16.0,0.0,32767.0,15.68,13.55
7682,2018-04-29,16.0,0.0,32767.0,15.68,13.55
7683,2018-04-29,16.0,0.0,32767.0,15.68,8.0
7684,2018-04-29,16.0,0.0,32767.0,15.68,8.0
7685,2018-04-29,16.0,0.0,32767.0,15.68,8.0
7686,2018-04-29,16.0,0.0,32767.0,15.68,8.0
7687,2018-04-29,16.0,0.0,32767.0,15.68,8.0
7688,2018-04-29,16.0,0.0,32767.0,15.68,8.0
7689,2018-04-29,16.0,0.0,32767.0,15.68,8.0
7690,2018-04-29,16.0,0.0,32767.0,15.68,8.0
7691,2018-04-29,16.0,0.0,32767.0,15.68,8.0
7692,2018-04-29,16.0,0.0,32767.0,15.68,8.0
7693,2018-04-29,16.0,0.0,32767.0,15.68,8.0
7694,2018-04-29,10.6,1004.3,104.0,9.574,8.0
7695,2018-04-29,10.7,1003.5,192.0,9.77,8.0
7696,2018-04-29,10.7,1003.3,67.0,9.863,8.0
7697,2018-04-29,10.9,1002.8,79.0,10.172,8.0
7698,2018-04-29,10.9,1002.1,47.0,10.263,8.0
7699,2018-04-29,11.3,1001.6,62.0,10.37,8.0
7700,2018-04-29,11.4,1000.9,79.0,10.46,8.0
7701,2018-04-29,10.9,1000.2,23.0,10.081,8.0
7702,2018-04-29,10.2,998.9,14.0,9.71,8.0
7703,2018-04-29,10.0,998.8,0.0,9.6,8.0
7704,2018-04-29,10.0,998.5,0.0,9.6,8.0
7705,2018-04-29,9.9,998.2,0.0,9.606,8.0
7706,2018-04-30,9.8,997.6,0.0,9.418,8.0
7707,2018-04-30,9.6,996.7,0.0,9.324,8.0
7708,2018-04-30,9.3,997.3,0.0,9.042,8.0
7709,2018-04-30,9.0,996.6,0.0,8.76,8.0
7710,2018-04-30,8.7,996.2,0.0,8.36,8.0
7711,2018-04-30,8.6,996.2,0.0,8.36,8.0
7712,2018-04-30,8.3,996.2,0.0,8.06,8.0
7713,2018-04-30,7.1,996.5,5.0,6.848,8.0
7714,2018-04-30,5.6,997.6,47.0,5.0680000000000005,8.0
7715,2018-04-30,4.6,998.4,76.0,4.082,8.0
7716,2018-04-30,4.6,999.3,79.0,4.156000000000001,8.0
7717,2018-04-30,16.0,0.0,32767.0,15.68,8.0
7718,2018-04-30,4.7,1000.8,95.0,4.262,8.0
7719,2018-04-30,5.0,1001.8,116.0,4.58,8.0
7720,2018-04-30,5.3,1002.8,156.0,4.862,8.0
7721,2018-04-30,5.0,1003.9,109.0,4.603,8.0
7722,2018-04-30,4.7,1004.8,81.0,4.262,8.0
7723,2018-04-30,4.9,1005.7,76.0,4.4030000000000005,8.0
7724,2018-04-30,4.8,1006.5,58.0,4.296,8.0
7725,2018-04-30,4.7,1007.4,30.0,4.189,8.0
7726,2018-04-30,4.8,1008.3,14.0,4.368,8.0
7727,2018-04-30,4.9,1009.4,0.0,4.474,8.0
7728,2018-04-30,4.9,1010.5,0.0,4.4030000000000005,8.0
7729,2018-04-30,4.8,1011.1,0.0,4.296,8.0
7730,2018-05-01,4.6,1011.7,0.0,4.262,8.0
7731,2018-05-01,4.5,1011.9,0.0,4.125,8.0
7732,2018-05-01,4.7,1011.8,0.0,4.23,8.0
7733,2018-05-01,4.3,1011.8,0.0,3.915,8.0
7734,2018-05-01,4.3,1011.8,0.0,3.992,8.0
7735,2018-05-01,4.2,1012.1,0.0,3.888,8.0
7736,2018-05-01,3.7,1012.3,0.0,3.392,8.0
7737,2018-05-01,3.3,1012.5,28.0,3.008,8.0
7738,2018-05-01,3.8,1013.0,76.0,3.488,8.0
7739,2018-05-01,4.8,1013.3,178.0,4.408,8.0
7740,2018-05-01,7.2,1013.5,346.0,6.672000000000001,8.0
7741,2018-05-01,9.7,1013.6,462.0,8.067,8.0
7742,2018-05-01,10.4,1013.7,954.0,7.478,8.0
7743,2018-05-01,10.8,1013.6,1009.0,7.6160000000000005,8.0
7744,2018-05-01,12.9,1013.4,1081.0,8.28,8.0
7745,2018-05-01,13.2,1013.2,236.0,8.368,8.0
7746,2018-05-01,13.5,1012.8,413.0,8.556000000000001,8.0
7747,2018-05-01,12.5,1012.5,301.0,8.05,8.0
7748,2018-05-01,12.2,1012.4,193.0,7.81,8.0
7749,2018-05-01,11.9,1012.4,97.0,7.747000000000001,8.0
7750,2018-05-01,12.0,1012.3,39.0,8.01,8.0
7751,2018-05-01,10.8,1012.4,5.0,7.532,8.0
7752,2018-05-01,9.2,1012.5,0.0,6.76,8.0
7753,2018-05-01,7.9,1012.8,0.0,5.848,8.0
7754,2018-05-02,7.4,1012.5,0.0,5.544,8.0
7755,2018-05-02,6.8,1012.5,0.0,5.14,7.1
7756,2018-05-02,6.5,1012.3,0.0,4.894,7.1
7757,2018-05-02,6.2,1011.9,0.0,4.803999999999999,7.1
7758,2018-05-02,4.5,1011.5,0.0,3.555,7.1
7759,2018-05-02,5.1,1011.6,0.0,3.9019999999999997,7.1
7760,2018-05-02,4.9,1011.5,0.0,3.702,7.1
7761,2018-05-02,5.3,1011.5,26.0,3.984,7.1
7762,2018-05-02,7.4,1011.3,213.0,5.524,7.1
7763,2018-05-02,10.2,1011.0,417.0,7.571000000000001,7.1
7764,2018-05-02,13.8,1010.7,615.0,9.568,7.1
7765,2018-05-02,14.3,1010.9,684.0,9.636000000000001,7.1
7766,2018-05-02,16.3,1010.7,846.0,10.302,7.1
7767,2018-05-02,16.7,1010.5,1013.0,10.527999999999999,7.1
7768,2018-05-02,17.7,1010.2,932.0,10.915999999999999,7.1
7769,2018-05-02,16.1,1009.9,343.0,10.522,7.1
7770,2018-05-02,15.5,1009.6,564.0,10.2,7.1
7771,2018-05-02,16.2,1009.4,290.0,10.94,7.1
7772,2018-05-02,15.6,1009.4,322.0,10.89,7.1
7773,2018-05-02,14.8,1009.9,172.0,10.600999999999999,7.1
7774,2018-05-02,13.7,1010.6,35.0,10.5,7.1
7775,2018-05-02,12.0,1011.4,5.0,10.36,7.1
7776,2018-05-02,11.7,1012.1,0.0,10.232000000000001,7.1
7777,2018-05-02,10.8,1012.4,0.0,10.064,7.1
7778,2018-05-03,10.4,1012.7,0.0,9.02,7.1
7779,2018-05-03,10.0,1013.1,0.0,8.68,10.6
7780,2018-05-03,9.7,1013.4,0.0,8.529,10.6
7781,2018-05-03,8.8,1013.5,0.0,7.956,10.6
7782,2018-05-03,7.8,1014.0,0.0,7.171,10.6
7783,2018-05-03,7.1,1014.4,0.0,6.388,10.6
7784,2018-05-03,6.6,1015.1,0.0,5.997999999999999,10.6
7785,2018-05-03,6.3,1015.8,28.0,5.707999999999999,10.6
7786,2018-05-03,7.4,1016.1,199.0,6.604,10.6
7787,2018-05-03,9.1,1016.5,404.0,7.996,10.6
7788,2018-05-03,11.2,1017.0,570.0,8.94,10.6
7789,2018-05-03,12.9,1017.3,803.0,9.177,10.6
7790,2018-05-03,13.9,1017.6,858.0,9.242,10.6
7791,2018-05-03,14.6,1017.6,1018.0,9.206,10.6
7792,2018-05-03,14.6,1017.4,960.0,9.164,10.6
7793,2018-05-03,15.8,1017.2,872.0,9.516,10.6
7794,2018-05-03,15.5,1017.2,828.0,9.425,10.6
7795,2018-05-03,15.6,1017.1,675.0,9.5,10.6
7796,2018-05-03,15.5,1017.4,123.0,9.55,10.6
7797,2018-05-03,14.9,1017.7,127.0,9.53,10.6
7798,2018-05-03,14.3,1018.2,60.0,9.222999999999999,10.6
7799,2018-05-03,13.3,1019.1,14.0,8.942,10.6
7800,2018-05-03,11.5,1019.6,0.0,8.75,10.6
7801,2018-05-03,10.3,1019.9,0.0,8.085,10.6
7802,2018-05-04,9.6,1020.4,0.0,7.6579999999999995,10.6
7803,2018-05-04,8.9,1020.5,0.0,7.2,10.2
7804,2018-05-04,8.4,1020.2,0.0,6.862,10.2
7805,2018-05-04,7.9,1020.1,0.0,6.377999999999999,10.2
7806,2018-05-04,7.6,1020.4,0.0,6.1579999999999995,10.2
7807,2018-05-04,7.2,1020.3,0.0,5.746,10.2
7808,2018-05-04,6.8,1020.3,0.0,5.374,10.2
7809,2018-05-04,6.7,1020.5,30.0,5.291,10.2
7810,2018-05-04,7.8,1020.5,193.0,6.1,10.2
7811,2018-05-04,9.7,1020.9,396.0,7.492000000000001,10.2
7812,2018-05-04,11.9,1020.8,573.0,8.674,10.2
7813,2018-05-04,13.8,1020.6,728.0,9.674,10.2
7814,2018-05-04,15.0,1020.7,828.0,9.72,10.2
7815,2018-05-04,15.6,1020.4,877.0,9.925,10.2
7816,2018-05-04,16.9,1019.9,884.0,10.744000000000002,10.2
7817,2018-05-04,17.8,1019.9,847.0,11.415,10.2
7818,2018-05-04,17.8,1019.5,754.0,10.970999999999998,10.2
7819,2018-05-04,18.3,1019.3,622.0,11.421,10.2
7820,2018-05-04,18.2,1019.4,454.0,11.284,10.2
7821,2018-05-04,17.9,1019.5,279.0,11.137,10.2
7822,2018-05-04,17.4,1019.7,95.0,10.99,10.2
7823,2018-05-04,16.0,1019.9,11.0,10.62,10.2
7824,2018-05-04,14.7,1020.7,0.0,10.209,10.2
7825,2018-05-04,13.5,1021.0,0.0,9.92,10.2
7826,2018-05-05,12.0,1021.2,0.0,9.8,10.2
7827,2018-05-05,11.5,1020.8,0.0,9.51,12.4
7828,2018-05-05,10.8,1020.6,0.0,9.088,12.4
7829,2018-05-05,10.2,1020.4,0.0,8.666,12.4
7830,2018-05-05,9.8,1020.3,0.0,8.294,12.4
7831,2018-05-05,9.5,1020.4,0.0,8.15,12.4
7832,2018-05-05,9.3,1020.2,0.0,7.928999999999999,12.4
7833,2018-05-05,9.2,1020.3,33.0,7.928,12.4
7834,2018-05-05,10.3,1020.5,204.0,8.482000000000001,12.4
7835,2018-05-05,12.5,1020.4,411.0,9.965,12.4
7836,2018-05-05,14.4,1020.1,582.0,11.2,12.4
7837,2018-05-05,16.2,1020.3,712.0,12.004000000000001,12.4
7838,2018-05-05,17.8,1020.1,816.0,12.788,12.4
7839,2018-05-05,19.9,1019.8,877.0,13.247,12.4
7840,2018-05-05,20.9,1019.5,875.0,14.005999999999998,12.4
7841,2018-05-05,21.6,1019.0,824.0,14.748,12.4
7842,2018-05-05,22.5,1018.5,729.0,15.645,12.4
7843,2018-05-05,23.0,1018.2,592.0,16.2,12.4
7844,2018-05-05,23.0,1017.9,434.0,16.52,12.4
7845,2018-05-05,23.0,1017.9,260.0,16.84,12.4
7846,2018-05-05,22.0,1017.9,91.0,16.1,12.4
7847,2018-05-05,20.5,1018.4,12.0,15.48,12.4
7848,2018-05-05,18.9,1019.0,0.0,14.682,12.4
7849,2018-05-05,17.8,1019.5,0.0,14.032,12.4
7850,2018-05-06,16.9,1019.5,0.0,13.315999999999999,12.4
7851,2018-05-06,16.2,1019.5,0.0,12.886,15.0
7852,2018-05-06,15.5,1019.4,0.0,12.4,15.0
7853,2018-05-06,15.0,1019.2,0.0,12.3,15.0
7854,2018-05-06,14.5,1019.0,0.0,12.1,15.0
7855,2018-05-06,13.9,1018.7,0.0,11.797,15.0
7856,2018-05-06,13.2,1018.7,0.0,11.4,15.0
7857,2018-05-06,12.8,1019.1,35.0,11.08,15.0
7858,2018-05-06,13.9,1019.3,193.0,11.898,15.0
7859,2018-05-06,16.2,1019.3,380.0,13.122,15.0
7860,2018-05-06,18.6,1019.2,554.0,14.24,15.0
7861,2018-05-06,20.9,1019.0,696.0,15.33,15.0
7862,2018-05-06,22.3,1018.5,803.0,16.224,15.0
7863,2018-05-06,23.9,1018.1,861.0,16.679000000000002,15.0
7864,2018-05-06,24.9,1017.3,861.0,17.272000000000002,15.0
7865,2018-05-06,26.0,1016.5,821.0,17.47,15.0
7866,2018-05-06,26.8,1016.1,729.0,18.142,15.0
7867,2018-05-06,26.8,1015.7,599.0,17.968,15.0
7868,2018-05-06,26.9,1015.3,439.0,18.398,15.0
7869,2018-05-06,26.4,1015.1,267.0,18.352,15.0
7870,2018-05-06,25.4,1015.1,95.0,18.115,15.0
7871,2018-05-06,24.3,1015.3,12.0,17.496,15.0
7872,2018-05-06,22.5,1015.7,0.0,16.7,15.0
7873,2018-05-06,21.4,1016.0,0.0,16.2,15.0
7874,2018-05-07,19.9,1016.0,0.0,15.706,15.0
7875,2018-05-07,18.9,1015.9,0.0,15.62,18.1
7876,2018-05-07,18.3,1016.0,0.0,15.41,18.1
7877,2018-05-07,17.6,1015.9,0.0,14.995,18.1
7878,2018-05-07,16.2,1015.8,0.0,14.235999999999999,18.1
7879,2018-05-07,15.3,1015.6,0.0,13.376,18.1
7880,2018-05-07,13.7,1015.5,0.0,12.38,18.1
7881,2018-05-07,13.9,1015.5,40.0,12.66,18.1
7882,2018-05-07,17.3,1015.4,229.0,14.806,18.1
7883,2018-05-07,19.4,1015.5,429.0,15.472000000000001,18.1
7884,2018-05-07,21.0,1015.1,596.0,15.02,18.1
7885,2018-05-07,22.9,1015.0,742.0,15.092,18.1
7886,2018-05-07,23.7,1015.0,847.0,14.993,18.1
7887,2018-05-07,24.6,1014.3,905.0,14.23,18.1
7888,2018-05-07,25.4,1013.7,904.0,15.0,18.1
7889,2018-05-07,25.9,1013.3,858.0,15.28,18.1
7890,2018-05-07,26.0,1012.6,761.0,15.37,18.1
7891,2018-05-07,25.8,1012.2,629.0,15.02,18.1
7892,2018-05-07,25.6,1011.8,466.0,15.35,18.1
7893,2018-05-07,25.4,1011.5,295.0,15.0,18.1
7894,2018-05-07,24.8,1011.3,105.0,15.2,18.1
7895,2018-05-07,23.4,1011.3,14.0,15.075999999999999,18.1
7896,2018-05-07,21.5,1011.6,0.0,14.37,18.1
7897,2018-05-07,19.3,1011.7,0.0,13.296,18.1
7898,2018-05-08,18.1,1011.5,0.0,13.439,18.1
7899,2018-05-08,16.6,1010.9,0.0,13.155999999999999,19.4
7900,2018-05-08,16.9,1010.4,0.0,13.222000000000001,19.4
7901,2018-05-08,15.7,1010.2,0.0,13.288,19.4
7902,2018-05-08,15.2,1009.6,0.0,12.67,19.4
7903,2018-05-08,15.0,1009.4,0.0,12.6,19.4
7904,2018-05-08,13.3,1009.3,0.0,11.9,19.4
7905,2018-05-08,14.1,1009.4,39.0,12.28,19.4
7906,2018-05-08,16.4,1008.9,221.0,13.542,19.4
7907,2018-05-16,13.2,1016.1,420.0,11.3,15.05
7908,2018-05-16,14.8,1016.3,582.0,12.54,15.05
7909,2018-05-16,15.0,1016.8,232.0,12.888,15.05
7910,2018-05-16,14.2,1017.3,816.0,12.36,15.05
7911,2018-05-16,17.0,1017.1,867.0,13.819,15.05
7912,2018-05-16,19.4,1016.6,882.0,14.850999999999999,15.05
7913,2018-05-16,20.4,1016.3,1002.0,15.32,15.05
7914,2018-05-16,20.7,1016.4,454.0,15.3,15.05
7915,2018-05-16,20.3,1016.2,735.0,15.494000000000002,15.05
7916,2018-05-16,20.5,1016.1,563.0,15.65,15.05
7917,2018-05-16,18.8,1016.7,141.0,15.372,15.05
7918,2018-05-16,17.4,1017.2,114.0,14.624,15.05
7919,2018-05-16,15.4,1018.3,16.0,13.255999999999998,15.05
7920,2018-05-16,13.4,1019.4,0.0,11.84,15.05
7921,2018-05-16,11.9,1020.0,0.0,10.667,15.05
7922,2018-05-17,11.3,1020.3,0.0,10.109,15.05
7923,2018-11-19,3.0,1018.0,0.0,1.82,7.15
7924,2018-12-11,5.7,1025.5,95.0,5.392,8.65
7925,2018-12-11,7.9,1025.2,142.0,7.09,8.65
7926,2018-12-11,8.8,1024.7,144.0,7.556,8.65
7927,2018-12-11,9.3,1024.0,134.0,7.854,8.65
7928,2018-12-11,9.8,1023.5,128.0,7.896,8.65
7929,2018-12-11,9.8,1023.3,40.0,7.978,8.65
7930,2018-12-11,9.1,1023.5,0.0,7.57,8.65
7931,2018-12-11,9.1,1023.5,0.0,7.641,8.65
7932,2018-12-11,7.8,1023.6,0.0,6.627999999999999,8.65
7933,2018-12-11,7.6,1023.7,0.0,6.502000000000001,8.65
7934,2018-12-11,6.7,1023.4,0.0,5.5120000000000005,8.65
7935,2018-12-11,5.9,1023.3,0.0,5.11,8.65
7936,2018-12-11,6.3,1023.4,0.0,5.47,8.65
7937,2018-12-12,6.9,1023.0,0.0,5.773,8.65
7938,2018-12-15,2.6,1011.7,0.0,1.68,1.35
7939,2018-12-15,2.9,1011.1,0.0,2.08,1.35
7940,2018-12-15,3.3,1010.0,0.0,2.5069999999999997,1.35
7941,2018-12-15,3.7,1009.0,0.0,2.952,1.35
7942,2018-12-15,2.8,1009.4,0.0,2.24,1.35
7943,2018-12-16,2.9,1009.3,0.0,2.27,1.35
7944,2018-11-08,11.1,1018.0,167.0,9.478,12.3
7945,2018-11-08,11.1,1016.8,385.0,9.389,12.3
7946,2018-11-08,12.2,1016.0,251.0,9.896,12.3
7947,2018-11-08,12.4,1015.6,81.0,9.976,12.3
7948,2018-11-08,11.7,1014.6,12.0,9.512,12.3
7949,2018-11-08,11.1,1014.8,0.0,9.3,12.3
7950,2018-11-08,10.8,1014.1,0.0,9.088,12.3
7951,2018-11-08,10.4,1013.8,0.0,8.767999999999999,12.3
7952,2018-11-08,10.1,1013.3,0.0,8.543,12.3
7953,2018-11-08,10.0,1013.4,0.0,8.52,12.3
7954,2018-11-08,9.2,1012.6,0.0,8.0,12.3
7955,2018-11-09,9.8,1012.2,0.0,8.375,12.3
7956,2018-11-18,6.2,1021.4,49.0,3.7880000000000003,7.15
7957,2018-11-18,6.5,1020.9,364.0,3.88,7.15
7958,2018-11-18,6.6,1020.4,308.0,4.046,7.15
7959,2018-11-18,7.1,1020.0,216.0,4.325,7.15
7960,2018-11-18,7.6,1019.7,76.0,4.624,7.15
7961,2018-11-18,7.3,1019.5,9.0,4.402,7.15
7962,2018-11-18,7.4,1019.2,0.0,4.476,7.15
7963,2018-11-18,7.3,1019.3,0.0,4.402,7.15
7964,2018-11-18,5.6,1018.8,0.0,3.83,7.15
7965,2018-11-18,5.0,1018.7,0.0,3.63,7.15
7966,2018-11-18,4.6,1018.9,0.0,3.08,7.15
7967,2018-11-18,3.9,1018.1,0.0,2.35,7.15
7968,2018-11-07,12.0,1003.1,84.0,10.76,14.3
7969,2018-11-07,12.8,1003.0,70.0,11.48,14.3
7970,2018-11-07,13.2,1003.7,158.0,11.88,14.3
7971,2018-11-07,13.4,1004.4,139.0,11.92,14.3
7972,2018-11-07,13.7,1005.1,35.0,11.98,14.3
7973,2018-11-07,13.4,1005.8,5.0,11.6,14.3
7974,2018-11-07,12.9,1006.6,0.0,11.18,14.3
7975,2018-11-07,12.5,1007.5,0.0,10.86,14.3
7976,2018-11-07,12.0,1008.1,0.0,10.44,14.3
7977,2018-11-07,11.2,1009.2,0.0,9.752,14.3
7978,2018-11-07,10.6,1010.5,0.0,9.488,14.3
7979,2018-11-07,10.4,1012.0,0.0,9.536,14.3
7980,2018-11-08,9.7,1013.3,0.0,8.948,14.3
7981,2018-11-08,8.3,1015.5,0.0,7.66,12.3
7982,2018-11-08,7.6,1016.4,0.0,7.0120000000000005,12.3
7983,2018-11-08,7.0,1017.1,0.0,6.46,12.3
7984,2018-11-08,7.1,1017.8,0.0,6.655,12.3
7985,2018-11-08,7.8,1018.3,0.0,7.308,12.3
7986,2018-11-08,7.8,1018.8,0.0,7.144,12.3
7987,2018-11-08,7.9,1019.2,5.0,7.332999999999999,12.3
7988,2018-11-08,8.2,1019.6,58.0,7.48,12.3
7989,2018-11-08,8.3,1019.6,76.0,7.66,12.3
7990,2018-11-08,9.1,1019.6,200.0,8.209,12.3
7991,2018-11-08,10.2,1019.1,308.0,8.892000000000001,12.3
7992,2018-07-14,20.8,1018.2,0.0,16.738,17.65
7993,2018-11-06,18.0,1001.0,295.0,13.439,11.75
7994,2018-11-06,18.7,1001.2,137.0,13.579,11.75
7995,2018-11-06,17.2,1001.6,327.0,13.595999999999998,11.75
7996,2018-11-06,15.8,1002.3,107.0,12.748,11.75
7997,2018-11-06,14.1,1002.4,12.0,11.58,11.75
7998,2018-11-06,14.1,1003.1,0.0,11.68,11.75
7999,2018-11-06,13.7,1003.5,0.0,11.385,11.75
8000,2018-11-06,14.0,1003.8,0.0,11.392999999999999,11.75
8001,2018-11-06,13.5,1003.4,0.0,10.965,11.75
8002,2018-11-06,12.7,1003.8,0.0,10.258,11.75
8003,2018-11-06,11.8,1003.4,0.0,9.706,11.75
8004,2018-11-07,11.0,1003.7,0.0,8.93,11.75
8005,2018-11-07,11.3,1003.0,0.0,9.128,14.3
8006,2018-11-07,11.4,1002.7,0.0,9.224,14.3
8007,2018-11-07,11.8,1002.4,0.0,9.607999999999999,14.3
8008,2018-11-07,11.7,1001.8,0.0,9.512,14.3
8009,2018-11-07,11.8,1001.5,0.0,9.902000000000001,14.3
8010,2018-11-07,12.2,1001.3,0.0,10.196,14.3
8011,2018-11-07,11.5,1001.5,0.0,9.87,14.3
8012,2018-11-07,11.2,1001.7,0.0,10.109,14.3
8013,2018-11-07,11.1,1002.0,14.0,9.923,14.3
8014,2018-11-07,11.4,1002.3,26.0,10.202,14.3
8015,2018-11-07,11.6,1002.4,63.0,10.472000000000001,14.3
8016,2018-07-12,21.5,1017.5,459.0,16.03,18.75
8017,2018-07-12,21.5,1017.5,459.0,16.03,18.75
8018,2018-07-12,21.5,1017.5,459.0,16.03,18.75
8019,2018-07-12,21.5,1017.5,459.0,16.03,18.75
8020,2018-07-12,21.5,1017.5,459.0,16.03,18.75
8021,2018-07-12,21.5,1017.5,459.0,16.03,18.75
8022,2018-07-12,21.5,1017.5,459.0,16.03,18.75
8023,2018-07-12,21.5,1017.5,459.0,16.03,18.75
8024,2018-07-12,21.5,1017.5,459.0,16.03,18.75
8025,2018-07-12,21.5,1017.5,459.0,16.03,18.75
8026,2018-07-12,21.5,1017.5,459.0,16.03,18.75
8027,2018-07-12,21.5,1017.5,459.0,16.03,18.75
8028,2018-07-12,21.5,1017.5,459.0,16.03,18.75
8029,2018-07-12,21.5,1017.5,459.0,16.03,18.75
8030,2018-07-12,21.5,1017.5,459.0,16.03,18.75
8031,2018-07-13,21.5,1017.5,459.0,16.03,18.75
8032,2018-07-13,27.1,1017.3,842.0,19.081,17.65
8033,2018-07-13,26.5,1016.9,397.0,19.15,17.65
8034,2018-07-13,26.7,1016.6,524.0,19.114,17.65
8035,2018-07-13,26.1,1016.5,186.0,18.97,17.65
8036,2018-07-13,25.0,1016.7,144.0,18.48,17.65
8037,2018-07-13,24.3,1017.1,37.0,18.244,17.65
8038,2018-07-13,23.1,1017.6,0.0,17.71,17.65
8039,2018-07-13,21.7,1018.0,0.0,17.304000000000002,17.65
8040,2018-07-11,15.4,1019.0,151.0,13.792,19.3
8041,2018-07-11,17.4,1018.6,287.0,14.856,19.3
8042,2018-07-11,18.7,1018.5,380.0,15.107999999999999,19.3
8043,2018-07-11,18.9,1018.4,418.0,15.095999999999998,19.3
8044,2018-07-11,19.9,1018.0,1141.0,15.368,19.3
8045,2018-07-11,19.8,1018.0,299.0,15.5,19.3
8046,2018-07-11,20.9,1017.8,988.0,15.72,19.3
8047,2018-07-11,21.0,1017.6,473.0,15.67,19.3
8048,2018-07-11,21.5,1017.5,459.0,16.03,19.3
8049,2018-07-11,21.5,1017.5,459.0,16.03,19.3
8050,2018-07-11,21.5,1017.5,459.0,16.03,19.3
8051,2018-07-11,21.5,1017.5,459.0,16.03,19.3
8052,2018-07-11,21.5,1017.5,459.0,16.03,19.3
8053,2018-07-11,21.5,1017.5,459.0,16.03,19.3
8054,2018-07-11,21.5,1017.5,459.0,16.03,19.3
8055,2018-07-12,21.5,1017.5,459.0,16.03,19.3
8056,2018-07-12,21.5,1017.5,459.0,16.03,18.75
8057,2018-07-12,21.5,1017.5,459.0,16.03,18.75
8058,2018-07-12,21.5,1017.5,459.0,16.03,18.75
8059,2018-07-12,21.5,1017.5,459.0,16.03,18.75
8060,2018-07-12,21.5,1017.5,459.0,16.03,18.75
8061,2018-07-12,21.5,1017.5,459.0,16.03,18.75
8062,2018-07-12,21.5,1017.5,459.0,16.03,18.75
8063,2018-07-12,21.5,1017.5,459.0,16.03,18.75
8064,2018-06-26,19.7,1022.8,0.0,15.425,16.05
8065,2018-07-10,17.3,1019.9,227.0,13.782,22.75
8066,2018-07-10,18.3,1019.8,722.0,13.835999999999999,22.75
8067,2018-07-10,19.7,1019.4,837.0,14.33,22.75
8068,2018-07-10,20.7,1019.0,965.0,14.65,22.75
8069,2018-07-10,20.7,1018.6,527.0,14.52,22.75
8070,2018-07-10,21.5,1018.7,1090.0,14.572000000000001,22.75
8071,2018-07-10,22.0,1018.5,884.0,14.714,22.75
8072,2018-07-10,21.5,1018.3,220.0,14.456,22.75
8073,2018-07-10,21.3,1018.0,557.0,14.198,22.75
8074,2018-07-10,20.7,1018.0,371.0,13.932,22.75
8075,2018-07-10,20.4,1018.2,207.0,13.892000000000001,22.75
8076,2018-07-10,19.4,1018.5,47.0,13.432,22.75
8077,2018-07-10,17.6,1018.8,0.0,12.974,22.75
8078,2018-07-10,16.8,1019.1,0.0,12.718,22.75
8079,2018-07-11,16.2,1019.2,0.0,12.886,22.75
8080,2018-07-11,15.5,1019.2,0.0,12.925,19.3
8081,2018-07-11,14.7,1018.8,0.0,12.76,19.3
8082,2018-07-11,14.0,1018.6,0.0,12.44,19.3
8083,2018-07-11,14.2,1018.6,0.0,12.696,19.3
8084,2018-07-11,13.9,1018.5,0.0,12.5,19.3
8085,2018-07-11,13.8,1018.4,0.0,12.48,19.3
8086,2018-07-11,14.2,1018.6,18.0,12.78,19.3
8087,2018-07-11,14.9,1018.8,54.0,13.312000000000001,19.3
8088,2018-06-11,20.3,1007.9,318.0,18.907,20.3
8089,2018-06-11,19.9,1007.8,207.0,18.61,20.3
8090,2018-06-11,19.2,1007.8,123.0,18.346,20.3
8091,2018-06-11,19.0,1007.1,279.0,18.28,20.3
8092,2018-06-11,19.7,1006.6,213.0,18.904,20.3
8093,2018-06-11,19.4,1006.7,53.0,18.656,20.3
8094,2018-06-11,19.8,1006.8,195.0,19.16,20.3
8095,2018-06-11,20.0,1006.3,86.0,19.22,20.3
8096,2018-06-11,19.3,1006.5,9.0,18.562,20.3
8097,2018-06-11,18.4,1006.8,0.0,17.83,20.3
8098,2018-06-11,18.2,1007.2,0.0,17.752,20.3
8099,2018-06-11,18.2,1007.3,0.0,17.752,20.3
8100,2018-06-12,17.8,1007.6,0.0,17.368,20.3
8101,2018-06-25,21.4,1023.1,911.0,15.932,16.05
8102,2018-06-25,22.3,1022.6,930.0,16.37,16.05
8103,2018-06-25,23.3,1022.4,888.0,16.89,16.05
8104,2018-06-25,24.1,1022.1,807.0,17.22,16.05
8105,2018-06-25,24.3,1022.1,724.0,17.333,16.05
8106,2018-06-25,24.1,1022.0,541.0,17.151,16.05
8107,2018-06-25,23.5,1021.8,373.0,17.19,16.05
8108,2018-06-25,23.1,1022.0,213.0,16.91,16.05
8109,2018-06-25,22.2,1022.4,54.0,16.567999999999998,16.05
8110,2018-06-25,21.0,1022.7,5.0,15.92,16.05
8111,2018-06-25,20.2,1022.9,0.0,15.672,16.05
8112,2018-05-17,11.1,1020.3,0.0,9.923,16.15
8113,2018-05-17,10.7,1020.5,0.0,9.335,16.15
8114,2018-05-17,10.7,1020.2,0.0,9.509,16.15
8115,2018-05-17,10.7,1020.0,0.0,9.596,16.15
8116,2018-05-17,10.4,1020.3,0.0,9.272,16.15
8117,2018-05-17,10.0,1020.5,0.0,8.84,16.15
8118,2018-05-17,9.6,1021.1,18.0,8.527999999999999,16.15
8119,2018-05-17,9.6,1021.2,62.0,8.452,16.15
8120,2018-05-17,9.6,1021.6,151.0,8.376,16.15
8121,2018-05-17,10.4,1021.7,306.0,8.749,16.15
8122,2018-05-17,11.9,1021.6,397.0,9.605,16.15
8123,2018-05-17,13.6,1021.4,831.0,10.41,16.15
8124,2018-05-17,15.2,1021.4,891.0,10.74,16.15
8125,2018-05-17,16.3,1021.3,898.0,11.34,16.15
8126,2018-05-17,17.4,1020.9,861.0,11.784,16.15
8127,2018-05-17,17.8,1020.5,763.0,11.744000000000002,16.15
8128,2018-05-17,18.4,1020.4,555.0,11.695,16.15
8129,2018-05-17,18.5,1020.0,482.0,12.23,16.15
8130,2018-05-17,18.0,1020.2,227.0,11.78,16.15
8131,2018-05-17,17.5,1020.1,167.0,11.615,16.15
8132,2018-05-17,16.1,1020.4,32.0,10.9,16.15
8133,2018-05-17,14.1,1021.2,0.0,10.2,16.15
8134,2018-05-17,12.4,1021.8,0.0,9.218,16.15
8135,2018-05-18,11.1,1022.0,0.0,8.481,16.15
8136,2018-05-18,9.9,1022.1,0.0,7.88,14.8
8137,2018-05-18,8.9,1021.9,0.0,7.38,14.8
8138,2018-05-18,7.9,1021.7,0.0,6.556,14.8
8139,2018-05-18,7.1,1021.6,0.0,6.047999999999999,14.8
8140,2018-05-18,6.4,1021.5,0.0,5.56,14.8
8141,2018-05-18,6.0,1021.6,0.0,5.36,14.8
8142,2018-05-18,6.1,1022.0,56.0,5.5329999999999995,14.8
8143,2018-05-18,7.0,1022.0,250.0,6.28,14.8
8144,2018-05-18,8.3,1022.2,397.0,7.228,14.8
8145,2018-05-18,10.0,1022.2,689.0,8.28,14.8
8146,2018-05-18,11.9,1022.3,758.0,9.506,14.8
8147,2018-05-18,13.6,1022.2,860.0,10.39,14.8
8148,2018-05-18,15.1,1021.9,919.0,9.72,14.8
8149,2018-05-18,16.2,1021.4,933.0,10.107999999999999,14.8
8150,2018-05-18,17.2,1021.0,900.0,10.424000000000001,14.8
8151,2018-05-18,17.7,1020.3,671.0,10.15,14.8
8152,2018-05-18,18.3,1019.7,666.0,10.49,14.8
8153,2018-05-18,18.6,1019.7,480.0,10.83,14.8
8154,2018-05-18,18.2,1019.9,287.0,10.94,14.8
8155,2018-05-18,17.5,1019.7,134.0,11.024000000000001,14.8
8156,2018-05-18,16.2,1019.9,26.0,10.66,14.8
8157,2018-05-18,14.4,1020.3,0.0,9.978,14.8
8158,2018-05-18,13.2,1020.8,0.0,9.72,14.8
8159,2018-05-19,12.2,1021.1,0.0,9.267999999999999,14.8
8160,2018-05-19,11.3,1021.1,0.0,8.756,14.1
8161,2018-05-19,9.9,1020.9,0.0,8.049,14.1
8162,2018-05-19,8.8,1020.8,0.0,7.482,14.1
8163,2018-05-19,8.1,1020.6,0.0,7.056,14.1
8164,2018-05-19,7.5,1020.5,0.0,6.587999999999999,14.1
8165,2018-05-19,6.8,1020.4,0.0,5.92,14.1
8166,2018-05-19,6.6,1020.6,70.0,5.912000000000001,14.1
8167,2018-05-19,7.7,1020.5,248.0,6.87,14.1
8168,2018-05-19,9.6,1020.8,443.0,8.148,14.1
8169,2018-05-19,11.3,1020.8,610.0,9.314,14.1
8170,2018-05-19,13.3,1021.0,751.0,10.537,14.1
8171,2018-05-19,15.2,1021.0,860.0,11.4,14.1
8172,2018-05-19,16.2,1020.8,912.0,11.974,14.1
8173,2018-05-19,17.3,1020.6,900.0,11.784,14.1
8174,2018-05-19,17.7,1020.1,870.0,11.382,14.1
8175,2018-05-19,18.2,1019.7,784.0,11.767999999999999,14.1
8176,2018-05-19,18.7,1019.3,642.0,12.02,14.1
8177,2018-05-19,19.1,1018.7,492.0,12.245,14.1
8178,2018-05-19,17.9,1018.7,123.0,11.415,14.1
8179,2018-05-19,17.4,1018.7,132.0,11.908,14.1
8180,2018-05-19,16.3,1019.2,26.0,11.82,14.1
8181,2018-05-19,14.3,1020.1,0.0,11.52,14.1
8182,2018-05-19,13.0,1020.4,0.0,10.864,14.1
8183,2018-05-20,11.8,1020.4,0.0,10.0,14.1
8184,2018-05-20,10.9,1020.3,0.0,9.189,12.5
8185,2018-05-20,9.9,1020.4,0.0,8.525,12.5
8186,2018-05-20,9.1,1019.9,0.0,8.216000000000001,12.5
8187,2018-05-20,8.4,1019.6,0.0,7.68,12.5
8188,2018-05-20,7.8,1019.5,0.0,7.226,12.5
8189,2018-05-20,7.5,1019.2,0.0,6.99,12.5
8190,2018-05-20,7.6,1019.4,54.0,7.18,12.5
8191,2018-05-20,8.1,1019.6,120.0,7.7,12.5
8192,2018-05-20,9.7,1019.7,418.0,9.042,12.5
8193,2018-05-20,12.4,1019.6,610.0,10.74,12.5
8194,2018-05-20,14.8,1019.3,754.0,12.06,12.5
8195,2018-05-20,16.1,1019.3,838.0,12.675999999999998,12.5
8196,2018-05-20,18.3,1018.8,891.0,13.888,12.5
8197,2018-05-20,20.0,1018.4,911.0,14.134,12.5
8198,2018-05-20,20.4,1017.5,962.0,14.23,12.5
8199,2018-05-20,21.4,1016.7,853.0,14.484000000000002,12.5
8200,2018-05-20,21.9,1015.8,612.0,14.415999999999999,12.5
8201,2018-05-20,22.1,1015.2,489.0,13.74,12.5
8202,2018-05-20,22.2,1014.4,323.0,13.56,12.5
8203,2018-05-20,21.5,1014.7,144.0,14.37,12.5
8204,2018-05-20,20.1,1014.8,30.0,13.91,12.5
8205,2018-05-20,18.8,1015.3,0.0,13.645999999999999,12.5
8206,2018-05-20,17.8,1015.1,0.0,13.763,12.5
8207,2018-05-21,17.0,1015.1,0.0,13.632,12.5
8208,2018-05-21,16.0,1014.7,0.0,12.91,14.55
8209,2018-05-21,14.4,1014.4,0.0,12.4,14.55
8210,2018-05-21,13.8,1013.9,0.0,12.24,14.55
8211,2018-05-21,13.2,1013.5,0.0,11.8,14.55
8212,2018-05-21,13.0,1013.1,0.0,11.76,14.55
8213,2018-05-21,12.2,1012.9,0.0,11.2,14.55
8214,2018-05-21,11.7,1012.9,28.0,10.924000000000001,14.55
8215,2018-05-21,13.3,1012.6,244.0,12.3,14.55
8216,2018-05-21,15.7,1012.3,427.0,13.328,14.55
8217,2018-05-21,17.3,1012.1,598.0,14.304,14.55
8218,2018-05-21,17.8,1011.9,779.0,14.632,14.55
8219,2018-05-21,19.0,1011.6,448.0,14.975,14.55
8220,2018-05-21,20.2,1011.5,1035.0,15.415999999999999,14.55
8221,2018-05-21,22.1,1010.6,1013.0,15.905999999999999,14.55
8222,2018-05-21,22.0,1010.5,635.0,15.866,14.55
8223,2018-05-21,21.5,1010.0,279.0,15.355,14.55
8224,2018-05-21,21.8,1009.6,362.0,15.495999999999999,14.55
8225,2018-05-21,22.5,1008.9,127.0,15.8,14.55
8226,2018-05-21,22.6,1009.1,311.0,15.724,14.55
8227,2018-05-21,22.5,1009.2,139.0,15.8,14.55
8228,2018-05-21,22.1,1009.5,58.0,15.992,14.55
8229,2018-05-21,19.8,1009.8,0.0,15.050999999999998,14.55
8230,2018-05-21,18.8,1010.4,0.0,15.284,14.55
8231,2018-05-22,17.6,1010.5,0.0,14.995,14.55
8232,2018-05-22,17.0,1010.5,0.0,14.64,15.2
8233,2018-05-22,16.2,1010.3,0.0,14.235999999999999,15.2
8234,2018-05-22,15.3,1010.2,0.0,13.8,15.2
8235,2018-05-22,14.7,1010.4,0.0,13.512,15.2
8236,2018-05-22,14.0,1010.3,0.0,13.1,15.2
8237,2018-05-22,13.8,1010.4,0.0,13.0,15.2
8238,2018-05-22,13.7,1010.8,67.0,12.8,15.2
8239,2018-05-22,15.4,1011.1,239.0,13.694,15.2
8240,2018-05-22,16.5,1011.5,425.0,13.875,15.2
8241,2018-05-22,19.1,1011.4,599.0,14.9,15.2
8242,2018-05-22,20.5,1011.4,733.0,15.572000000000001,15.2
8243,2018-05-22,21.2,1011.4,854.0,15.34,15.2
8244,2018-05-22,22.0,1011.4,1042.0,16.1,15.2
8245,2018-05-22,21.9,1011.1,1060.0,15.727,15.2
8246,2018-05-22,22.7,1011.1,932.0,16.184,15.2
8247,2018-05-22,22.3,1010.7,236.0,15.932,15.2
8248,2018-05-22,22.4,1010.4,213.0,15.565999999999999,15.2
8249,2018-05-22,16.8,1011.5,56.0,13.7,15.2
8250,2018-05-22,15.2,1012.0,12.0,14.415999999999999,15.2
8251,2018-05-22,15.8,1013.1,54.0,15.064,15.2
8252,2018-05-22,16.0,1013.1,16.0,15.19,15.2
8253,2018-05-22,16.3,1013.7,0.0,15.556,15.2
8254,2018-05-22,15.5,1014.2,0.0,14.55,15.2
8255,2018-05-23,15.2,1014.3,0.0,14.514000000000001,15.2
8256,2018-05-23,15.2,1014.6,0.0,14.514000000000001,17.55
8257,2018-05-23,14.8,1014.5,0.0,14.2,17.55
8258,2018-05-23,14.1,1014.8,0.0,13.5,17.55
8259,2018-05-23,13.4,1015.2,0.0,12.8,17.55
8260,2018-05-23,13.4,1015.4,0.0,12.7,17.55
8261,2018-05-23,12.8,1015.5,0.0,12.2,17.55
8262,2018-05-23,12.4,1016.0,51.0,11.9,17.55
8263,2018-05-23,12.7,1016.7,114.0,12.1,17.55
8264,2018-05-23,12.3,1017.1,132.0,11.7,17.55
8265,2018-05-23,12.3,1017.7,221.0,11.7,17.55
8266,2018-05-23,13.0,1017.9,246.0,12.3,17.55
8267,2018-05-23,15.6,1017.6,387.0,14.1,17.55
8268,2018-05-23,18.3,1017.5,830.0,15.41,17.55
8269,2018-05-23,19.7,1017.2,907.0,15.957,17.55
8270,2018-05-23,20.8,1016.5,353.0,16.128,17.55
8271,2018-05-23,20.5,1016.1,884.0,16.202,17.55
8272,2018-05-23,19.9,1016.0,332.0,16.17,17.55
8273,2018-05-23,19.3,1016.1,431.0,15.964,17.55
8274,2018-05-23,19.0,1016.1,299.0,15.82,17.55
8275,2018-05-23,18.0,1016.2,206.0,15.36,17.55
8276,2018-05-23,18.3,1016.6,44.0,15.63,17.55
8277,2018-05-23,16.5,1016.8,0.0,14.884,17.55
8278,2018-05-23,16.0,1017.2,0.0,14.74,17.55
8279,2018-05-24,15.7,1017.5,0.0,14.77,17.55
8280,2018-05-24,15.6,1017.1,0.0,14.66,17.4
8281,2018-05-24,15.2,1017.1,0.0,14.415999999999999,17.4
8282,2018-05-24,15.0,1016.8,0.0,14.2,17.4
8283,2018-05-24,14.8,1016.5,0.0,14.1,17.4
8284,2018-05-24,14.0,1016.5,0.0,13.4,17.4
8285,2018-05-24,13.7,1016.4,0.0,13.2,17.4
8286,2018-05-24,13.8,1016.3,28.0,13.4,17.4
8287,2018-05-24,14.2,1016.7,79.0,13.8,17.4
8288,2018-05-24,14.2,1016.9,146.0,13.9,17.4
8289,2018-05-24,14.3,1016.7,257.0,14.0,17.4
8290,2018-05-24,15.8,1016.7,380.0,15.064,17.4
8291,2018-05-24,17.7,1016.6,664.0,16.01,17.4
8292,2018-05-24,20.2,1016.0,357.0,16.985,17.4
8293,2018-05-24,21.3,1015.4,299.0,17.387999999999998,17.4
8294,2018-05-24,22.2,1014.8,956.0,17.42,17.4
8295,2018-05-24,23.5,1014.3,842.0,17.44,17.4
8296,2018-05-24,24.1,1013.8,680.0,17.659000000000002,17.4
8297,2018-05-24,25.0,1013.6,534.0,18.07,17.4
8298,2018-05-24,23.3,1013.6,330.0,16.82,17.4
8299,2018-05-24,22.9,1013.8,151.0,16.752,17.4
8300,2018-05-24,21.7,1014.1,26.0,16.363,17.4
8301,2018-05-24,20.4,1014.4,0.0,15.824000000000002,17.4
8302,2018-05-24,18.4,1015.6,0.0,15.72,17.4
8303,2018-05-25,17.7,1015.4,0.0,15.56,17.4
8304,2018-05-25,16.4,1015.1,0.0,14.89,18.65
8305,2018-05-25,15.2,1014.9,0.0,14.012,18.65
8306,2018-05-25,14.9,1014.8,0.0,13.704,18.65
8307,2018-05-25,13.9,1015.1,0.0,13.1,18.65
8308,2018-05-25,13.8,1015.1,0.0,12.9,18.65
8309,2018-05-25,13.4,1015.2,5.0,12.6,18.65
8310,2018-05-25,13.3,1015.4,70.0,12.7,18.65
8311,2018-05-25,14.7,1015.7,250.0,13.8,18.65
8312,2018-05-25,16.5,1015.7,408.0,15.124,18.65
8313,2018-05-25,18.6,1015.8,585.0,16.25,18.65
8314,2018-05-25,20.9,1015.2,745.0,16.809,18.65
8315,2018-05-25,23.3,1014.9,840.0,17.62,18.65
8316,2018-05-25,24.4,1014.7,805.0,17.822,18.65
8317,2018-05-25,25.3,1014.6,923.0,18.27,18.65
8318,2018-05-25,25.8,1014.6,357.0,18.224,18.65
8319,2018-05-25,25.6,1014.5,269.0,18.94,18.65
8320,2018-05-25,23.9,1013.9,128.0,18.588,18.65
8321,2018-05-25,19.8,1013.8,297.0,17.727999999999998,18.65
8322,2018-05-25,20.3,1013.3,54.0,17.8,18.65
8323,2018-05-25,17.2,1014.6,0.0,15.857999999999999,18.65
8324,2018-05-25,15.8,1015.8,0.0,15.34,18.65
8325,2018-05-25,15.8,1014.8,0.0,15.432,18.65
8326,2018-05-25,16.1,1015.4,0.0,15.735999999999999,18.65
8327,2018-05-26,16.2,1015.2,0.0,15.74,18.65
8328,2018-05-26,16.0,1015.2,0.0,15.64,19.9
8329,2018-05-26,16.0,1014.9,0.0,15.64,19.9
8330,2018-05-26,15.9,1014.4,0.0,15.536,19.9
8331,2018-05-26,15.7,1014.3,0.0,15.328,19.9
8332,2018-05-26,15.8,1014.0,0.0,15.524000000000001,19.9
8333,2018-05-26,15.9,1013.7,0.0,15.536,19.9
8334,2018-05-26,16.7,1013.8,70.0,16.021,19.9
8335,2018-05-26,18.3,1013.7,237.0,16.95,19.9
8336,2018-05-26,19.4,1013.9,294.0,17.362000000000002,19.9
8337,2018-05-26,21.0,1013.8,589.0,18.05,19.9
8338,2018-05-26,22.6,1013.8,759.0,19.08,19.9
8339,2018-05-26,24.3,1013.7,791.0,19.76,19.9
8340,2018-05-26,25.2,1013.9,476.0,19.855999999999998,19.9
8341,2018-05-26,25.9,1013.7,555.0,20.06,19.9
8342,2018-05-26,25.9,1013.7,352.0,19.55,19.9
8343,2018-05-26,25.8,1013.8,316.0,18.94,19.9
8344,2018-05-26,25.2,1013.1,232.0,18.51,19.9
8345,2018-05-26,26.4,1012.7,501.0,19.95,19.9
8346,2018-05-26,26.4,1012.6,346.0,19.95,19.9
8347,2018-05-26,26.0,1012.6,58.0,19.99,19.9
8348,2018-05-26,24.5,1012.8,23.0,20.12,19.9
8349,2018-05-26,23.5,1013.4,0.0,19.795,19.9
8350,2018-05-26,22.6,1014.4,0.0,19.36,19.9
8351,2018-05-27,19.9,1013.9,0.0,16.825,19.9
8352,2018-05-27,19.7,1013.7,0.0,17.143,19.8
8353,2018-05-27,19.8,1013.0,0.0,17.494,19.8
8354,2018-05-27,19.3,1012.6,0.0,17.392,19.8
8355,2018-05-27,18.9,1012.6,0.0,17.27,19.8
8356,2018-05-27,18.0,1013.6,0.0,16.57,19.8
8357,2018-05-27,17.6,1013.0,5.0,16.116,19.8
8358,2018-05-27,17.3,1013.4,46.0,15.960999999999999,19.8
8359,2018-05-27,17.7,1014.0,153.0,15.988,19.8
8360,2018-05-27,18.9,1014.3,257.0,16.63,19.8
8361,2018-05-27,20.3,1014.4,357.0,16.768,19.8
8362,2018-05-27,23.2,1014.8,747.0,18.438,19.8
8363,2018-05-27,25.1,1015.2,846.0,18.17,19.8
8364,2018-05-27,26.6,1014.8,926.0,19.572,19.8
8365,2018-05-27,26.0,1014.2,504.0,19.554000000000002,19.8
8366,2018-05-27,26.2,1014.0,835.0,19.212,19.8
8367,2018-05-27,27.1,1013.6,406.0,19.16,19.8
8368,2018-05-27,27.7,1013.4,784.0,18.972,19.8
8369,2018-05-27,28.0,1013.0,299.0,19.415,19.8
8370,2018-05-27,26.4,1012.9,116.0,19.254,19.8
8371,2018-05-27,24.9,1013.2,70.0,18.893,19.8
8372,2018-05-27,24.4,1013.3,0.0,18.736,19.8
8373,2018-05-27,20.8,1013.7,0.0,17.148,19.8
8374,2018-05-27,19.3,1013.9,0.0,16.262,19.8
8375,2018-05-28,18.8,1014.5,0.0,16.72,19.8
8376,2018-05-28,18.6,1014.7,0.0,16.78,22.0
8377,2018-05-28,19.3,1014.5,0.0,17.166,22.0
8378,2018-05-28,17.8,1014.5,0.0,16.504,22.0
8379,2018-05-28,17.9,1014.5,0.0,16.57,22.0
8380,2018-05-28,17.4,1014.4,0.0,16.256,22.0
8381,2018-05-28,18.0,1014.4,0.0,16.35,22.0
8382,2018-05-28,18.1,1014.9,35.0,16.46,22.0
8383,2018-05-28,18.9,1014.9,132.0,16.94,22.0
8384,2018-05-28,20.2,1014.9,160.0,17.574,22.0
8385,2018-05-28,21.1,1015.1,510.0,18.312,22.0
8386,2018-05-28,23.6,1015.2,898.0,18.828,22.0
8387,2018-05-28,24.7,1015.3,844.0,20.0,22.0
8388,2018-05-28,25.6,1015.4,889.0,19.25,22.0
8389,2018-05-28,25.7,1014.9,443.0,18.84,22.0
8390,2018-05-28,26.4,1014.1,529.0,19.254,22.0
8391,2018-05-28,27.0,1013.5,626.0,18.99,22.0
8392,2018-05-28,26.3,1013.3,260.0,19.875,22.0
8393,2018-05-28,25.7,1012.8,230.0,20.03,22.0
8394,2018-05-28,25.0,1013.1,114.0,19.5,22.0
8395,2018-05-28,23.4,1012.9,23.0,19.848,22.0
8396,2018-05-28,18.7,1013.7,0.0,17.18,22.0
8397,2018-05-28,18.3,1013.7,0.0,17.396,22.0
8398,2018-05-28,18.1,1013.7,0.0,17.545,22.0
8399,2018-05-29,18.1,1013.8,0.0,17.545,22.0
8400,2018-05-29,17.2,1014.1,0.0,16.69,22.1
8401,2018-05-29,16.9,1013.5,0.0,16.5,22.1
8402,2018-05-29,16.3,1013.4,0.0,15.93,22.1
8403,2018-05-29,15.9,1012.7,0.0,15.536,22.1
8404,2018-05-29,15.7,1012.2,0.0,15.34,22.1
8405,2018-05-29,15.8,1012.6,0.0,15.524000000000001,22.1
8406,2018-05-29,16.1,1012.3,84.0,15.73,22.1
8407,2018-05-29,16.7,1012.5,104.0,16.312,22.1
8408,2018-05-29,17.3,1013.1,65.0,16.682000000000002,22.1
8409,2018-05-29,18.3,1012.9,153.0,17.17,22.1
8410,2018-05-29,19.6,1012.7,241.0,17.962,22.1
8411,2018-05-29,18.9,1012.8,250.0,17.71,22.1
8412,2018-05-29,18.9,1012.6,364.0,17.829,22.1
8413,2018-05-29,19.3,1012.1,176.0,17.844,22.1
8414,2018-05-29,19.5,1012.0,176.0,18.02,22.1
8415,2018-05-29,20.5,1011.4,452.0,18.25,22.1
8416,2018-05-29,22.0,1010.9,253.0,19.04,22.1
8417,2018-05-29,23.1,1010.2,336.0,19.148,22.1
8418,2018-05-29,22.4,1010.2,220.0,18.88,22.1
8419,2018-05-29,22.1,1010.2,54.0,18.72,22.1
8420,2018-05-29,16.6,1010.9,0.0,15.532,22.1
8421,2018-05-29,16.3,1010.5,0.0,15.742,22.1
8422,2018-05-29,15.8,1010.8,0.0,15.248,22.1
8423,2018-05-30,16.0,1011.3,0.0,15.46,22.1
8424,2018-05-30,16.7,1010.9,0.0,16.118,20.3
8425,2018-05-30,16.5,1010.9,0.0,15.927999999999999,20.3
8426,2018-05-30,16.3,1010.6,0.0,15.649000000000001,20.3
8427,2018-05-30,16.2,1010.9,0.0,15.464,20.3
8428,2018-05-30,16.0,1010.6,0.0,15.37,20.3
8429,2018-05-30,15.7,1010.9,5.0,15.224,20.3
8430,2018-05-30,15.5,1011.5,35.0,15.224,20.3
8431,2018-05-30,15.9,1011.8,67.0,15.524000000000001,20.3
8432,2018-05-30,16.8,1012.1,195.0,16.305999999999997,20.3
8433,2018-05-30,20.0,1012.2,747.0,17.777,20.3
8434,2018-05-30,21.2,1012.5,334.0,17.654,20.3
8435,2018-05-30,21.7,1012.6,364.0,18.125999999999998,20.3
8436,2018-05-30,22.5,1012.6,503.0,18.42,20.3
8437,2018-05-30,24.0,1012.7,615.0,18.66,20.3
8438,2018-05-30,24.9,1012.2,1023.0,18.893,20.3
8439,2018-05-30,25.6,1011.6,868.0,19.18,20.3
8440,2018-05-30,24.4,1011.4,288.0,18.572,20.3
8441,2018-05-30,24.9,1010.7,107.0,18.724,20.3
8442,2018-05-30,25.2,1011.0,302.0,18.92,20.3
8443,2018-05-30,25.3,1011.1,206.0,19.12,20.3
8444,2018-05-30,19.3,1011.2,14.0,17.42,20.3
8445,2018-05-30,19.5,1011.7,0.0,18.02,20.3
8446,2018-05-30,19.2,1011.8,0.0,17.756,20.3
8447,2018-05-31,18.6,1012.0,0.0,17.555999999999997,20.3
8448,2018-05-31,18.3,1011.6,0.0,17.396,20.6
8449,2018-05-31,18.6,1011.5,0.0,17.672,20.6
8450,2018-05-31,17.5,1011.7,0.0,16.87,20.6
8451,2018-05-31,17.4,1011.4,0.0,16.776,20.6
8452,2018-05-31,17.2,1011.2,0.0,16.69,20.6
8453,2018-05-31,17.1,1011.3,0.0,16.595,20.6
8454,2018-05-31,17.2,1011.5,81.0,16.69,20.6
8455,2018-05-31,18.5,1011.9,116.0,17.35,20.6
8456,2018-05-31,20.0,1012.3,554.0,17.86,20.6
8457,2018-05-31,20.8,1012.9,374.0,18.059,20.6
8458,2018-05-31,23.3,1013.2,1027.0,19.56,20.6
8459,2018-05-31,22.3,1013.7,445.0,18.92,20.6
8460,2018-05-31,23.4,1013.7,649.0,19.264,20.6
8461,2018-05-31,24.4,1013.4,689.0,19.86,20.6
8462,2018-05-31,25.0,1013.3,297.0,19.82,20.6
8463,2018-05-31,26.1,1013.0,925.0,19.628,20.6
8464,2018-05-31,25.4,1013.2,265.0,19.83,20.6
8465,2018-05-31,22.3,1012.9,512.0,18.36,20.6
8466,2018-05-31,23.3,1013.1,343.0,19.324,20.6
8467,2018-05-31,21.9,1013.4,98.0,19.18,20.6
8468,2018-05-31,21.5,1014.1,51.0,18.76,20.6
8469,2018-05-31,19.8,1014.6,0.0,16.75,20.6
8470,2018-05-31,19.4,1015.1,0.0,16.792,20.6
8471,2018-06-01,18.5,1015.3,0.0,16.91,20.6
8472,2018-06-01,17.3,1015.4,0.0,16.167,20.9
8473,2018-06-01,16.0,1015.8,0.0,15.28,20.9
8474,2018-06-01,15.4,1015.9,0.0,14.824000000000002,20.9
8475,2018-06-01,15.4,1016.1,0.0,14.92,20.9
8476,2018-06-01,15.9,1016.5,0.0,15.248,20.9
8477,2018-06-01,15.7,1017.0,0.0,15.142000000000001,20.9
8478,2018-06-01,15.9,1016.8,35.0,15.354000000000001,20.9
8479,2018-06-01,16.4,1017.0,69.0,15.649000000000001,20.9
8480,2018-06-01,16.9,1017.6,107.0,15.91,20.9
8481,2018-06-01,17.3,1018.1,118.0,15.960999999999999,20.9
8482,2018-06-01,18.1,1018.3,278.0,16.33,20.9
8483,2018-06-01,18.3,1018.3,294.0,16.51,20.9
8484,2018-06-01,18.9,1018.5,443.0,16.94,20.9
8485,2018-06-01,18.9,1018.5,645.0,16.63,20.9
8486,2018-06-01,18.7,1018.5,316.0,16.54,20.9
8487,2018-06-01,19.2,1018.3,271.0,17.308,20.9
8488,2018-06-01,18.0,1018.5,54.0,16.55,20.9
8489,2018-06-01,17.8,1018.5,283.0,16.737000000000002,20.9
8490,2018-06-01,18.6,1018.6,163.0,17.09,20.9
8491,2018-06-01,17.8,1018.7,148.0,16.396,20.9
8492,2018-06-01,18.3,1018.8,21.0,16.73,20.9
8493,2018-06-01,17.3,1019.4,0.0,16.167,20.9
8494,2018-06-01,17.2,1019.7,0.0,16.18,20.9
8495,2018-06-02,17.1,1019.5,0.0,16.191,20.9
8496,2018-06-02,16.6,1019.6,0.0,15.832,18.55
8497,2018-06-02,16.7,1019.4,0.0,15.924000000000001,18.55
8498,2018-06-02,16.4,1019.1,0.0,15.554,18.55
8499,2018-06-02,16.2,1019.1,0.0,15.28,18.55
8500,2018-06-02,15.5,1019.3,0.0,14.55,18.55
8501,2018-06-02,14.9,1019.6,0.0,14.2,18.55
8502,2018-06-02,15.3,1019.4,54.0,14.620999999999999,18.55
8503,2018-06-02,15.9,1019.4,345.0,14.872,18.55
8504,2018-06-02,16.9,1019.2,503.0,15.4,18.55
8505,2018-06-02,17.6,1019.1,244.0,15.585999999999999,18.55
8506,2018-06-02,18.6,1019.0,160.0,15.77,18.55
8507,2018-06-02,19.5,1019.1,338.0,15.95,18.55
8508,2018-06-02,20.3,1018.7,248.0,15.620999999999999,18.55
8509,2018-06-02,20.9,1018.5,538.0,16.204,18.55
8510,2018-06-02,23.1,1018.2,1053.0,17.48,18.55
8511,2018-06-02,23.1,1018.0,185.0,17.14,18.55
8512,2018-06-02,22.8,1017.4,299.0,17.74,18.55
8513,2018-06-02,23.0,1017.0,563.0,17.32,18.55
8514,2018-06-02,23.5,1016.5,84.0,17.1,18.55
8515,2018-06-02,22.3,1016.5,204.0,16.808,18.55
8516,2018-06-02,23.1,1016.5,63.0,17.39,18.55
8517,2018-06-02,20.3,1016.8,0.0,15.95,18.55
8518,2018-06-02,18.9,1017.5,0.0,15.51,18.55
8519,2018-06-03,18.3,1017.8,0.0,15.74,18.55
8520,2018-06-03,17.7,1018.0,0.0,15.880999999999998,20.3
8521,2018-06-03,16.9,1017.8,0.0,15.604000000000001,20.3
8522,2018-06-03,16.2,1017.5,0.0,15.28,20.3
8523,2018-06-03,16.3,1017.0,0.0,15.37,20.3
8524,2018-06-03,15.5,1016.9,0.0,14.74,20.3
8525,2018-06-03,15.1,1016.8,7.0,14.407,20.3
8526,2018-06-03,16.3,1017.0,90.0,15.463,20.3
8527,2018-06-03,17.5,1017.1,271.0,16.152,20.3
8528,2018-06-03,19.2,1017.2,446.0,17.084,20.3
8529,2018-06-03,21.1,1017.0,364.0,17.715999999999998,20.3
8530,2018-06-03,22.8,1016.5,172.0,18.44,20.3
8531,2018-06-03,23.7,1016.3,810.0,18.2,20.3
8532,2018-06-03,24.3,1015.9,397.0,17.985,20.3
8533,2018-06-03,24.6,1015.3,742.0,17.44,20.3
8534,2018-06-03,24.7,1014.6,800.0,18.104,20.3
8535,2018-06-03,25.1,1014.3,436.0,18.24,20.3
8536,2018-06-03,25.2,1013.5,608.0,17.9,20.3
8537,2018-06-03,25.0,1013.2,214.0,18.14,20.3
8538,2018-06-03,24.1,1012.7,234.0,17.727999999999998,20.3
8539,2018-06-03,23.5,1012.5,125.0,17.67,20.3
8540,2018-06-03,22.7,1012.7,37.0,17.78,20.3
8541,2018-06-03,21.5,1012.7,0.0,16.43,20.3
8542,2018-06-03,20.4,1012.8,0.0,15.698,20.3
8543,2018-06-04,19.9,1012.5,0.0,15.706,20.3
8544,2018-06-04,19.4,1012.1,0.0,15.88,20.2
8545,2018-06-04,19.3,1011.9,0.0,16.375,20.2
8546,2018-06-04,19.7,1011.8,0.0,17.026,20.2
8547,2018-06-04,18.8,1010.7,0.0,16.63,20.2
8548,2018-06-04,18.2,1010.3,0.0,16.42,20.2
8549,2018-06-04,18.7,1010.6,0.0,16.78,20.2
8550,2018-06-04,17.8,1010.2,44.0,16.396,20.2
8551,2018-06-04,17.8,1010.2,69.0,16.396,20.2
8552,2018-06-04,18.6,1010.3,149.0,16.67,20.2
8553,2018-06-04,19.1,1010.6,121.0,17.002,20.2
8554,2018-06-04,20.3,1010.4,508.0,17.542,20.2
8555,2018-06-04,22.4,1010.3,461.0,18.7,20.2
8556,2018-06-04,23.0,1010.1,306.0,19.34,20.2
8557,2018-06-04,24.2,1009.8,847.0,19.4,20.2
8558,2018-06-04,25.0,1009.2,292.0,19.98,20.2
8559,2018-06-04,24.4,1008.6,392.0,19.54,20.2
8560,2018-06-04,23.5,1008.7,47.0,20.324,20.2
8561,2018-06-04,21.8,1008.4,216.0,19.91,20.2
8562,2018-06-04,23.4,1008.2,236.0,20.568,20.2
8563,2018-06-04,23.4,1008.3,65.0,20.568,20.2
8564,2018-06-04,22.2,1008.7,12.0,20.012,20.2
8565,2018-06-04,21.6,1009.1,0.0,19.496,20.2
8566,2018-06-04,20.7,1009.5,0.0,19.324,20.2
8567,2018-06-05,19.9,1009.4,0.0,18.491,20.2
8568,2018-06-05,19.3,1009.5,0.0,18.046,20.15
8569,2018-06-05,18.7,1009.9,0.0,17.53,20.15
8570,2018-06-05,18.3,1009.7,0.0,17.17,20.15
8571,2018-06-05,17.7,1009.9,0.0,16.844,20.15
8572,2018-06-05,16.9,1010.2,0.0,16.207,20.15
8573,2018-06-05,16.2,1010.2,0.0,15.742,20.15
8574,2018-06-05,15.8,1010.5,9.0,15.432,20.15
8575,2018-06-05,15.4,1010.3,56.0,15.112,20.15
8576,2018-06-05,15.4,1011.2,32.0,15.112,20.15
8577,2018-06-05,15.4,1010.9,72.0,15.112,20.15
8578,2018-06-05,15.6,1010.9,88.0,15.318,20.15
8579,2018-06-05,15.9,1011.2,67.0,15.627,20.15
8580,2018-06-05,16.4,1010.9,125.0,16.118,20.15
8581,2018-06-05,16.5,1010.7,114.0,16.215,20.15
8582,2018-06-05,17.1,1010.5,265.0,16.797,20.15
8583,2018-06-05,18.4,1010.1,631.0,17.602,20.15
8584,2018-06-05,19.6,1009.6,415.0,18.02,20.15
8585,2018-06-05,20.2,1009.4,195.0,18.188,20.15
8586,2018-06-05,20.7,1009.0,193.0,18.581,20.15
8587,2018-06-05,19.9,1009.0,95.0,18.253,20.15
8588,2018-06-05,19.7,1009.3,23.0,18.313,20.15
8589,2018-06-05,18.8,1009.7,0.0,17.29,20.15
8590,2018-06-05,17.7,1010.1,0.0,16.63,20.15
8591,2018-06-06,16.9,1010.1,0.0,16.009,20.15
8592,2018-06-06,16.6,1009.9,0.0,15.832,19.2
8593,2018-06-06,15.8,1009.5,0.0,15.248,19.2
8594,2018-06-06,15.6,1009.7,0.0,15.036,19.2
8595,2018-06-06,14.9,1009.5,0.0,14.6,19.2
8596,2018-06-06,14.0,1009.0,0.0,13.7,19.2
8597,2018-06-06,13.8,1009.6,0.0,13.5,19.2
8598,2018-06-06,14.0,1009.0,0.0,13.8,19.2
8599,2018-06-06,13.9,1009.2,47.0,13.6,19.2
8600,2018-06-06,14.2,1009.4,97.0,14.0,19.2
8601,2018-06-06,14.3,1010.2,100.0,14.1,19.2
8602,2018-06-06,14.7,1010.5,104.0,14.5,19.2
8603,2018-06-06,15.7,1010.8,575.0,15.412,19.2
8604,2018-06-06,17.3,1010.7,977.0,16.682000000000002,19.2
8605,2018-06-06,19.4,1010.3,262.0,17.817999999999998,19.2
8606,2018-06-06,19.5,1010.4,353.0,17.79,19.2
8607,2018-06-06,21.3,1010.2,824.0,19.072,19.2
8608,2018-06-06,22.6,1009.5,687.0,19.64,19.2
8609,2018-06-06,21.7,1010.1,51.0,19.597,19.2
8610,2018-06-06,20.3,1010.0,158.0,18.907,19.2
8611,2018-06-06,20.0,1010.5,46.0,18.689,19.2
8612,2018-06-06,19.3,1011.0,19.0,18.408,19.2
8613,2018-06-06,19.2,1011.4,0.0,18.224,19.2
8614,2018-06-06,18.8,1011.9,0.0,18.092,19.2
8615,2018-06-07,19.3,1011.9,0.0,18.439,19.2
8616,2018-06-07,18.7,1011.9,0.0,17.998,19.25
8617,2018-06-07,17.8,1012.1,0.0,17.26,19.25
8618,2018-06-07,17.3,1012.2,0.0,16.887999999999998,19.25
8619,2018-06-07,17.4,1012.4,0.0,17.088,19.25
8620,2018-06-07,17.6,1012.8,0.0,17.282,19.25
8621,2018-06-07,17.3,1012.8,0.0,16.887999999999998,19.25
8622,2018-06-07,16.8,1013.3,30.0,16.31,19.25
8623,2018-06-07,17.2,1013.7,113.0,16.69,19.25
8624,2018-06-07,17.1,1013.9,260.0,16.191,19.25
8625,2018-06-07,17.8,1014.0,666.0,16.288,19.25
8626,2018-06-07,20.7,1014.4,283.0,17.58,19.25
8627,2018-06-07,22.4,1014.6,392.0,18.46,19.25
8628,2018-06-07,23.9,1014.7,1016.0,18.984,19.25
8629,2018-06-07,23.3,1014.5,953.0,18.448,19.25
8630,2018-06-07,22.4,1014.3,334.0,17.9,19.25
8631,2018-06-07,23.5,1014.1,348.0,18.375999999999998,19.25
8632,2018-06-07,24.7,1013.7,919.0,18.699,19.25
8633,2018-06-07,25.0,1013.5,598.0,18.555,19.25
8634,2018-06-07,23.7,1013.2,192.0,18.36,19.25
8635,2018-06-07,24.0,1013.0,79.0,18.34,19.25
8636,2018-06-07,23.9,1013.4,67.0,18.43,19.25
8637,2018-06-07,22.2,1013.7,0.0,18.12,19.25
8638,2018-06-07,20.8,1013.9,0.0,17.58,19.25
8639,2018-06-08,19.7,1014.1,0.0,17.026,19.25
8640,2018-06-08,18.3,1014.0,0.0,16.6,19.7
8641,2018-06-08,18.0,1013.5,0.0,16.35,19.7
8642,2018-06-08,17.9,1013.5,0.0,16.46,19.7
8643,2018-06-08,16.5,1013.5,0.0,15.645,19.7
8644,2018-06-08,15.9,1013.5,0.0,15.081,19.7
8645,2018-06-08,15.6,1013.2,7.0,14.942,19.7
8646,2018-06-08,16.9,1013.1,97.0,16.009,19.7
8647,2018-06-08,19.6,1013.3,316.0,17.56,19.7
8648,2018-06-08,21.5,1013.3,499.0,18.18,19.7
8649,2018-06-08,22.0,1013.2,715.0,18.72,19.7
8650,2018-06-08,23.1,1013.4,780.0,19.29,19.7
8651,2018-06-08,23.5,1013.5,1085.0,19.2,19.7
8652,2018-06-08,22.9,1013.4,954.0,19.66,19.7
8653,2018-06-08,23.1,1013.2,724.0,19.572,19.7
8654,2018-06-08,23.9,1012.6,898.0,19.535999999999998,19.7
8655,2018-06-08,24.6,1012.1,803.0,18.835,19.7
8656,2018-06-08,25.1,1011.8,710.0,19.758,19.7
8657,2018-06-08,25.8,1011.2,598.0,19.79,19.7
8658,2018-06-08,24.9,1011.3,257.0,19.88,19.7
8659,2018-06-08,23.6,1011.4,125.0,19.214000000000002,19.7
8660,2018-06-08,22.6,1011.5,53.0,19.36,19.7
8661,2018-06-08,21.2,1012.0,0.0,18.572,19.7
8662,2018-06-08,20.3,1012.5,0.0,18.169,19.7
8663,2018-06-09,19.5,1012.5,0.0,17.905,19.7
8664,2018-06-09,18.7,1012.5,0.0,17.53,21.35
8665,2018-06-09,18.2,1012.2,0.0,17.304000000000002,21.35
8666,2018-06-09,17.7,1012.0,0.0,17.058,21.35
8667,2018-06-09,17.2,1011.6,0.0,16.69,21.35
8668,2018-06-09,16.8,1011.6,0.0,16.408,21.35
8669,2018-06-09,16.2,1011.6,0.0,15.832,21.35
8670,2018-06-09,15.8,1011.9,33.0,15.432,21.35
8671,2018-06-09,16.1,1012.0,77.0,15.64,21.35
8672,2018-06-09,16.8,1012.2,192.0,16.021,21.35
8673,2018-06-09,17.4,1012.4,258.0,16.36,21.35
8674,2018-06-09,17.6,1012.3,308.0,16.434,21.35
8675,2018-06-09,19.7,1012.2,976.0,17.56,21.35
8676,2018-06-09,21.8,1011.8,872.0,18.840999999999998,21.35
8677,2018-06-09,23.5,1011.3,905.0,19.94,21.35
8678,2018-06-09,24.2,1011.3,756.0,20.04,21.35
8679,2018-06-09,24.7,1010.6,854.0,20.48,21.35
8680,2018-06-09,24.4,1010.5,257.0,20.34,21.35
8681,2018-06-09,23.8,1010.5,420.0,20.364,21.35
8682,2018-06-09,23.2,1010.5,79.0,19.899,21.35
8683,2018-06-09,21.9,1010.8,60.0,19.208,21.35
8684,2018-06-09,21.8,1010.7,35.0,19.238,21.35
8685,2018-06-09,21.0,1011.7,0.0,19.02,21.35
8686,2018-06-09,20.3,1011.6,0.0,18.660999999999998,21.35
8687,2018-06-10,19.4,1011.3,0.0,18.046,21.35
8688,2018-06-10,18.9,1011.7,0.0,17.71,20.25
8689,2018-06-10,18.7,1011.1,0.0,17.42,20.25
8690,2018-06-10,18.0,1010.3,0.0,16.9,20.25
8691,2018-06-10,17.5,1010.5,0.0,16.765,20.25
8692,2018-06-10,16.8,1010.2,0.0,16.212,20.25
8693,2018-06-10,16.5,1009.9,9.0,16.025,20.25
8694,2018-06-10,16.4,1010.3,49.0,16.12,20.25
8695,2018-06-10,16.7,1010.2,109.0,16.215999999999998,20.25
8696,2018-06-10,17.7,1010.2,471.0,17.379,20.25
8697,2018-06-10,20.2,1010.6,446.0,18.188,20.25
8698,2018-06-10,21.4,1010.8,469.0,18.94,20.25
8699,2018-06-10,22.4,1010.3,397.0,19.58,20.25
8700,2018-06-10,22.9,1010.2,420.0,19.94,20.25
8701,2018-06-10,23.8,1010.2,849.0,20.364,20.25
8702,2018-06-10,24.0,1009.8,480.0,20.55,20.25
8703,2018-06-10,24.5,1009.7,292.0,20.6,20.25
8704,2018-06-10,24.7,1009.1,682.0,20.976,20.25
8705,2018-06-10,22.8,1008.7,113.0,20.4,20.25
8706,2018-06-10,20.4,1009.5,105.0,19.266,20.25
8707,2018-06-10,19.7,1009.8,102.0,18.648,20.25
8708,2018-06-10,20.0,1009.5,51.0,19.09,20.25
8709,2018-06-10,19.3,1009.8,0.0,18.532,20.25
8710,2018-06-10,18.8,1010.3,0.0,18.092,20.25
8711,2018-06-11,18.6,1010.4,0.0,17.925,20.25
8712,2018-06-11,18.3,1010.0,0.0,17.83,20.3
8713,2018-06-11,18.0,1009.5,0.0,17.56,20.3
8714,2018-06-11,17.9,1009.2,0.0,17.464000000000002,20.3
8715,2018-06-11,18.0,1008.6,0.0,17.56,20.3
8716,2018-06-11,17.9,1008.4,0.0,17.464000000000002,20.3
8717,2018-06-11,17.5,1008.4,0.0,17.08,20.3
8718,2018-06-11,17.4,1008.6,9.0,16.984,20.3
8719,2018-06-11,17.4,1008.0,51.0,17.088,20.3
8720,2018-06-11,17.7,1007.6,318.0,17.185,20.3
8721,2018-06-11,18.7,1007.7,288.0,18.349,20.3
8722,2018-06-11,19.4,1008.0,366.0,18.284000000000002,20.3
8723,2018-06-12,17.2,1007.6,0.0,16.894000000000002,18.4
8724,2018-06-12,17.0,1007.2,0.0,16.7,18.4
8725,2018-06-12,17.0,1006.8,0.0,16.8,18.4
8726,2018-06-12,16.9,1006.8,0.0,16.602999999999998,18.4
8727,2018-06-12,16.3,1007.0,0.0,16.021,18.4
8728,2018-06-12,15.7,1007.1,0.0,15.514000000000001,18.4
8729,2018-06-12,15.7,1007.6,21.0,15.514000000000001,18.4
8730,2018-06-12,15.9,1007.9,33.0,15.718,18.4
8731,2018-06-12,15.4,1008.4,67.0,15.208,18.4
8732,2018-06-12,15.4,1009.0,70.0,15.112,18.4
8733,2018-06-12,14.4,1009.7,102.0,14.0,18.4
8734,2018-06-12,14.9,1010.2,200.0,14.1,18.4
8735,2018-06-12,15.5,1010.9,251.0,14.44,18.4
8736,2018-06-12,15.4,1011.3,316.0,14.116,18.4
8737,2018-06-12,16.1,1011.6,332.0,14.6,18.4
8738,2018-06-12,17.4,1011.8,345.0,15.005999999999998,18.4
8739,2018-06-12,18.2,1011.7,146.0,15.98,18.4
8740,2018-06-12,19.1,1011.5,418.0,16.669,18.4
8741,2018-06-12,18.2,1011.7,162.0,15.76,18.4
8742,2018-06-12,18.4,1012.2,135.0,15.61,18.4
8743,2018-06-12,17.8,1012.9,25.0,15.527999999999999,18.4
8744,2018-06-12,17.1,1013.7,0.0,15.686,18.4
8745,2018-06-12,15.9,1014.7,0.0,14.282,18.4
8746,2018-06-13,15.0,1015.1,0.0,13.7,18.4
8747,2018-06-13,14.1,1015.2,0.0,12.864,18.25
8748,2018-06-13,13.0,1015.6,0.0,11.84,18.25
8749,2018-06-13,12.2,1015.9,0.0,11.2,18.25
8750,2018-06-13,11.4,1016.2,0.0,10.74,18.25
8751,2018-06-13,10.8,1016.4,0.0,10.156,18.25
8752,2018-06-13,10.3,1016.7,7.0,9.718,18.25
8753,2018-06-13,10.4,1016.7,37.0,9.824,18.25
8754,2018-06-13,11.3,1016.8,207.0,10.464,18.25
8755,2018-06-13,13.0,1016.8,561.0,11.28,18.25
8756,2018-06-13,13.6,1017.0,292.0,11.488,18.25
8757,2018-06-13,14.5,1017.2,374.0,12.1,18.25
8758,2018-06-13,14.8,1017.7,190.0,12.54,18.25
8759,2018-06-13,15.3,1017.8,403.0,12.857999999999999,18.25
8760,2018-06-13,16.0,1017.8,403.0,12.8,18.25
8761,2018-06-13,16.2,1017.6,431.0,13.011,18.25
8762,2018-06-13,16.7,1017.7,545.0,13.155999999999999,18.25
8763,2018-06-13,16.5,1017.7,220.0,13.06,18.25
8764,2018-06-13,16.6,1017.3,299.0,13.277999999999999,18.25
8765,2018-06-13,17.4,1017.2,355.0,13.815999999999999,18.25
8766,2018-06-13,17.3,1017.3,111.0,13.815999999999999,18.25
8767,2018-06-13,16.8,1017.4,21.0,13.7,18.25
8768,2018-06-13,15.7,1017.5,0.0,13.202,18.25
8769,2018-06-13,14.5,1017.7,0.0,12.69,18.25
8770,2018-06-14,13.8,1017.6,0.0,12.32,18.25
8771,2018-06-14,12.7,1017.4,0.0,11.54,16.05
8772,2018-06-14,12.8,1017.1,0.0,11.56,16.05
8773,2018-06-14,12.3,1016.9,0.0,11.06,16.05
8774,2018-06-14,11.9,1016.7,0.0,10.748,16.05
8775,2018-06-14,11.3,1016.2,0.0,10.283,16.05
8776,2018-06-14,10.6,1016.1,7.0,9.863,16.05
8777,2018-06-14,11.7,1015.8,93.0,10.735999999999999,16.05
8778,2018-06-14,15.0,1015.4,281.0,13.1,16.05
8779,2018-06-14,15.9,1015.5,225.0,13.35,16.05
8780,2018-06-14,17.1,1015.6,334.0,14.009,16.05
8781,2018-06-14,17.9,1015.7,452.0,14.368,16.05
8782,2018-06-14,19.3,1015.6,554.0,15.05,16.05
8783,2018-06-14,20.3,1015.6,564.0,15.725,16.05
8784,2018-06-14,19.3,1015.1,185.0,16.45,16.05
8785,2018-06-14,19.2,1014.9,526.0,16.076,16.05
8786,2018-06-14,20.5,1014.7,378.0,16.4,16.05
8787,2018-06-14,19.8,1014.6,322.0,15.824000000000002,16.05
8788,2018-06-14,19.3,1014.7,88.0,15.88,16.05
8789,2018-06-14,18.5,1014.9,42.0,15.48,16.05
8790,2018-06-14,17.6,1015.4,30.0,15.48,16.05
8791,2018-06-14,17.5,1015.6,74.0,15.61,16.05
8792,2018-06-14,17.2,1016.0,5.0,15.67,16.05
8793,2018-06-14,16.1,1016.4,0.0,15.19,16.05
8794,2018-06-15,15.7,1016.5,0.0,14.956,16.05
8795,2018-06-15,15.1,1016.5,0.0,14.505999999999998,15.6
8796,2018-06-15,14.7,1016.1,0.0,14.2,15.6
8797,2018-06-15,14.2,1016.0,0.0,13.8,15.6
8798,2018-06-15,14.3,1015.8,0.0,13.9,15.6
8799,2018-06-15,13.7,1015.8,0.0,13.4,15.6
8800,2018-06-15,13.4,1015.9,9.0,13.0,15.6
8801,2018-06-15,13.1,1015.9,100.0,12.8,15.6
8802,2018-06-15,14.5,1016.1,123.0,13.41,15.6
8803,2018-06-15,15.8,1016.4,244.0,13.835999999999999,15.6
8804,2018-06-15,17.3,1016.6,613.0,14.57,15.6
8805,2018-06-15,20.6,1016.2,861.0,16.15,15.6
8806,2018-06-15,22.3,1016.2,1125.0,17.1,15.6
8807,2018-06-15,23.9,1015.9,1153.0,17.72,15.6
8808,2018-06-15,20.8,1015.7,272.0,15.884,15.6
8809,2018-06-15,21.3,1015.5,1164.0,16.1,15.6
8810,2018-06-15,22.8,1015.4,972.0,16.64,15.6
8811,2018-06-15,22.4,1015.1,316.0,16.164,15.6
8812,2018-06-15,22.5,1014.9,626.0,16.1,15.6
8813,2018-06-15,22.0,1014.8,304.0,15.96,15.6
8814,2018-06-15,22.2,1014.9,141.0,16.136,15.6
8815,2018-06-15,21.3,1015.1,39.0,15.53,15.6
8816,2018-06-15,19.3,1015.1,0.0,15.262,15.6
8817,2018-06-15,17.3,1015.6,0.0,14.772,15.6
8818,2018-06-16,16.3,1015.8,0.0,14.117,15.6
8819,2018-06-16,15.9,1016.0,0.0,13.700999999999999,17.6
8820,2018-06-16,15.4,1015.9,0.0,13.152000000000001,17.6
8821,2018-06-16,14.8,1015.9,0.0,12.64,17.6
8822,2018-06-16,14.0,1015.6,0.0,12.1,17.6
8823,2018-06-16,13.7,1015.5,0.0,11.694,17.6
8824,2018-06-16,13.4,1015.6,0.0,11.388,17.6
8825,2018-06-16,13.5,1015.4,46.0,11.49,17.6
8826,2018-06-16,13.9,1015.7,62.0,11.494000000000002,17.6
8827,2018-06-16,14.2,1016.3,262.0,11.96,17.6
8828,2018-06-16,15.3,1016.2,350.0,12.343,17.6
8829,2018-06-16,17.0,1016.2,819.0,13.444,17.6
8830,2018-06-16,17.6,1016.0,1127.0,13.844000000000001,17.6
8831,2018-06-16,19.3,1015.8,1076.0,13.975999999999999,17.6
8832,2018-06-16,19.8,1015.6,1195.0,14.18,17.6
8833,2018-06-16,20.0,1015.2,981.0,14.35,17.6
8834,2018-06-16,21.6,1015.2,812.0,15.085,17.6
8835,2018-06-16,21.1,1015.0,308.0,14.76,17.6
8836,2018-06-16,21.4,1014.9,311.0,14.994000000000002,17.6
8837,2018-06-16,20.7,1015.3,218.0,14.65,17.6
8838,2018-06-16,20.1,1015.5,86.0,14.69,17.6
8839,2018-06-16,19.7,1015.7,18.0,14.76,17.6
8840,2018-06-16,19.2,1015.8,0.0,14.774000000000001,17.6
8841,2018-06-16,18.6,1016.5,0.0,14.844000000000001,17.6
8842,2018-06-17,18.0,1016.5,0.0,14.22,17.6
8843,2018-06-17,17.0,1016.7,0.0,14.128,17.65
8844,2018-06-17,16.3,1016.8,0.0,13.655999999999999,17.65
8845,2018-06-17,15.7,1017.2,0.0,13.63,17.65
8846,2018-06-17,14.6,1017.6,0.0,12.864,17.65
8847,2018-06-17,14.4,1017.7,0.0,12.696,17.65
8848,2018-06-17,13.8,1017.7,7.0,11.694,17.65
8849,2018-06-17,13.5,1018.3,53.0,11.7,17.65
8850,2018-06-17,13.7,1018.4,139.0,11.591,17.65
8851,2018-06-17,14.3,1019.2,239.0,12.04,17.65
8852,2018-06-17,14.9,1019.5,304.0,12.12,17.65
8853,2018-06-17,15.3,1019.4,262.0,12.123,17.65
8854,2018-06-17,16.7,1019.4,410.0,13.004000000000001,17.65
8855,2018-06-17,16.8,1019.4,520.0,12.88,17.65
8856,2018-06-17,17.2,1019.5,325.0,13.116,17.65
8857,2018-06-17,18.0,1019.1,642.0,13.62,17.65
8858,2018-06-17,19.3,1019.2,422.0,13.892000000000001,17.65
8859,2018-06-17,19.4,1019.2,338.0,14.195,17.65
8860,2018-06-17,20.0,1019.0,214.0,14.395999999999999,17.65
8861,2018-06-17,21.2,1019.0,436.0,14.812000000000001,17.65
8862,2018-06-17,19.6,1019.4,81.0,14.412,17.65
8863,2018-06-17,19.1,1019.5,33.0,14.558,17.65
8864,2018-06-17,18.4,1019.9,0.0,14.548,17.65
8865,2018-06-17,18.4,1020.1,0.0,14.804,17.65
8866,2018-06-18,17.8,1020.2,0.0,14.632,17.65
8867,2018-06-18,17.4,1020.1,0.0,14.74,17.25
8868,2018-06-18,16.8,1020.2,0.0,14.662,17.25
8869,2018-06-18,16.3,1020.2,0.0,14.458,17.25
8870,2018-06-18,16.3,1020.1,0.0,14.458,17.25
8871,2018-06-18,16.0,1020.2,0.0,14.38,17.25
8872,2018-06-18,15.8,1020.5,7.0,14.532,17.25
8873,2018-06-18,16.0,1020.5,44.0,14.86,17.25
8874,2018-06-18,16.0,1020.8,44.0,14.98,17.25
8875,2018-06-18,16.7,1021.2,111.0,15.64,17.25
8876,2018-06-18,16.7,1021.4,230.0,15.924000000000001,17.25
8877,2018-06-18,18.0,1021.6,315.0,16.483,17.25
8878,2018-06-18,19.2,1021.4,485.0,16.669,17.25
8879,2018-06-18,17.9,1022.1,311.0,16.46,17.25
8880,2018-06-18,19.7,1021.9,332.0,17.026,17.25
8881,2018-06-18,20.8,1021.8,563.0,17.004,17.25
8882,2018-06-18,21.5,1022.0,299.0,17.21,17.25
8883,2018-06-18,22.2,1021.6,237.0,17.7,17.25
8884,2018-06-18,21.8,1021.3,287.0,17.28,17.25
8885,2018-06-18,22.5,1021.2,415.0,17.58,17.25
8886,2018-06-18,22.2,1021.7,216.0,17.0,17.25
8887,2018-06-18,21.5,1021.8,53.0,16.69,17.25
8888,2018-06-18,20.4,1022.3,0.0,16.328,17.25
8889,2018-06-18,19.4,1022.7,0.0,16.222,17.25
8890,2018-06-19,18.5,1023.1,0.0,15.81,17.25
8891,2018-06-19,17.8,1023.0,0.0,15.527999999999999,18.0
8892,2018-06-19,17.3,1023.4,0.0,15.446,18.0
8893,2018-06-19,17.0,1023.4,0.0,15.5,18.0
8894,2018-06-19,16.7,1023.6,0.0,15.412,18.0
8895,2018-06-19,16.7,1023.8,0.0,15.624,18.0
8896,2018-06-19,16.7,1024.3,0.0,15.624,18.0
8897,2018-06-19,16.8,1024.5,16.0,15.82,18.0
8898,2018-06-19,16.6,1024.8,77.0,15.832,18.0
8899,2018-06-19,17.1,1024.9,153.0,15.9,18.0
8900,2018-06-19,17.7,1025.2,248.0,16.309,18.0
8901,2018-06-19,18.5,1025.0,202.0,16.36,18.0
8902,2018-06-19,18.5,1024.9,369.0,16.47,18.0
8903,2018-06-19,19.0,1024.8,373.0,16.81,18.0
8904,2018-06-19,20.0,1024.6,431.0,17.26,18.0
8905,2018-06-19,21.9,1024.2,580.0,18.102,18.0
8906,2018-06-19,22.7,1023.9,329.0,18.62,18.0
8907,2018-06-19,23.5,1023.6,241.0,19.05,18.0
8908,2018-06-19,24.1,1023.2,178.0,19.18,18.0
8909,2018-06-19,23.7,1022.7,236.0,19.14,18.0
8910,2018-06-19,24.4,1022.6,40.0,19.54,18.0
8911,2018-06-19,23.5,1022.5,53.0,19.5,18.0
8912,2018-06-19,20.8,1022.5,0.0,17.959,18.0
8913,2018-06-19,19.2,1022.8,0.0,17.195999999999998,18.0
8914,2018-06-20,18.4,1022.6,0.0,16.82,18.0
8915,2018-06-20,17.6,1022.5,0.0,16.416,20.15
8916,2018-06-20,17.2,1022.4,0.0,16.18,20.15
8917,2018-06-20,16.9,1022.1,0.0,15.91,20.15
8918,2018-06-20,16.7,1021.9,0.0,15.73,20.15
8919,2018-06-20,15.8,1021.8,0.0,15.064,20.15
8920,2018-06-20,15.2,1021.5,9.0,14.514000000000001,20.15
8921,2018-06-20,16.4,1021.3,100.0,15.835999999999999,20.15
8922,2018-06-20,18.9,1021.3,287.0,17.16,20.15
8923,2018-06-20,21.0,1021.1,471.0,18.253,20.15
8924,2018-06-20,23.1,1021.0,701.0,19.572,20.15
8925,2018-06-20,23.5,1020.9,904.0,19.412,20.15
8926,2018-06-20,24.5,1020.8,933.0,19.96,20.15
8927,2018-06-20,25.5,1020.4,960.0,19.83,20.15
8928,2018-06-20,25.4,1019.9,995.0,19.73,20.15
8929,2018-06-20,26.7,1019.5,853.0,20.352,20.15
8930,2018-06-20,26.4,1019.1,125.0,20.124000000000002,20.15
8931,2018-06-20,27.2,1018.7,707.0,19.777,20.15
8932,2018-06-20,28.4,1018.3,563.0,20.452,20.15
8933,2018-06-20,27.5,1017.9,380.0,19.445,20.15
8934,2018-06-20,27.9,1017.8,213.0,19.7,20.15
8935,2018-06-20,26.8,1017.6,54.0,19.609,20.15
8936,2018-06-20,24.3,1017.9,0.0,19.22,20.15
8937,2018-06-20,22.7,1018.2,0.0,18.76,20.15
8938,2018-06-21,21.3,1018.0,0.0,18.242,20.15
8939,2018-06-21,20.3,1018.1,0.0,17.8,22.55
8940,2018-06-21,19.6,1018.2,0.0,17.528,22.55
8941,2018-06-21,18.8,1018.4,0.0,17.07,22.55
8942,2018-06-21,17.8,1018.0,0.0,16.18,22.55
8943,2018-06-21,17.0,1018.0,0.0,15.6,22.55
8944,2018-06-21,15.9,1018.3,5.0,15.081,22.55
8945,2018-06-21,15.8,1018.6,58.0,15.155999999999999,22.55
8946,2018-06-21,15.9,1019.2,37.0,15.263,22.55
8947,2018-06-21,16.2,1019.6,95.0,15.372,22.55
8948,2018-06-21,16.7,1020.1,452.0,15.306,22.55
8949,2018-06-21,17.5,1020.5,209.0,14.94,22.55
8950,2018-06-21,18.2,1020.7,976.0,14.508,22.55
8951,2018-06-21,18.7,1020.8,972.0,13.99,22.55
8952,2018-06-21,19.2,1021.1,1171.0,14.165999999999999,22.55
8953,2018-06-21,19.4,1021.1,882.0,13.704,22.55
8954,2018-06-21,19.5,1021.7,613.0,13.216,22.55
8955,2018-06-21,19.5,1022.2,682.0,12.908,22.55
8956,2018-06-21,19.2,1022.5,448.0,12.468,22.55
8957,2018-06-21,18.7,1022.9,396.0,12.415999999999999,22.55
8958,2018-06-21,18.5,1023.2,227.0,12.095,22.55
8959,2018-06-21,16.7,1023.9,60.0,11.42,22.55
8960,2018-06-21,14.9,1025.0,0.0,10.006,22.55
8961,2018-06-21,13.8,1026.0,0.0,9.782,22.55
8962,2018-06-22,12.9,1026.5,0.0,8.939,22.55
8963,2018-06-22,12.3,1026.9,0.0,8.648,18.25
8964,2018-06-22,11.9,1027.0,0.0,8.1,18.25
8965,2018-06-22,11.3,1026.9,0.0,7.746,18.25
8966,2018-06-22,10.3,1026.7,0.0,7.478,18.25
8967,2018-06-22,9.7,1027.1,0.0,7.24,18.25
8968,2018-06-22,9.2,1027.6,9.0,7.2,18.25
8969,2018-06-22,9.9,1027.8,100.0,7.8870000000000005,18.25
8970,2018-06-22,11.5,1028.0,313.0,8.845,18.25
8971,2018-06-22,12.9,1028.5,485.0,9.415,18.25
8972,2018-06-22,14.9,1028.3,643.0,10.125,18.25
8973,2018-06-22,16.2,1028.3,782.0,11.06,18.25
8974,2018-06-22,17.3,1028.1,884.0,11.57,18.25
8975,2018-06-22,18.2,1027.8,1121.0,12.390999999999998,18.25
8976,2018-06-22,19.0,1027.6,1028.0,12.609000000000002,18.25
8977,2018-06-22,19.7,1027.1,432.0,13.061,18.25
8978,2018-06-22,20.2,1026.8,997.0,13.488,18.25
8979,2018-06-22,20.2,1026.7,221.0,13.31,18.25
8980,2018-06-22,19.9,1026.4,141.0,13.22,18.25
8981,2018-06-22,20.9,1026.3,540.0,13.592,18.25
8982,2018-06-22,20.1,1026.2,225.0,13.048,18.25
8983,2018-06-22,19.0,1026.3,56.0,12.54,18.25
8984,2018-06-22,17.2,1026.8,0.0,11.602,18.25
8985,2018-06-22,16.0,1027.7,0.0,11.3,18.25
8986,2018-06-23,14.9,1027.8,0.0,10.363,18.25
8987,2018-06-23,13.6,1027.8,0.0,9.92,16.95
8988,2018-06-23,13.1,1027.6,0.0,9.13,16.95
8989,2018-06-23,11.8,1027.4,0.0,8.912,16.95
8990,2018-06-23,11.0,1027.5,0.0,8.754,16.95
8991,2018-06-23,10.2,1027.4,0.0,8.318,16.95
8992,2018-06-23,9.7,1027.6,9.0,8.144,16.95
8993,2018-06-23,10.2,1027.6,102.0,8.482000000000001,16.95
8994,2018-06-23,11.9,1027.7,306.0,9.902000000000001,16.95
8995,2018-06-23,13.6,1027.7,482.0,10.864,16.95
8996,2018-06-23,15.2,1027.4,649.0,11.097999999999999,16.95
8997,2018-06-23,16.3,1027.4,770.0,11.58,16.95
8998,2018-06-23,17.9,1027.3,874.0,11.693,16.95
8999,2018-06-23,18.7,1026.8,937.0,11.29,16.95
9000,2018-06-23,19.7,1026.4,552.0,12.692,16.95
9001,2018-06-23,20.2,1025.8,925.0,13.116,16.95
9002,2018-06-23,21.0,1025.4,886.0,13.94,16.95
9003,2018-06-23,21.3,1024.9,789.0,14.254000000000001,16.95
9004,2018-06-23,21.2,1024.5,248.0,14.112,16.95
9005,2018-06-23,20.9,1024.3,206.0,14.22,16.95
9006,2018-06-23,20.2,1023.9,83.0,13.86,16.95
9007,2018-06-23,19.1,1023.7,30.0,13.394,16.95
9008,2018-06-23,17.9,1023.7,0.0,12.884,16.95
9009,2018-06-23,17.2,1024.1,0.0,12.578,16.95
9010,2018-06-24,16.5,1024.2,0.0,12.34,16.95
9011,2018-06-24,15.7,1024.1,0.0,11.769,15.4
9012,2018-06-24,14.9,1023.7,0.0,11.32,15.4
9013,2018-06-24,14.9,1023.4,0.0,11.44,15.4
9014,2018-06-24,14.2,1022.8,0.0,11.12,15.4
9015,2018-06-24,13.6,1022.6,0.0,10.64,15.4
9016,2018-06-24,13.3,1022.5,11.0,10.537,15.4
9017,2018-06-24,13.3,1022.5,54.0,10.644,15.4
9018,2018-06-24,14.2,1022.4,181.0,11.46,15.4
9019,2018-06-24,16.2,1022.6,445.0,12.564,15.4
9020,2018-06-24,17.9,1022.5,448.0,13.142000000000001,15.4
9021,2018-06-24,19.2,1022.6,691.0,13.255999999999998,15.4
9022,2018-06-24,20.0,1022.5,856.0,13.58,15.4
9023,2018-06-24,20.3,1022.4,786.0,13.94,15.4
9024,2018-06-24,21.2,1022.1,842.0,14.395999999999999,15.4
9025,2018-06-24,21.6,1021.7,742.0,14.515,15.4
9026,2018-06-24,21.9,1021.3,714.0,14.415999999999999,15.4
9027,2018-06-24,21.9,1021.1,621.0,13.969000000000001,15.4
9028,2018-06-24,21.9,1020.7,480.0,14.118,15.4
9029,2018-06-24,21.8,1020.6,339.0,14.184000000000001,15.4
9030,2018-06-24,21.7,1020.8,206.0,14.835999999999999,15.4
9031,2018-06-24,20.4,1020.8,76.0,14.41,15.4
9032,2018-06-24,19.1,1021.1,0.0,14.002,15.4
9033,2018-06-24,17.6,1021.6,0.0,13.472000000000001,15.4
9034,2018-06-25,17.0,1021.9,0.0,13.116,15.4
9035,2018-06-25,15.9,1022.3,0.0,12.8,16.05
9036,2018-06-25,15.0,1022.4,0.0,12.5,16.05
9037,2018-06-25,14.5,1022.3,0.0,12.5,16.05
9038,2018-06-25,13.9,1022.3,0.0,12.26,16.05
9039,2018-06-25,13.3,1022.2,0.0,12.0,16.05
9040,2018-06-25,12.8,1022.3,7.0,11.56,16.05
9041,2018-06-25,13.7,1022.4,93.0,12.12,16.05
9042,2018-06-25,15.3,1022.7,294.0,12.755,16.05
9043,2018-06-25,16.2,1023.1,466.0,12.886,16.05
9044,2018-06-25,17.3,1023.0,628.0,13.689,16.05
9045,2018-06-25,18.5,1023.2,759.0,14.24,16.05
9046,2018-06-25,19.8,1023.0,863.0,14.892999999999999,16.05
9047,2018-06-26,18.8,1022.8,0.0,15.148,18.8
9048,2018-06-26,17.7,1022.6,0.0,14.769,18.8
9049,2018-06-26,17.0,1022.4,0.0,14.4,18.8
9050,2018-06-26,16.3,1022.1,0.0,13.552,18.8
9051,2018-06-26,15.7,1022.1,0.0,13.095,18.8
9052,2018-06-26,15.0,1022.4,7.0,12.7,18.8
9053,2018-06-26,15.7,1022.7,90.0,13.202,18.8
9054,2018-06-26,16.9,1022.8,283.0,14.175999999999998,18.8
9055,2018-06-26,18.7,1022.9,461.0,15.062000000000001,18.8
9056,2018-06-26,20.8,1022.6,624.0,15.929,18.8
9057,2018-06-26,22.2,1022.5,763.0,16.424,18.8
9058,2018-06-26,23.6,1022.5,861.0,16.78,18.8
9059,2018-06-26,23.9,1022.2,921.0,16.608,18.8
9060,2018-06-26,24.9,1022.0,932.0,17.272000000000002,18.8
9061,2018-06-26,25.3,1021.7,896.0,17.551,18.8
9062,2018-06-26,26.2,1021.4,814.0,17.824,18.8
9063,2018-06-26,26.4,1021.1,693.0,17.805999999999997,18.8
9064,2018-06-26,26.2,1020.9,552.0,16.078,18.8
9065,2018-06-26,25.9,1020.6,385.0,15.62,18.8
9066,2018-06-26,25.5,1020.5,225.0,15.43,18.8
9067,2018-06-26,24.5,1020.5,56.0,15.19,18.8
9068,2018-06-26,22.5,1020.5,5.0,14.944,18.8
9069,2018-06-26,21.0,1021.0,0.0,14.63,18.8
9070,2018-06-27,19.9,1020.8,0.0,14.395999999999999,18.8
9071,2018-06-27,19.5,1020.6,0.0,14.33,19.65
9072,2018-06-27,18.6,1020.6,0.0,14.052,19.65
9073,2018-06-27,17.8,1020.6,0.0,13.665999999999999,19.65
9074,2018-06-27,16.3,1020.8,0.0,13.213,19.65
9075,2018-06-27,15.4,1020.7,0.0,12.944,19.65
9076,2018-06-27,14.5,1020.7,9.0,12.78,19.65
9077,2018-06-27,15.4,1020.7,90.0,13.575999999999999,19.65
9078,2018-06-27,17.1,1020.6,281.0,14.76,19.65
9079,2018-06-27,19.0,1020.6,459.0,15.51,19.65
9080,2018-06-27,20.7,1020.5,619.0,16.348,19.65
9081,2018-06-27,23.1,1020.3,747.0,17.71,19.65
9082,2018-06-27,24.3,1020.1,858.0,17.822,19.65
9083,2018-06-27,25.3,1020.0,909.0,18.27,19.65
9084,2018-06-27,26.1,1019.7,916.0,18.494,19.65
9085,2018-06-27,26.9,1019.4,879.0,18.48,19.65
9086,2018-06-27,27.8,1018.6,802.0,18.863,19.65
9087,2018-06-27,27.6,1018.1,684.0,18.596,19.65
9088,2018-06-27,28.1,1017.7,534.0,19.1,19.65
9089,2018-06-27,27.7,1017.5,352.0,19.245,19.65
9090,2018-06-27,26.9,1017.5,207.0,19.086,19.65
9091,2018-06-27,25.9,1017.5,54.0,18.7,19.65
9092,2018-06-27,24.3,1017.9,0.0,18.148,19.65
9093,2018-06-27,23.0,1018.6,0.0,17.48,19.65
9094,2018-06-28,22.3,1018.5,0.0,17.1,19.65
9095,2018-06-28,20.4,1018.5,0.0,16.4,21.5
9096,2018-06-28,19.2,1018.4,0.0,16.188,21.5
9097,2018-06-28,18.2,1018.3,0.0,15.98,21.5
9098,2018-06-28,17.3,1018.1,0.0,15.549000000000001,21.5
9099,2018-06-28,17.5,1018.1,0.0,15.715,21.5
9100,2018-06-28,16.3,1018.1,9.0,14.914000000000001,21.5
9101,2018-06-28,16.6,1018.2,91.0,15.1,21.5
9102,2018-06-28,18.3,1018.3,276.0,15.96,21.5
9103,2018-06-28,20.7,1018.4,452.0,16.298,21.5
9104,2018-06-28,21.2,1018.5,621.0,16.248,21.5
9105,2018-06-28,23.4,1018.3,765.0,16.89,21.5
9106,2018-06-28,24.9,1018.2,863.0,16.402,21.5
9107,2018-06-28,25.5,1017.9,902.0,15.94,21.5
9108,2018-06-28,26.0,1017.4,933.0,16.22,21.5
9109,2018-06-28,26.1,1016.8,889.0,16.642,21.5
9110,2018-06-28,26.5,1016.4,809.0,16.4,21.5
9111,2018-06-28,27.0,1015.9,680.0,16.75,21.5
9112,2018-06-28,27.1,1015.4,538.0,16.75,21.5
9113,2018-06-28,26.9,1015.2,373.0,16.68,21.5
9114,2018-06-28,26.4,1015.2,218.0,16.97,21.5
9115,2018-06-28,25.6,1015.3,53.0,16.912,21.5
9116,2018-06-28,24.4,1015.6,0.0,16.69,21.5
9117,2018-06-28,23.0,1016.1,0.0,16.52,21.5
9118,2018-06-29,22.3,1016.3,0.0,16.37,21.5
9119,2018-06-29,22.0,1016.4,0.0,15.96,20.85
9120,2018-06-29,20.0,1016.3,0.0,15.338,20.85
9121,2018-06-29,18.6,1016.1,0.0,14.975999999999999,20.85
9122,2018-06-29,18.0,1016.2,0.0,14.92,20.85
9123,2018-06-29,17.6,1015.7,0.0,14.91,20.85
9124,2018-06-29,17.5,1015.7,7.0,14.94,20.85
9125,2018-06-29,18.3,1015.6,84.0,15.3,20.85
9126,2018-06-29,19.4,1015.5,211.0,15.673,20.85
9127,2018-06-29,21.0,1015.4,403.0,16.28,20.85
9128,2018-06-29,22.2,1015.5,606.0,17.0,20.85
9129,2018-06-29,23.5,1015.2,729.0,17.67,20.85
9130,2018-06-29,25.1,1014.8,831.0,18.58,20.85
9131,2018-06-29,26.6,1014.3,896.0,18.508,20.85
9132,2018-06-29,27.3,1013.9,993.0,18.99,20.85
9133,2018-06-29,26.6,1013.6,255.0,18.508,20.85
9134,2018-06-29,26.8,1013.2,227.0,19.012,20.85
9135,2018-06-29,27.0,1012.7,274.0,18.99,20.85
9136,2018-06-29,27.4,1012.3,272.0,19.172,20.85
9137,2018-06-29,27.1,1012.1,186.0,19.172,20.85
9138,2018-06-29,26.7,1011.9,97.0,18.938,20.85
9139,2018-06-29,26.5,1012.0,77.0,18.61,20.85
9140,2018-06-29,25.3,1012.1,0.0,17.734,20.85
9141,2018-06-29,24.3,1012.4,0.0,17.17,20.85
9142,2018-06-30,22.6,1012.6,0.0,17.82,20.85
9143,2018-06-30,21.7,1012.5,0.0,17.706,22.05
9144,2018-06-30,20.9,1012.2,0.0,16.809,22.05
9145,2018-06-30,20.4,1011.9,0.0,16.525,22.05
9146,2018-06-30,19.2,1011.7,0.0,16.188,22.05
9147,2018-06-30,18.7,1011.6,0.0,15.88,22.05
9148,2018-06-30,18.0,1011.3,7.0,15.58,22.05
9149,2018-06-30,18.3,1011.3,77.0,15.85,22.05
9150,2018-06-30,19.8,1011.2,250.0,16.514,22.05
9151,2018-06-30,21.0,1011.1,422.0,16.64,22.05
9152,2018-06-30,22.7,1010.8,585.0,17.96,22.05
9153,2018-06-30,24.7,1010.6,721.0,19.033,22.05
9154,2018-06-30,26.5,1010.3,816.0,19.95,22.05
9155,2018-06-30,27.8,1010.0,886.0,20.518,22.05
9156,2018-06-30,28.8,1009.7,315.0,21.22,22.05
9157,2018-06-30,29.7,1009.2,939.0,21.554000000000002,22.05
9158,2018-06-30,29.8,1008.9,833.0,21.03,22.05
9159,2018-06-30,30.6,1008.4,686.0,21.62,22.05
9160,2018-06-30,30.2,1008.4,515.0,21.144000000000002,22.05
9161,2018-06-30,30.6,1008.0,366.0,21.244,22.05
9162,2018-06-30,30.4,1007.8,195.0,21.48,22.05
9163,2018-06-30,29.6,1008.0,53.0,21.471999999999998,22.05
9164,2018-06-30,27.9,1008.2,0.0,20.5,22.05
9165,2018-06-30,26.1,1008.4,0.0,20.238,22.05
9166,2018-07-01,25.1,1008.5,0.0,19.916,22.05
9167,2018-07-01,24.5,1008.5,0.0,19.64,24.15
9168,2018-07-01,23.6,1008.3,0.0,19.284000000000002,24.15
9169,2018-07-01,22.5,1008.2,0.0,18.84,24.15
9170,2018-07-01,22.3,1008.1,0.0,18.78,24.15
9171,2018-07-01,21.4,1008.1,0.0,18.21,24.15
9172,2018-07-01,21.4,1008.1,7.0,18.064,24.15
9173,2018-07-01,22.4,1008.3,86.0,18.6,24.15
9174,2018-07-01,23.5,1008.5,257.0,19.05,24.15
9175,2018-07-01,24.7,1008.5,434.0,19.68,24.15
9176,2018-07-01,25.8,1008.6,599.0,20.2,24.15
9177,2018-07-01,27.6,1008.6,777.0,21.072,24.15
9178,2018-07-01,28.9,1008.6,805.0,21.787,24.15
9179,2018-07-01,30.3,1008.4,963.0,22.32,24.15
9180,2018-07-01,30.7,1008.2,529.0,22.061999999999998,24.15
9181,2018-07-01,32.0,1008.1,195.0,22.276,24.15
9182,2018-07-01,30.2,1008.1,258.0,21.928,24.15
9183,2018-07-01,29.1,1007.8,230.0,22.285,24.15
9184,2018-07-01,29.0,1007.7,128.0,21.945999999999998,24.15
9185,2018-07-01,28.3,1007.7,114.0,22.246,24.15
9186,2018-07-01,28.3,1007.8,77.0,21.381999999999998,24.15
9187,2018-07-01,27.9,1008.1,7.0,20.1,24.15
9188,2018-07-01,27.0,1008.4,0.0,19.6,24.15
9189,2018-07-01,26.1,1008.7,0.0,19.212,24.15
9190,2018-07-02,25.5,1008.9,0.0,18.115,24.15
9191,2018-07-02,25.1,1009.9,0.0,17.538,25.1
9192,2018-07-02,24.3,1010.2,0.0,17.011,25.1
9193,2018-07-02,23.0,1009.5,0.0,16.52,25.1
9194,2018-07-02,21.6,1009.2,0.0,16.532,25.1
9195,2018-07-02,20.8,1007.9,0.0,15.72,25.1
9196,2018-07-02,21.8,1008.4,7.0,15.495999999999999,25.1
9197,2018-07-02,21.7,1008.8,65.0,15.677999999999999,25.1
9198,2018-07-02,22.4,1008.9,269.0,16.164,25.1
9199,2018-07-02,23.2,1010.1,183.0,15.952,25.1
9200,2018-07-02,21.8,1010.6,265.0,16.7,25.1
9201,2018-07-02,23.1,1011.7,155.0,17.32,25.1
9202,2018-07-02,24.8,1011.2,1007.0,17.864,25.1
9203,2018-07-02,25.1,1008.3,455.0,16.72,25.1
9204,2018-07-02,26.4,1009.5,610.0,17.805999999999997,25.1
9205,2018-07-02,29.0,1010.1,868.0,19.637999999999998,25.1
9206,2018-07-02,28.6,1010.1,819.0,18.938,25.1
9207,2018-07-02,29.8,1010.2,663.0,20.02,25.1
9208,2018-07-02,30.2,1010.2,652.0,20.948,25.1
9209,2018-07-02,28.8,1010.2,188.0,21.378,25.1
9210,2018-07-02,28.6,1010.3,232.0,21.82,25.1
9211,2018-07-02,27.3,1010.7,53.0,20.142,25.1
9212,2018-07-02,25.8,1011.4,0.0,19.55,25.1
9213,2018-07-02,24.4,1012.0,0.0,19.22,25.1
9214,2018-07-03,22.6,1011.9,0.0,18.8,25.1
9215,2018-07-03,21.2,1012.3,0.0,17.832,26.35
9216,2018-07-03,20.4,1012.3,0.0,17.768,26.35
9217,2018-07-03,19.8,1012.3,0.0,17.694000000000003,26.35
9218,2018-07-03,19.4,1012.6,0.0,17.59,26.35
9219,2018-07-03,18.8,1012.8,0.0,17.27,26.35
9220,2018-07-03,18.2,1013.2,7.0,16.86,26.35
9221,2018-07-03,18.2,1013.2,88.0,17.08,26.35
9222,2018-07-03,19.1,1013.5,272.0,17.779,26.35
9223,2018-07-03,21.0,1013.9,439.0,18.658,26.35
9224,2018-07-03,22.9,1013.8,601.0,19.48,26.35
9225,2018-07-03,25.9,1014.0,766.0,20.444000000000003,26.35
9226,2018-07-03,28.3,1014.0,863.0,20.984,26.35
9227,2018-07-03,28.1,1014.1,1011.0,21.043000000000003,26.35
9228,2018-07-03,28.8,1013.8,1063.0,21.287,26.35
9229,2018-07-03,30.1,1013.5,972.0,21.666,26.35
9230,2018-07-03,29.6,1013.2,888.0,21.39,26.35
9231,2018-07-03,30.4,1012.9,686.0,20.904,26.35
9232,2018-07-03,30.8,1012.2,531.0,20.348,26.35
9233,2018-07-03,30.1,1012.1,367.0,19.968,26.35
9234,2018-07-03,29.0,1012.5,202.0,19.93,26.35
9235,2018-07-03,27.8,1012.5,58.0,19.612000000000002,26.35
9236,2018-07-03,26.2,1013.0,0.0,19.284000000000002,26.35
9237,2018-07-03,23.9,1013.3,0.0,18.904,26.35
9238,2018-07-04,22.9,1013.7,0.0,18.96,26.35
9239,2018-07-04,21.9,1014.0,0.0,18.785,25.95
9240,2018-07-04,21.3,1013.8,0.0,18.389,25.95
9241,2018-07-04,20.6,1013.7,0.0,18.1,25.95
9242,2018-07-04,19.7,1013.6,0.0,17.611,25.95
9243,2018-07-04,18.8,1013.5,0.0,17.18,25.95
9244,2018-07-04,19.0,1013.4,5.0,17.47,25.95
9245,2018-07-04,19.3,1013.5,76.0,17.618,25.95
9246,2018-07-04,20.4,1013.6,135.0,18.148,25.95
9247,2018-07-04,20.7,1013.8,290.0,18.327,25.95
9248,2018-07-04,22.4,1013.9,288.0,18.74,25.95
9249,2018-07-04,24.5,1013.7,856.0,19.7,25.95
9250,2018-07-04,27.4,1013.5,366.0,20.404,25.95
9251,2018-07-04,27.5,1013.3,207.0,20.495,25.95
9252,2018-07-04,24.0,1012.8,1079.0,19.56,25.95
9253,2018-07-04,27.0,1012.3,939.0,20.146,25.95
9254,2018-07-04,29.0,1012.0,246.0,19.93,25.95
9255,2018-07-04,28.1,1011.6,817.0,18.66,25.95
9256,2018-07-04,28.8,1011.3,555.0,18.736,25.95
9257,2018-07-04,27.8,1010.8,332.0,18.01,25.95
9258,2018-07-04,27.5,1010.3,216.0,18.22,25.95
9259,2018-07-04,26.7,1010.9,65.0,18.234,25.95
9260,2018-07-04,25.3,1011.6,5.0,18.71,25.95
9261,2018-07-04,22.5,1012.3,0.0,18.98,25.95
9262,2018-07-05,21.5,1012.5,0.0,18.325,25.95
9263,2018-07-05,20.7,1012.1,0.0,18.059,23.55
9264,2018-07-05,20.3,1012.1,0.0,17.923,23.55
9265,2018-07-05,19.8,1011.8,0.0,17.458,23.55
9266,2018-07-05,19.3,1011.5,0.0,17.166,23.55
9267,2018-07-05,18.8,1011.5,0.0,16.96,23.55
9268,2018-07-05,18.9,1011.4,5.0,16.83,23.55
9269,2018-07-05,18.9,1012.1,42.0,16.72,23.55
9270,2018-07-05,18.5,1012.4,90.0,16.56,23.55
9271,2018-07-05,19.1,1012.8,195.0,16.92,23.55
9272,2018-07-05,20.3,1013.2,269.0,17.542,23.55
9273,2018-07-05,22.2,1013.3,613.0,18.34,23.55
9274,2018-07-05,23.3,1013.5,406.0,19.032,23.55
9275,2018-07-05,23.7,1013.6,809.0,18.828,23.55
9276,2018-07-05,24.3,1013.4,578.0,18.96,23.55
9277,2018-07-05,25.1,1013.3,835.0,18.893,23.55
9278,2018-07-05,24.9,1013.7,399.0,18.555,23.55
9279,2018-07-05,25.0,1013.7,336.0,18.48,23.55
9280,2018-07-05,25.7,1013.8,381.0,18.57,23.55
9281,2018-07-05,25.1,1013.8,165.0,17.9,23.55
9282,2018-07-05,25.1,1014.1,250.0,20.39,23.55
9283,2018-07-05,25.1,1014.5,58.0,17.719,23.55
9284,2018-07-05,23.4,1015.2,5.0,16.96,23.55
9285,2018-07-05,22.0,1016.1,0.0,16.52,23.55
9286,2018-07-06,20.6,1016.6,0.0,15.975999999999999,23.55
9287,2018-07-06,19.5,1017.1,0.0,15.68,22.4
9288,2018-07-06,18.5,1017.3,0.0,15.46,22.4
9289,2018-07-06,17.9,1017.6,0.0,15.054,22.4
9290,2018-07-06,17.2,1017.7,0.0,14.334000000000001,22.4
9291,2018-07-06,16.7,1017.6,0.0,13.617,22.4
9292,2018-07-06,16.4,1017.9,5.0,13.645,22.4
9293,2018-07-06,16.5,1018.4,72.0,13.76,22.4
9294,2018-07-06,17.8,1018.7,248.0,14.882,22.4
9295,2018-07-06,19.6,1019.2,427.0,16.18,22.4
9296,2018-07-06,21.4,1019.3,591.0,16.604,22.4
9297,2018-07-06,24.0,1019.6,722.0,17.22,22.4
9298,2018-07-06,24.9,1019.7,837.0,17.002,22.4
9299,2018-07-06,25.1,1019.8,888.0,17.44,22.4
9300,2018-07-06,26.3,1019.6,951.0,18.274,22.4
9301,2018-07-06,27.9,1019.5,937.0,18.43,22.4
9302,2018-07-06,27.7,1019.4,858.0,18.480999999999998,22.4
9303,2018-07-06,28.4,1019.4,747.0,18.202,22.4
9304,2018-07-06,28.3,1019.2,536.0,17.498,22.4
9305,2018-07-06,28.7,1019.0,294.0,17.842,22.4
9306,2018-07-06,28.6,1019.1,141.0,18.164,22.4
9307,2018-07-06,27.3,1019.2,86.0,18.189,22.4
9308,2018-07-06,25.4,1019.8,5.0,17.648,22.4
9309,2018-07-06,24.4,1020.6,0.0,18.34,22.4
9310,2018-07-07,22.6,1020.9,0.0,17.4,22.4
9311,2018-07-07,22.0,1021.0,0.0,17.36,23.8
9312,2018-07-07,21.4,1021.0,0.0,17.224,23.8
9313,2018-07-07,20.4,1020.9,0.0,17.108,23.8
9314,2018-07-07,20.0,1021.1,0.0,17.02,23.8
9315,2018-07-07,19.2,1021.1,0.0,16.748,23.8
9316,2018-07-07,18.7,1021.3,5.0,16.54,23.8
9317,2018-07-07,18.9,1021.5,70.0,16.61,23.8
9318,2018-07-07,20.2,1021.6,232.0,17.195999999999998,23.8
9319,2018-07-07,22.7,1021.8,408.0,18.62,23.8
9320,2018-07-07,25.1,1021.9,571.0,19.6,23.8
9321,2018-07-07,26.9,1021.9,710.0,19.538,23.8
9322,2018-07-07,27.4,1021.8,838.0,19.354,23.8
9323,2018-07-07,28.7,1021.8,889.0,19.474,23.8
9324,2018-07-07,28.3,1021.5,972.0,18.74,23.8
9325,2018-07-07,29.6,1021.1,925.0,19.105,23.8
9326,2018-07-07,29.1,1020.9,881.0,19.1,23.8
9327,2018-07-07,30.2,1020.6,735.0,19.496,23.8
9328,2018-07-07,29.1,1020.5,615.0,19.187,23.8
9329,2018-07-07,28.4,1020.1,227.0,19.024,23.8
9330,2018-07-07,28.3,1020.1,121.0,18.942999999999998,23.8
9331,2018-07-07,27.8,1020.2,63.0,19.33,23.8
9332,2018-07-07,25.9,1020.5,0.0,18.7,23.8
9333,2018-07-07,24.7,1020.8,0.0,17.62,23.8
9334,2018-07-08,23.9,1021.1,0.0,17.38,23.8
9335,2018-07-08,22.6,1021.5,0.0,17.192,23.25
9336,2018-07-08,21.7,1021.4,0.0,16.902,23.25
9337,2018-07-08,21.1,1021.4,0.0,16.754,23.25
9338,2018-07-08,20.3,1021.3,0.0,16.383,23.25
9339,2018-07-08,19.8,1021.3,0.0,16.16,23.25
9340,2018-07-08,19.4,1021.4,5.0,16.222,23.25
9341,2018-07-08,19.5,1021.8,84.0,16.755,23.25
9342,2018-07-08,20.8,1021.8,220.0,17.148,23.25
9343,2018-07-08,23.4,1021.9,388.0,18.672,23.25
9344,2018-07-08,25.3,1021.9,571.0,19.12,23.25
9345,2018-07-08,27.1,1021.8,715.0,19.172,23.25
9346,2018-07-08,27.9,1021.7,793.0,19.524,23.25
9347,2018-07-08,28.3,1021.4,865.0,19.552,23.25
9348,2018-07-08,29.1,1021.0,991.0,19.187,23.25
9349,2018-07-08,28.8,1020.7,311.0,19.764,23.25
9350,2018-07-08,29.1,1020.6,236.0,20.017,23.25
9351,2018-07-08,28.6,1020.3,355.0,20.302,23.25
9352,2018-07-08,29.0,1020.2,559.0,20.14,23.25
9353,2018-07-08,28.9,1019.9,243.0,20.14,23.25
9354,2018-07-08,28.1,1019.9,114.0,19.585,23.25
9355,2018-07-08,26.5,1020.3,39.0,18.686,23.25
9356,2018-07-08,25.5,1020.8,0.0,18.3,23.25
9357,2018-07-08,24.3,1021.5,0.0,17.659000000000002,23.25
9358,2018-07-09,23.1,1021.9,0.0,17.14,23.25
9359,2018-07-09,21.8,1022.0,0.0,16.7,24.05
9360,2018-07-09,20.4,1022.2,0.0,15.32,24.05
9361,2018-07-09,19.3,1022.3,0.0,14.44,24.05
9362,2018-07-09,18.0,1022.2,0.0,14.22,24.05
9363,2018-07-09,16.9,1022.1,0.0,13.819,24.05
9364,2018-07-09,16.4,1022.3,5.0,13.655999999999999,24.05
9365,2018-07-09,16.4,1022.5,72.0,13.884,24.05
9366,2018-07-09,17.8,1022.4,260.0,14.856,24.05
9367,2018-07-09,20.1,1022.6,429.0,15.65,24.05
9368,2018-07-09,21.4,1022.5,605.0,15.932,24.05
9369,2018-07-09,22.1,1022.5,742.0,16.048,24.05
9370,2018-07-09,23.1,1022.1,854.0,16.34,24.05
9371,2018-07-09,24.2,1021.8,348.0,17.011,24.05
9372,2018-07-09,24.3,1021.2,1034.0,17.17,24.05
9373,2018-07-09,25.3,1020.8,345.0,17.368,24.05
9374,2018-07-09,25.5,1020.5,844.0,17.375,24.05
9375,2018-07-09,25.3,1020.3,696.0,17.454,24.05
9376,2018-07-09,25.8,1020.1,555.0,17.66,24.05
9377,2018-07-09,25.4,1019.7,464.0,17.28,24.05
9378,2018-07-09,24.8,1019.7,229.0,17.098,24.05
9379,2018-07-09,24.0,1019.6,53.0,16.9,24.05
9380,2018-07-09,22.8,1019.8,0.0,16.508,24.05
9381,2018-07-09,21.8,1020.1,0.0,16.736,24.05
9382,2018-07-10,20.8,1020.1,0.0,16.25,24.05
9383,2018-07-13,21.5,1017.5,459.0,16.03,17.65
9384,2018-07-13,21.5,1017.5,459.0,16.03,17.65
9385,2018-07-13,21.5,1017.5,459.0,16.03,17.65
9386,2018-07-13,0.0,0.0,32767.0,0.0,17.65
9387,2018-07-13,18.2,1018.1,0.0,15.74,17.65
9388,2018-07-13,17.3,1018.3,0.0,15.527999999999999,17.65
9389,2018-07-13,16.9,1018.2,53.0,15.298,17.65
9390,2018-07-13,17.8,1018.1,214.0,15.964,17.65
9391,2018-07-13,19.5,1018.4,390.0,16.678,17.65
9392,2018-07-13,20.8,1018.5,309.0,17.077,17.65
9393,2018-07-13,22.0,1018.4,740.0,17.92,17.65
9394,2018-07-13,23.1,1018.4,784.0,18.438,17.65
9395,2018-07-13,25.2,1018.3,874.0,19.09,17.65
9396,2018-07-13,26.0,1018.0,346.0,19.212,17.65
9397,2018-07-13,25.7,1017.9,323.0,18.84,17.65
9398,2018-07-10,19.8,1020.0,0.0,16.099,22.75
9399,2018-07-10,19.0,1020.0,0.0,15.82,22.75
9400,2018-07-10,18.1,1019.6,0.0,15.45,22.75
9401,2018-07-10,17.3,1019.7,0.0,15.123,22.75
9402,2018-07-10,16.9,1019.6,0.0,15.094000000000001,22.75
9403,2018-07-10,16.9,1019.7,0.0,15.4,22.75
9404,2018-07-10,17.0,1019.8,26.0,15.7,22.75
9405,2018-07-10,16.6,1020.0,111.0,14.776,22.75
9406,2018-07-10,16.9,1020.0,206.0,13.819,22.75
9407,2018-11-08,8.9,1014.5,0.0,8.18,12.3
9408,2018-10-31,5.9,1007.5,0.0,4.9719999999999995,6.8
9409,2018-10-16,18.7,1013.1,0.0,13.645999999999999,24.5
9410,2018-10-16,18.3,1013.5,0.0,13.444,24.5
9411,2018-10-16,18.5,1013.7,0.0,13.31,24.5
9412,2018-07-14,20.0,1018.4,0.0,16.54,24.4
9413,2018-07-14,19.8,1018.1,0.0,16.632,24.4
9414,2018-07-14,19.1,1018.1,0.0,16.447,24.4
9415,2018-07-14,18.9,1018.0,0.0,16.17,24.4
9416,2018-07-14,18.5,1018.0,0.0,16.03,24.4
9417,2018-07-14,17.9,1017.8,0.0,15.72,24.4
9418,2018-07-14,17.6,1017.7,56.0,15.61,24.4
9419,2018-07-14,18.8,1017.8,209.0,16.32,24.4
9420,2018-07-14,20.5,1017.9,388.0,16.785,24.4
9421,2018-07-14,22.6,1017.7,559.0,17.96,24.4
9422,2018-07-14,24.2,1017.6,703.0,17.727999999999998,24.4
9423,2018-07-14,25.8,1017.5,793.0,18.313,24.4
9424,2018-07-14,26.6,1017.0,860.0,18.586,24.4
9425,2018-07-14,27.5,1016.7,981.0,18.89,24.4
9426,2018-07-14,27.6,1016.3,260.0,19.16,24.4
9427,2018-07-14,27.9,1015.8,849.0,18.9,24.4
9428,2018-07-14,28.4,1015.3,250.0,19.227999999999998,24.4
9429,2018-07-14,29.5,1014.9,555.0,19.236,24.4
9430,2018-07-14,28.9,1014.5,165.0,19.22,24.4
9431,2018-07-14,28.2,1014.4,278.0,18.781,24.4
9432,2018-07-14,27.9,1014.5,109.0,19.021,24.4
9433,2018-07-14,26.3,1014.4,0.0,18.458,24.4
9434,2018-07-14,24.8,1015.0,0.0,17.956,24.4
9435,2018-07-15,23.3,1015.2,0.0,17.53,24.4
9436,2018-07-15,22.8,1015.2,0.0,17.132,14.9
9437,2018-07-15,22.5,1015.5,0.0,17.15,14.9
9438,2018-07-15,21.7,1014.7,0.0,16.768,14.9
9439,2018-07-15,20.8,1014.5,0.0,16.738,14.9
9440,2018-07-15,20.4,1014.6,0.0,17.055,14.9
9441,2018-07-15,18.4,1013.9,0.0,16.25,14.9
9442,2018-07-15,17.6,1014.0,26.0,16.345,14.9
9443,2018-07-15,18.5,1014.1,260.0,17.58,14.9
9444,2018-07-15,20.4,1014.1,408.0,17.768,14.9
9445,2018-07-15,22.0,1014.3,243.0,18.48,14.9
9446,2018-07-15,24.3,1014.2,722.0,19.5,14.9
9447,2018-07-15,26.6,1013.8,812.0,19.998,14.9
9448,2018-07-15,27.8,1013.6,881.0,19.218,14.9
9449,2018-07-15,28.9,1013.1,932.0,19.22,14.9
9450,2018-07-15,29.4,1012.6,926.0,19.024,14.9
9451,2018-07-15,29.9,1012.1,780.0,19.348,14.9
9452,2018-07-15,29.8,1011.6,659.0,18.227999999999998,14.9
9453,2018-07-15,29.9,1011.3,594.0,18.294,14.9
9454,2018-07-15,29.9,1011.2,141.0,18.521,14.9
9455,2018-07-15,29.1,1011.1,93.0,18.578,14.9
9456,2018-07-15,26.4,1011.7,49.0,17.442,14.9
9457,2018-07-15,24.9,1012.1,0.0,17.002,14.9
9458,2018-07-15,24.9,1012.7,0.0,17.533,14.9
9459,2018-07-16,23.1,1012.7,0.0,17.39,14.9
9460,2018-07-16,21.7,1012.5,0.0,16.902,24.0
9461,2018-07-16,21.7,1012.2,0.0,16.768,24.0
9462,2018-07-16,21.2,1012.1,0.0,16.496,24.0
9463,2018-07-16,20.2,1011.7,0.0,16.312,24.0
9464,2018-07-16,19.5,1011.6,0.0,16.02,24.0
9465,2018-07-16,18.4,1011.5,0.0,15.39,24.0
9466,2018-07-16,17.9,1011.6,49.0,14.832,24.0
9467,2018-07-16,18.4,1011.5,165.0,15.17,24.0
9468,2018-07-16,19.3,1011.5,316.0,15.673,24.0
9469,2018-07-16,20.8,1011.6,388.0,16.175,24.0
9470,2018-07-16,23.8,1011.6,338.0,17.88,24.0
9471,2018-07-16,24.3,1011.9,793.0,17.89,24.0
9472,2018-07-16,26.3,1011.7,531.0,18.94,24.0
9473,2018-07-16,26.4,1011.6,789.0,18.17,24.0
9474,2018-07-16,27.8,1011.0,798.0,18.36,24.0
9475,2018-07-16,28.6,1010.8,622.0,19.31,24.0
9476,2018-07-16,28.8,1010.5,701.0,18.736,24.0
9477,2018-07-16,28.3,1010.6,513.0,18.533,24.0
9478,2018-07-16,28.0,1010.5,95.0,18.5,24.0
9479,2018-07-16,27.9,1010.9,200.0,18.43,24.0
9480,2018-07-16,27.0,1011.6,44.0,17.8,24.0
9481,2018-07-16,24.5,1012.4,0.0,16.525,24.0
9482,2018-07-16,23.0,1013.4,0.0,16.04,24.0
9483,2018-07-17,21.9,1013.7,0.0,15.588,24.0
9484,2018-07-17,21.1,1014.0,0.0,15.245,23.1
9485,2018-07-17,21.0,1014.0,0.0,15.15,23.1
9486,2018-07-17,20.7,1014.0,0.0,15.3,23.1
9487,2018-07-17,19.9,1014.1,0.0,14.92,23.1
9488,2018-07-17,18.9,1014.3,0.0,14.82,23.1
9489,2018-07-17,18.4,1014.7,0.0,15.06,23.1
9490,2018-07-17,17.8,1015.2,28.0,14.968,23.1
9491,2018-07-17,18.0,1015.5,288.0,15.69,23.1
9492,2018-07-17,18.6,1015.7,225.0,15.99,23.1
9493,2018-07-17,19.0,1016.2,352.0,16.06,23.1
9494,2018-07-17,20.5,1016.3,469.0,16.525,23.1
9495,2018-07-17,21.6,1016.3,489.0,16.82,23.1
9496,2018-07-17,22.1,1016.5,339.0,17.18,23.1
9497,2018-07-17,22.6,1016.3,1158.0,17.0,23.1
9498,2018-07-17,23.6,1016.0,410.0,17.26,23.1
9499,2018-07-17,23.8,1016.0,410.0,17.08,23.1
9500,2018-07-17,23.7,1015.8,338.0,16.78,23.1
9501,2018-07-17,24.9,1015.6,631.0,17.098,23.1
9502,2018-07-17,23.9,1015.4,107.0,16.528,23.1
9503,2018-07-17,23.8,1015.5,111.0,16.528,23.1
9504,2018-07-17,23.0,1015.9,33.0,16.36,23.1
9505,2018-07-17,21.6,1016.2,0.0,15.952,23.1
9506,2018-07-17,20.8,1016.8,0.0,15.25,23.1
9507,2018-07-18,19.2,1017.1,0.0,14.498,23.1
9508,2018-07-18,18.7,1017.3,0.0,14.258,21.5
9509,2018-07-18,17.9,1017.3,0.0,14.1,21.5
9510,2018-07-18,17.2,1017.4,0.0,13.595999999999998,21.5
9511,2018-07-18,16.8,1017.1,0.0,13.347999999999999,21.5
9512,2018-07-18,17.6,1017.0,0.0,13.595999999999998,21.5
9513,2018-07-18,17.0,1017.2,0.0,13.28,21.5
9514,2018-07-18,16.9,1017.1,42.0,13.315999999999999,21.5
9515,2018-07-18,18.4,1017.1,257.0,14.42,21.5
9516,2018-07-18,20.3,1017.2,418.0,14.85,21.5
9517,2018-07-18,22.1,1017.0,591.0,15.622,21.5
9518,2018-07-18,23.2,1016.8,701.0,16.024,21.5
9519,2018-07-18,23.2,1016.8,701.0,16.024,21.5
9520,2018-07-18,23.2,1016.8,701.0,16.024,21.5
9521,2018-07-18,23.2,1016.8,701.0,16.024,21.5
9522,2018-07-18,27.2,1015.7,327.0,17.59,21.5
9523,2018-07-18,27.1,1015.3,925.0,17.45,21.5
9524,2018-07-18,27.4,1014.9,721.0,17.31,21.5
9525,2018-07-18,27.0,1014.7,508.0,17.45,21.5
9526,2018-07-18,27.5,1014.6,385.0,17.87,21.5
9527,2018-07-18,27.6,1014.6,186.0,17.8,21.5
9528,2018-07-18,26.3,1014.6,39.0,17.722,21.5
9529,2018-07-18,24.0,1014.8,0.0,16.6,21.5
9530,2018-07-18,23.2,1015.3,0.0,16.182000000000002,21.5
9531,2018-07-19,22.4,1015.8,0.0,15.868,21.5
9532,2018-07-19,21.3,1016.1,0.0,15.302,22.85
9533,2018-07-19,19.9,1016.2,0.0,14.708,22.85
9534,2018-07-19,19.8,1016.1,0.0,14.708,22.85
9535,2018-07-19,18.9,1016.0,0.0,14.544,22.85
9536,2018-07-19,18.4,1015.8,0.0,14.292,22.85
9537,2018-07-19,17.3,1015.9,0.0,13.943,22.85
9538,2018-07-19,17.7,1015.9,60.0,14.092,22.85
9539,2018-07-19,19.7,1015.7,260.0,15.292,22.85
9540,2018-07-19,21.9,1015.7,244.0,16.144000000000002,22.85
9541,2018-07-19,23.4,1015.8,202.0,16.64,22.85
9542,2018-07-19,25.4,1015.8,499.0,17.648,22.85
9543,2018-07-19,25.4,1015.8,499.0,17.648,22.85
9544,2018-07-19,25.4,1015.8,499.0,17.648,22.85
9545,2018-07-19,25.4,1015.8,499.0,17.648,22.85
9546,2018-07-19,25.4,1015.8,499.0,17.648,22.85
9547,2018-07-19,25.4,1015.8,499.0,17.648,22.85
9548,2018-07-19,25.4,1015.8,499.0,17.648,22.85
9549,2018-07-19,25.4,1015.8,499.0,17.648,22.85
9550,2018-07-19,25.4,1015.8,499.0,17.648,22.85
9551,2018-07-19,25.4,1015.8,499.0,17.648,22.85
9552,2018-07-19,25.4,1015.8,499.0,17.648,22.85
9553,2018-07-19,25.4,1015.8,499.0,17.648,22.85
9554,2018-07-19,25.4,1015.8,499.0,17.648,22.85
9555,2018-07-20,25.4,1015.8,499.0,17.648,22.85
9556,2018-07-20,25.4,1015.8,499.0,17.648,20.7
9557,2018-07-20,25.4,1015.8,499.0,17.648,20.7
9558,2018-07-20,25.4,1015.8,499.0,17.648,20.7
9559,2018-07-20,25.4,1015.8,499.0,17.648,20.7
9560,2018-07-20,25.4,1015.8,499.0,17.648,20.7
9561,2018-07-20,25.4,1015.8,499.0,17.648,20.7
9562,2018-07-20,25.4,1015.8,499.0,17.648,20.7
9563,2018-07-20,25.4,1015.8,499.0,17.648,20.7
9564,2018-07-20,25.4,1015.8,499.0,17.648,20.7
9565,2018-07-20,25.4,1015.8,499.0,17.648,20.7
9566,2018-07-20,25.4,1015.8,499.0,17.648,20.7
9567,2018-07-20,25.4,1015.8,499.0,17.648,20.7
9568,2018-07-20,25.4,1015.8,499.0,17.648,20.7
9569,2018-07-20,25.4,1015.8,499.0,17.648,20.7
9570,2018-07-20,0.0,2983.2,151.0,-2.9,20.7
9571,2018-07-20,21.4,1011.2,134.0,18.94,20.7
9572,2018-07-20,21.3,1011.1,102.0,18.242,20.7
9573,2018-07-20,19.7,1011.3,77.0,18.079,20.7
9574,2018-07-20,20.1,1011.2,146.0,17.721,20.7
9575,2018-07-20,19.3,1011.1,51.0,17.166,20.7
9576,2018-07-20,18.2,1011.2,16.0,16.75,20.7
9577,2018-07-20,17.8,1011.6,0.0,16.612000000000002,20.7
9578,2018-07-20,17.5,1011.4,0.0,16.45,20.7
9579,2018-07-21,17.5,1011.6,0.0,16.24,20.7
9580,2018-07-21,17.4,1011.6,0.0,16.36,21.1
9581,2018-07-21,17.0,1011.7,0.0,16.0,21.1
9582,2018-07-21,16.5,1011.3,0.0,15.11,21.1
9583,2018-07-21,16.5,1011.3,0.0,15.11,21.1
9584,2018-07-21,16.4,1011.6,0.0,15.235999999999999,21.1
9585,2018-07-21,16.0,1011.7,0.0,14.86,21.1
9586,2018-07-21,15.7,1011.8,28.0,14.542,21.1
9587,2018-07-21,15.7,1011.8,202.0,14.542,21.1
9588,2018-07-21,16.2,1012.2,399.0,14.815999999999999,21.1
9589,2018-07-21,18.0,1012.4,570.0,15.47,21.1
9590,2018-07-21,20.9,1012.4,719.0,16.325,21.1
9591,2018-07-21,22.4,1012.2,884.0,16.904,21.1
9592,2018-07-21,22.4,1012.2,993.0,16.756,21.1
9593,2018-07-21,22.5,1012.3,304.0,16.7,21.1
9594,2018-07-21,23.6,1012.3,378.0,17.26,21.1
9595,2018-07-21,22.9,1012.3,255.0,17.226,21.1
9596,2018-07-21,23.1,1012.4,831.0,17.07,21.1
9597,2018-07-21,22.9,1012.5,570.0,17.7,21.1
9598,2018-07-21,24.0,1012.3,357.0,17.31,21.1
9599,2018-07-21,23.6,1012.3,186.0,17.83,21.1
9600,2018-07-21,22.7,1012.6,40.0,17.64,21.1
9601,2018-07-21,21.6,1013.4,0.0,17.192,21.1
9602,2018-07-21,20.4,1014.0,0.0,16.712,21.1
9603,2018-07-22,19.7,1014.1,0.0,16.558,21.1
9604,2018-07-22,19.0,1014.3,0.0,16.59,12.4
9605,2018-07-22,18.3,1014.3,0.0,16.29,12.4
9606,2018-07-22,17.7,1014.3,0.0,16.095,12.4
9607,2018-07-22,17.0,1014.2,0.0,15.8,12.4
9608,2018-07-22,16.7,1014.5,0.0,15.73,12.4
9609,2018-07-22,16.2,1014.8,0.0,15.464,12.4
9610,2018-07-22,15.9,1014.9,30.0,15.172,12.4
9611,2018-07-22,16.3,1015.3,134.0,15.463,12.4
9612,2018-07-22,16.6,1015.6,376.0,15.532,12.4
9613,2018-07-22,18.5,1015.6,538.0,16.25,12.4
9614,2018-07-22,20.5,1015.5,684.0,16.72,12.4
9615,2018-07-22,22.8,1015.5,842.0,18.02,12.4
9616,2018-07-22,24.6,1015.1,287.0,18.436,12.4
9617,2018-07-22,24.5,1015.0,306.0,17.845,12.4
9618,2018-07-22,25.9,1014.6,937.0,18.6,12.4
9619,2018-07-22,25.7,1014.6,232.0,18.313,12.4
9620,2018-07-22,26.2,1014.4,383.0,18.305999999999997,12.4
9621,2018-07-22,26.5,1014.2,250.0,18.352,12.4
9622,2018-07-22,26.1,1014.0,132.0,18.494,12.4
9623,2018-07-22,25.9,1014.1,69.0,18.511,12.4
9624,2018-07-22,25.9,1014.4,33.0,18.7,12.4
9625,2018-07-22,23.9,1015.1,0.0,18.11,12.4
9626,2018-07-22,22.7,1015.8,0.0,17.78,12.4
9627,2018-07-23,21.3,1016.3,0.0,17.224,12.4
9628,2018-07-23,20.7,1016.5,0.0,16.738,21.05
9629,2018-07-23,20.7,1016.5,0.0,16.79,21.05
9630,2018-07-23,20.3,1016.4,0.0,16.768,21.05
9631,2018-07-23,19.3,1016.2,0.0,16.45,21.05
9632,2018-07-23,18.7,1016.5,0.0,16.32,21.05
9633,2018-07-23,18.0,1016.6,0.0,15.91,21.05
9634,2018-07-23,17.9,1017.1,42.0,15.937999999999999,21.05
9635,2018-07-23,19.1,1017.0,197.0,16.15,21.05
9636,2018-07-23,21.4,1017.1,374.0,16.584,21.05
9637,2018-07-23,23.0,1017.1,543.0,17.542,21.05
9638,2018-07-23,25.2,1017.1,682.0,18.44,21.05
9639,2018-07-23,26.7,1016.8,791.0,19.042,21.05
9640,2018-07-23,28.0,1016.6,204.0,19.585,21.05
9641,2018-07-23,29.5,1016.1,912.0,19.866,21.05
9642,2018-07-23,30.2,1015.9,877.0,20.125999999999998,21.05
9643,2018-07-23,30.4,1015.5,773.0,20.204,21.05
9644,2018-07-23,29.0,1015.1,230.0,19.39,21.05
9645,2018-07-23,29.6,1014.7,501.0,19.622,21.05
9646,2018-07-23,29.5,1014.3,197.0,19.75,21.05
9647,2018-07-23,29.5,1014.1,167.0,19.75,21.05
9648,2018-07-23,29.0,1014.0,40.0,19.51,21.05
9649,2018-07-23,26.8,1014.2,0.0,19.538,21.05
9650,2018-07-23,25.1,1014.2,0.0,18.41,21.05
9651,2018-07-24,24.6,1014.1,0.0,18.532,21.05
9652,2018-07-24,22.6,1014.3,0.0,17.68,23.35
9653,2018-07-24,21.5,1014.1,0.0,17.47,23.35
9654,2018-07-24,20.8,1013.6,0.0,17.292,23.35
9655,2018-07-24,20.2,1013.3,0.0,17.07,23.35
9656,2018-07-24,19.5,1013.2,0.0,16.755,23.35
9657,2018-07-24,19.2,1012.9,0.0,16.636,23.35
9658,2018-07-24,20.0,1012.7,30.0,16.78,23.35
9659,2018-07-24,20.5,1012.9,105.0,17.055,23.35
9660,2018-07-24,21.0,1013.0,178.0,17.3,23.35
9661,2018-07-24,23.0,1012.7,691.0,18.68,23.35
9662,2018-07-24,26.0,1012.6,773.0,20.33,23.35
9663,2018-07-24,28.6,1012.4,786.0,20.745,23.35
9664,2018-07-24,29.4,1012.0,875.0,20.398,23.35
9665,2018-07-24,30.3,1011.7,988.0,20.52,23.35
9666,2018-07-24,30.8,1011.4,940.0,20.594,23.35
9667,2018-07-24,30.2,1011.4,227.0,19.892,23.35
9668,2018-07-24,30.0,1011.2,355.0,19.97,23.35
9669,2018-07-24,30.6,1011.1,622.0,20.272000000000002,23.35
9670,2018-07-24,30.7,1010.9,336.0,20.272000000000002,23.35
9671,2018-07-24,30.2,1011.1,123.0,20.36,23.35
9672,2018-07-24,29.4,1011.3,32.0,20.896,23.35
9673,2018-07-24,26.9,1011.7,0.0,20.04,23.35
9674,2018-07-24,26.0,1012.3,0.0,19.82,23.35
9675,2018-07-25,25.9,1012.3,0.0,19.72,23.35
9676,2018-07-25,25.9,1012.3,0.0,19.72,24.55
9677,2018-07-25,25.9,1012.3,0.0,19.72,24.55
9678,2018-07-25,25.9,1012.3,0.0,19.72,24.55
9679,2018-07-25,25.9,1012.3,0.0,19.72,24.55
9680,2018-07-25,25.9,1012.3,0.0,19.72,24.55
9681,2018-07-25,25.9,1012.3,0.0,19.72,24.55
9682,2018-07-25,25.9,1012.3,0.0,19.72,24.55
9683,2018-07-25,25.9,1012.3,0.0,19.72,24.55
9684,2018-07-25,21.5,1014.2,345.0,18.035,24.55
9685,2018-07-25,23.6,1014.5,510.0,19.2,24.55
9686,2018-07-25,24.8,1014.4,591.0,19.78,24.55
9687,2018-07-25,27.5,1014.0,766.0,20.825,24.55
9688,2018-07-25,29.8,1013.9,828.0,21.434,24.55
9689,2018-07-25,30.6,1013.7,879.0,21.244,24.55
9690,2018-07-25,30.1,1013.4,846.0,21.072,24.55
9691,2018-07-25,31.5,1013.0,197.0,21.004,24.55
9692,2018-07-25,32.4,1012.7,631.0,21.564,24.55
9693,2018-07-25,31.0,1012.5,158.0,21.0,24.55
9694,2018-07-25,31.1,1012.2,148.0,20.831999999999997,24.55
9695,2018-07-25,32.4,1012.1,169.0,21.128,24.55
9696,2018-07-25,30.4,1012.3,40.0,21.17,24.55
9697,2018-07-25,28.3,1012.3,0.0,20.656,24.55
9698,2018-07-25,27.0,1012.6,0.0,20.485,24.55
9699,2018-07-26,26.1,1012.8,0.0,19.896,24.55
9700,2018-07-26,24.9,1012.7,0.0,19.72,25.8
9701,2018-07-26,24.0,1012.5,0.0,19.3,25.8
9702,2018-07-26,23.3,1012.6,0.0,19.264,25.8
9703,2018-07-26,22.5,1012.3,0.0,18.98,25.8
9704,2018-07-26,22.0,1012.1,0.0,18.76,25.8
9705,2018-07-26,21.4,1012.1,0.0,18.502,25.8
9706,2018-07-26,21.4,1012.1,33.0,18.535999999999998,25.8
9707,2018-07-26,22.9,1012.0,179.0,19.52,25.8
9708,2018-07-26,22.9,1012.0,179.0,19.52,25.8
9709,2018-07-26,22.9,1012.0,179.0,19.52,25.8
9710,2018-07-26,22.9,1012.0,179.0,19.52,25.8
9711,2018-07-26,30.0,0.0,32767.0,29.4,25.8
9712,2018-07-26,33.5,1011.4,860.0,21.47,25.8
9713,2018-07-26,33.9,1011.1,923.0,21.484,25.8
9714,2018-07-26,34.4,1010.6,874.0,21.458000000000002,25.8
9715,2018-07-26,34.4,1010.2,759.0,21.548000000000002,25.8
9716,2018-07-26,34.2,1009.8,585.0,21.42,25.8
9717,2018-07-26,34.0,1009.4,485.0,21.21,25.8
9718,2018-07-26,34.5,1009.0,306.0,21.894000000000002,25.8
9719,2018-07-26,33.7,1009.0,128.0,21.410999999999998,25.8
9720,2018-07-26,32.5,1009.3,14.0,21.888,25.8
9721,2018-07-26,30.1,1009.7,0.0,21.732,25.8
9722,2018-07-26,27.6,1010.0,0.0,21.072,25.8
9723,2018-07-27,27.3,1010.1,0.0,20.997,25.8
9724,2018-07-27,25.5,1010.0,0.0,20.3,28.3
9725,2018-07-27,24.4,1009.8,0.0,19.96,28.3
9726,2018-07-27,23.1,1009.4,0.0,19.572,28.3
9727,2018-07-27,23.8,1009.2,0.0,19.694000000000003,28.3
9728,2018-07-27,22.7,1009.0,0.0,19.04,28.3
9729,2018-07-27,22.1,1008.8,0.0,19.14,28.3
9730,2018-07-27,21.2,1008.9,18.0,18.72,28.3
9731,2018-07-27,22.5,1009.0,195.0,19.68,28.3
9732,2018-07-27,24.5,1009.1,376.0,20.642,28.3
9733,2018-07-27,27.8,1008.9,543.0,21.79,28.3
9734,2018-07-27,30.6,1008.6,691.0,22.055999999999997,28.3
9735,2018-07-27,34.0,1008.5,791.0,22.47,28.3
9736,2018-07-27,34.9,1008.1,849.0,22.224,28.3
9737,2018-07-27,35.3,1007.6,863.0,22.416,28.3
9738,2018-07-27,36.5,1007.0,853.0,22.0,28.3
9739,2018-07-27,35.7,1006.4,281.0,22.256999999999998,28.3
9740,2018-07-27,36.4,1005.7,682.0,22.206,28.3
9741,2018-07-27,34.2,1005.1,202.0,22.19,28.3
9742,2018-07-27,30.0,1005.7,206.0,22.71,28.3
9743,2018-07-27,27.5,1006.8,83.0,20.586,28.3
9744,2018-07-27,25.6,1006.6,5.0,21.796999999999997,28.3
9745,2018-07-27,23.0,1006.3,0.0,21.64,28.3
9746,2018-07-27,22.3,1006.3,0.0,20.554000000000002,28.3
9747,2018-07-28,21.4,1007.8,0.0,19.884,28.3
9748,2018-07-28,20.7,1007.4,0.0,18.581,18.35
9749,2018-07-28,20.2,1007.1,0.0,18.066,18.35
9750,2018-07-28,19.9,1006.6,0.0,17.896,18.35
9751,2018-07-28,20.0,1006.7,0.0,17.98,18.35
9752,2018-07-28,19.5,1006.4,0.0,17.79,18.35
9753,2018-07-28,18.7,1006.5,0.0,17.31,18.35
9754,2018-07-28,18.7,1007.1,14.0,17.2,18.35
9755,2018-07-28,19.1,1007.4,88.0,17.668,18.35
9756,2018-07-28,19.8,1007.9,179.0,17.539,18.35
9757,2018-07-28,20.5,1008.4,232.0,17.595,18.35
9758,2018-07-28,20.7,1008.8,420.0,18.059,18.35
9759,2018-07-28,21.8,1009.3,350.0,17.144000000000002,18.35
9760,2018-07-28,21.9,1009.6,772.0,15.012,18.35
9761,2018-07-28,22.6,1010.3,921.0,14.475999999999999,18.35
9762,2018-07-28,24.6,1010.5,868.0,15.47,18.35
9763,2018-07-28,23.9,1011.1,782.0,14.982000000000001,18.35
9764,2018-07-28,24.8,1011.1,661.0,15.03,18.35
9765,2018-07-28,25.0,1011.1,454.0,14.81,18.35
9766,2018-07-28,24.6,1010.9,148.0,14.91,18.35
9767,2018-07-28,23.5,1011.2,216.0,14.835,18.35
9768,2018-07-28,22.7,1011.4,37.0,14.860999999999999,18.35
9769,2018-07-28,21.4,1012.0,0.0,14.427999999999999,18.35
9770,2018-07-28,20.7,1012.2,0.0,14.39,18.35
9771,2018-07-29,20.6,1012.4,0.0,14.7,18.35
9772,2018-07-29,20.0,1012.3,0.0,14.35,23.15
9773,2018-07-29,19.6,1012.4,0.0,14.412,23.15
9774,2018-07-29,19.3,1011.8,0.0,14.165999999999999,23.15
9775,2018-07-29,19.0,1011.8,0.0,14.2,23.15
9776,2018-07-29,18.3,1011.6,0.0,14.34,23.15
9777,2018-07-29,18.0,1011.6,0.0,14.34,23.15
9778,2018-07-29,17.5,1011.7,28.0,14.0,23.15
9779,2018-07-29,18.3,1011.3,54.0,14.214,23.15
9780,2018-07-29,18.7,1011.6,128.0,14.58,23.15
9781,2018-07-29,19.7,1011.6,230.0,15.159,23.15
9782,2018-07-29,21.0,1011.5,526.0,16.04,23.15
9783,2018-07-29,22.8,1011.0,939.0,17.096,23.15
9784,2018-07-29,25.0,1010.6,425.0,17.9,23.15
9785,2018-07-29,26.5,1010.4,1005.0,18.25,23.15
9786,2018-07-29,26.7,1010.4,304.0,17.968,23.15
9787,2018-07-29,25.8,1010.6,385.0,18.035999999999998,23.15
9788,2018-07-29,25.9,1010.6,443.0,18.511,23.15
9789,2018-07-29,26.4,1010.7,162.0,18.898,23.15
9790,2018-07-29,25.6,1010.8,127.0,18.91,23.15
9791,2018-07-29,26.0,1011.2,114.0,19.31,23.15
9792,2018-07-29,24.3,1011.4,19.0,18.8,23.15
9793,2018-07-29,23.4,1011.7,0.0,18.375999999999998,23.15
9794,2018-07-29,22.9,1012.0,0.0,18.36,23.15
9795,2018-07-30,22.3,1012.3,0.0,17.94,23.15
9796,2018-07-30,21.8,1012.6,0.0,17.688,22.8
9797,2018-07-30,20.8,1012.6,0.0,17.292,22.8
9798,2018-07-30,20.1,1012.7,0.0,17.230999999999998,22.8
9799,2018-07-30,19.8,1013.0,0.0,17.182000000000002,22.8
9800,2018-07-30,18.9,1013.1,0.0,16.83,22.8
9801,2018-07-30,18.9,1013.1,0.0,16.94,22.8
9802,2018-07-30,18.5,1013.6,39.0,16.69,22.8
9803,2018-07-30,20.0,1013.6,98.0,17.5,22.8
9804,2018-07-30,21.2,1013.6,369.0,18.276,22.8
9805,2018-07-30,22.4,1014.2,513.0,19.02,22.8
9806,2018-07-30,24.1,1014.0,420.0,19.88,22.8
9807,2018-07-30,23.9,1014.1,605.0,19.92,22.8
9808,2018-07-30,25.3,1013.7,461.0,20.416,22.8
9809,2018-07-30,25.6,1013.6,232.0,20.544,22.8
9810,2018-07-30,27.0,1013.9,313.0,21.12,22.8
9811,2018-07-30,28.5,1013.2,262.0,21.57,22.8
9812,2018-07-30,26.6,1013.6,497.0,20.706,22.8
9813,2018-07-30,27.6,1013.3,619.0,20.91,22.8
9814,2018-07-30,27.3,1013.2,62.0,20.655,22.8
9815,2018-07-30,27.1,1013.2,97.0,20.485,22.8
9816,2018-07-30,26.0,1013.5,12.0,20.33,22.8
9817,2018-07-30,24.1,1013.8,0.0,19.24,22.8
9818,2018-07-30,22.8,1013.9,0.0,18.72,22.8
9819,2018-07-31,22.2,1014.1,0.0,18.64,22.8
9820,2018-07-31,21.2,1014.1,0.0,17.98,23.0
9821,2018-07-31,20.6,1014.1,0.0,17.824,23.0
9822,2018-07-31,20.2,1014.0,0.0,17.8,23.0
9823,2018-07-31,19.9,1014.3,0.0,17.658,23.0
9824,2018-07-31,19.9,1014.3,0.0,17.658,23.0
9825,2018-07-31,19.5,1014.6,0.0,17.445,23.0
9826,2018-07-31,19.4,1015.4,25.0,17.59,23.0
9827,2018-07-31,19.7,1015.4,202.0,17.727999999999998,23.0
9828,2018-07-31,20.9,1015.6,401.0,17.518,23.0
9829,2018-07-31,21.6,1016.4,392.0,17.588,23.0
9830,2018-07-31,22.1,1016.4,687.0,17.88,23.0
9831,2018-07-31,23.4,1016.6,807.0,17.6,23.0
9832,2018-07-31,24.5,1016.8,1011.0,18.175,23.0
9833,2018-07-31,25.0,1017.0,413.0,18.31,23.0
9834,2018-07-31,26.8,1017.1,1150.0,18.864,23.0
9835,2018-07-31,27.5,1016.7,793.0,19.075,23.0
9836,2018-07-31,26.8,1016.8,221.0,18.914,23.0
9837,2018-07-31,26.9,1016.6,575.0,18.914,23.0
9838,2018-07-31,27.2,1016.6,132.0,19.084,23.0
9839,2018-07-31,26.1,1016.8,146.0,18.494,23.0
9840,2018-07-31,25.2,1017.1,19.0,18.0,23.0
9841,2018-07-31,23.9,1017.6,0.0,17.47,23.0
9842,2018-07-31,22.8,1018.0,0.0,17.444000000000003,23.0
9843,2018-08-01,21.8,1018.0,0.0,17.008,23.0
9844,2018-08-01,20.4,1018.2,0.0,16.025,23.35
9845,2018-08-01,18.8,1018.3,0.0,15.51,23.35
9846,2018-08-01,18.0,1018.1,0.0,14.81,23.35
9847,2018-08-01,17.6,1018.2,0.0,14.543,23.35
9848,2018-08-01,17.4,1018.2,0.0,14.276,23.35
9849,2018-08-01,17.3,1018.5,0.0,14.304,23.35
9850,2018-08-01,17.4,1019.1,14.0,14.16,23.35
9851,2018-08-01,17.7,1019.0,128.0,14.454,23.35
9852,2018-08-01,19.8,1019.4,376.0,15.632,23.35
9853,2018-08-01,21.5,1019.3,554.0,16.532,23.35
9854,2018-08-01,24.7,1019.2,705.0,18.104,23.35
9855,2018-08-01,26.8,1019.2,798.0,19.22,23.35
9856,2018-08-01,28.7,1018.8,875.0,19.887999999999998,23.35
9857,2018-08-01,27.9,1018.5,1141.0,19.612000000000002,23.35
9858,2018-08-01,28.1,1018.4,1028.0,19.585,23.35
9859,2018-08-01,28.6,1018.2,867.0,19.680999999999997,23.35
9860,2018-08-01,29.4,1017.7,742.0,19.866,23.35
9861,2018-08-01,28.9,1017.5,503.0,19.22,23.35
9862,2018-08-01,29.2,1017.5,290.0,20.104,23.35
9863,2018-08-01,28.9,1017.5,125.0,19.637999999999998,23.35
9864,2018-08-01,28.0,1018.0,16.0,19.7,23.35
9865,2018-08-01,25.5,1018.7,0.0,18.81,23.35
9866,2018-08-01,24.5,1019.1,0.0,18.436,23.35
9867,2018-08-02,22.5,1019.1,0.0,17.72,23.35
9868,2018-08-02,21.2,1019.6,0.0,16.496,24.8
9869,2018-08-02,20.0,1019.6,0.0,15.78,24.8
9870,2018-08-02,19.3,1019.7,0.0,15.536,24.8
9871,2018-08-02,18.3,1019.8,0.0,14.97,24.8
9872,2018-08-02,17.6,1019.8,0.0,14.655999999999999,24.8
9873,2018-08-02,17.1,1020.2,0.0,14.485,24.8
9874,2018-08-02,17.2,1020.3,26.0,14.57,24.8
9875,2018-08-02,18.2,1020.5,190.0,15.12,24.8
9876,2018-08-02,20.2,1020.9,378.0,16.055999999999997,24.8
9877,2018-08-02,22.3,1021.2,550.0,17.28,24.8
9878,2018-08-02,25.1,1021.1,689.0,18.58,24.8
9879,2018-08-02,27.8,1021.0,795.0,19.718,24.8
9880,2018-08-02,29.3,1020.9,846.0,20.605,24.8
9881,2018-08-02,30.1,1020.5,954.0,20.477999999999998,24.8
9882,2018-08-02,30.3,1020.1,918.0,20.44,24.8
9883,2018-08-02,31.1,1019.8,761.0,20.831999999999997,24.8
9884,2018-08-02,31.3,1019.5,633.0,20.264,24.8
9885,2018-08-02,31.5,1019.2,473.0,20.68,24.8
9886,2018-08-02,31.4,1019.0,299.0,20.352,24.8
9887,2018-08-02,30.8,1018.9,134.0,20.594,24.8
9888,2018-08-02,29.1,1019.2,23.0,20.312,24.8
9889,2018-08-02,27.4,1019.8,0.0,19.26,24.8
9890,2018-08-02,26.6,1020.1,0.0,19.042,24.8
9891,2018-08-03,25.8,1020.2,0.0,18.94,24.8
9892,2018-08-03,24.1,1020.4,0.0,18.214000000000002,24.55
9893,2018-08-03,22.7,1020.3,0.0,18.02,24.55
9894,2018-08-03,22.0,1020.2,0.0,17.64,24.55
9895,2018-08-03,21.3,1020.0,0.0,17.234,24.55
9896,2018-08-03,20.8,1019.7,0.0,17.004,24.55
9897,2018-08-03,20.0,1019.5,0.0,16.78,24.55
9898,2018-08-03,19.7,1019.5,26.0,16.792,24.55
9899,2018-08-03,20.9,1019.4,181.0,17.224,24.55
9900,2018-08-03,22.5,1019.5,373.0,18.28,24.55
9901,2018-08-03,25.1,1019.6,543.0,19.33,24.55
9902,2018-08-03,27.1,1019.5,673.0,20.308,24.55
9903,2018-08-03,28.9,1019.2,788.0,20.596,24.55
9904,2018-08-03,31.0,1018.8,846.0,21.54,24.55
9905,2018-08-03,32.1,1018.3,877.0,21.169,24.55
9906,2018-08-03,32.6,1018.0,831.0,20.828000000000003,24.55
9907,2018-08-03,33.0,1017.4,751.0,20.772,24.55
9908,2018-08-03,33.7,1017.1,622.0,20.926,24.55
9909,2018-08-03,34.2,1016.5,450.0,21.12,24.55
9910,2018-08-03,33.9,1016.4,309.0,21.139,24.55
9911,2018-08-03,33.6,1016.5,120.0,20.926,24.55
9912,2018-08-03,32.0,1016.6,19.0,20.715,24.55
9913,2018-08-03,28.1,1017.5,0.0,19.872,24.55
9914,2018-08-03,26.8,1017.9,0.0,19.086,24.55
9915,2018-08-04,25.6,1018.4,0.0,17.656,24.55
9916,2018-08-04,24.6,1018.4,0.0,16.936,25.75
9917,2018-08-04,23.4,1018.2,0.0,16.48,25.75
9918,2018-08-04,22.8,1018.1,0.0,16.352,25.75
9919,2018-08-04,22.3,1017.7,0.0,16.224,25.75
9920,2018-08-04,21.7,1017.5,0.0,16.089000000000002,25.75
9921,2018-08-04,21.4,1017.6,0.0,16.066,25.75
9922,2018-08-04,20.4,1017.9,26.0,15.824000000000002,25.75
9923,2018-08-04,21.1,1018.3,227.0,15.8,25.75
9924,2018-08-04,22.2,1018.6,371.0,16.9,25.75
9925,2018-08-04,24.3,1018.8,540.0,18.148,25.75
9926,2018-08-04,26.3,1019.0,684.0,18.826,25.75
9927,2018-08-04,28.0,1018.9,800.0,19.7,25.75
9928,2018-08-04,29.1,1018.9,854.0,20.435,25.75
9929,2018-08-04,29.7,1018.6,863.0,20.452,25.75
9930,2018-08-04,30.8,1018.3,867.0,19.855999999999998,25.75
9931,2018-08-04,31.1,1018.0,809.0,20.0,25.75
9932,2018-08-04,32.2,1017.7,650.0,20.261,25.75
9933,2018-08-04,32.0,1017.6,482.0,20.328,25.75
9934,2018-08-04,31.8,1017.6,285.0,20.704,25.75
9935,2018-08-04,30.9,1017.7,100.0,20.176,25.75
9936,2018-08-04,29.0,1018.0,18.0,20.35,25.75
9937,2018-08-04,26.1,1018.8,0.0,20.144000000000002,25.75
9938,2018-08-04,24.7,1019.3,0.0,19.78,25.75
9939,2018-08-05,23.4,1019.6,0.0,18.672,25.75
9940,2018-08-05,22.2,1019.9,0.0,18.26,25.9
9941,2018-08-05,21.0,1019.9,0.0,17.9,25.9
9942,2018-08-05,20.5,1020.0,0.0,17.73,25.9
9943,2018-08-05,19.6,1020.0,0.0,17.412,25.9
9944,2018-08-05,18.6,1019.8,0.0,16.87,25.9
9945,2018-08-05,17.8,1019.6,0.0,15.964,25.9
9946,2018-08-05,17.2,1019.7,23.0,15.466,25.9
9947,2018-08-05,17.8,1019.9,179.0,15.774000000000001,25.9
9948,2018-08-05,19.2,1020.0,381.0,16.524,25.9
9949,2018-08-05,20.9,1020.1,554.0,17.077,25.9
9950,2018-08-05,22.0,1020.1,687.0,17.942,25.9
9951,2018-08-05,23.4,1020.0,793.0,18.672,25.9
9952,2018-08-05,25.6,1019.7,858.0,19.59,25.9
9953,2018-08-05,26.9,1019.2,868.0,19.715999999999998,25.9
9954,2018-08-05,28.0,1018.6,842.0,19.9,25.9
9955,2018-08-05,28.7,1018.0,761.0,19.348,25.9
9956,2018-08-05,29.5,1017.5,638.0,19.186,25.9
9957,2018-08-05,30.0,1016.9,483.0,19.12,25.9
9958,2018-08-05,29.6,1016.5,313.0,18.096,25.9
9959,2018-08-05,29.9,1016.2,134.0,18.294,25.9
9960,2018-08-05,28.9,1016.2,18.0,18.416,25.9
9961,2018-08-05,25.8,1016.5,0.0,17.096,25.9
9962,2018-08-05,24.4,1016.4,0.0,16.612000000000002,25.9
9963,2018-08-06,23.5,1016.6,0.0,16.71,25.9
9964,2018-08-06,22.9,1016.4,0.0,16.594,25.25
9965,2018-08-06,21.9,1016.3,0.0,16.24,25.25
9966,2018-08-06,20.9,1015.6,0.0,15.841,25.25
9967,2018-08-06,20.5,1015.2,0.0,15.775,25.25
9968,2018-08-06,19.8,1014.7,0.0,15.5,25.25
9969,2018-08-06,19.3,1014.4,0.0,15.399000000000001,25.25
9970,2018-08-06,18.8,1014.5,21.0,15.284,25.25
9971,2018-08-06,20.0,1014.7,183.0,15.91,25.25
9972,2018-08-06,23.6,1014.6,339.0,17.74,25.25
9973,2018-08-06,24.6,1014.3,255.0,18.27,25.25
9974,2018-08-06,27.4,1014.1,443.0,18.808,25.25
9975,2018-08-06,28.7,1014.0,810.0,17.928,25.25
9976,2018-08-06,29.5,1013.6,875.0,17.752,25.25
9977,2018-08-06,30.8,1012.9,884.0,17.924,25.25
9978,2018-08-06,31.4,1012.5,846.0,18.174,25.25
9979,2018-08-06,32.0,1012.0,758.0,18.46,25.25
9980,2018-08-06,32.2,1011.6,635.0,18.144000000000002,25.25
9981,2018-08-06,33.6,1011.0,475.0,19.004,25.25
9982,2018-08-06,32.8,1010.6,304.0,19.035999999999998,25.25
9983,2018-08-06,32.5,1010.3,125.0,19.016,25.25
9984,2018-08-06,30.9,1010.4,18.0,18.44,25.25
9985,2018-08-06,27.7,1010.5,0.0,18.29,25.25
9986,2018-08-06,26.3,1010.5,0.0,16.988,25.25
9987,2018-08-07,25.8,1010.5,0.0,17.66,25.25
9988,2018-08-07,24.8,1010.4,0.0,17.62,25.45
9989,2018-08-07,24.1,1010.1,0.0,17.151,25.45
9990,2018-08-07,23.8,1009.5,0.0,16.85,25.45
9991,2018-08-07,23.6,1009.1,0.0,16.78,25.45
9992,2018-08-07,22.6,1008.7,0.0,16.336,25.45
9993,2018-08-07,22.3,1008.6,0.0,16.662,25.45
9994,2018-08-07,21.5,1008.4,25.0,16.165,25.45
9995,2018-08-07,22.1,1008.6,146.0,16.758,25.45
9996,2018-08-07,24.5,1008.4,325.0,17.588,25.45
9997,2018-08-07,28.9,1008.3,475.0,18.817999999999998,25.45
9998,2018-08-07,31.0,1007.8,631.0,20.424,25.45
9999,2018-08-07,32.1,1007.1,742.0,21.396,25.45
10000,2018-08-07,34.6,1006.6,728.0,22.026,25.45
10001,2018-08-07,35.7,1006.2,489.0,22.494,25.45
10002,2018-08-07,37.1,1006.2,802.0,22.682,25.45
10003,2018-08-07,35.3,1005.7,731.0,21.441999999999997,25.45
10004,2018-08-07,32.9,1005.1,176.0,21.235,25.45
10005,2018-08-07,33.6,1004.3,329.0,22.031999999999996,25.45
10006,2018-08-07,34.1,1003.6,174.0,21.908,25.45
10007,2018-08-07,32.4,1003.8,33.0,22.05,25.45
10008,2018-08-07,29.7,1004.6,5.0,23.048000000000002,25.45
10009,2018-08-07,28.5,1005.2,0.0,21.57,25.45
10010,2018-08-07,27.2,1006.2,0.0,20.396,25.45
10011,2018-08-08,24.5,1006.4,0.0,19.26,25.45
10012,2018-08-08,22.5,1006.5,0.0,18.7,27.95
10013,2018-08-08,21.6,1006.7,0.0,18.44,27.95
10014,2018-08-08,20.9,1008.0,0.0,18.105999999999998,27.95
10015,2018-08-08,19.5,1008.5,0.0,17.445,27.95
10016,2018-08-08,18.4,1009.7,0.0,16.82,27.95
10017,2018-08-08,18.7,1010.3,0.0,16.43,27.95
10018,2018-08-08,18.5,1011.0,5.0,16.47,27.95
10019,2018-08-08,16.8,1011.6,77.0,14.662,27.95
10020,2018-08-08,17.3,1012.3,202.0,14.538,27.95
10021,2018-08-08,18.3,1012.6,234.0,14.97,27.95
10022,2018-08-08,20.7,1012.8,708.0,15.728,27.95
10023,2018-08-08,23.9,1013.1,274.0,17.15,27.95
10024,2018-08-08,25.1,1013.2,355.0,17.357,27.95
10025,2018-08-08,24.1,1013.1,248.0,16.768,27.95
10026,2018-08-08,25.1,1013.0,390.0,17.09,27.95
10027,2018-08-08,24.9,1012.4,352.0,17.26,27.95
10028,2018-08-08,26.4,1012.1,350.0,18.09,27.95
10029,2018-08-08,26.4,1011.8,276.0,18.17,27.95
10030,2018-08-08,26.5,1011.4,100.0,18.43,27.95
10031,2018-08-08,25.0,1011.3,98.0,17.8,27.95
10032,2018-08-08,24.4,1011.3,9.0,17.424,27.95
10033,2018-08-08,22.8,1012.0,0.0,16.976,27.95
10034,2018-08-08,21.8,1011.9,0.0,16.324,27.95
10035,2018-08-09,21.0,1011.9,0.0,15.92,27.95
10036,2018-08-09,20.2,1011.8,0.0,15.672,24.05
10037,2018-08-09,18.8,1011.0,0.0,15.284,24.05
10038,2018-08-09,17.8,1010.3,0.0,14.744000000000002,24.05
10039,2018-08-09,17.0,1009.7,0.0,14.485,24.05
10040,2018-08-09,17.3,1009.4,0.0,14.655,24.05
10041,2018-08-09,17.3,1008.5,0.0,14.57,24.05
10042,2018-08-09,18.0,1007.5,5.0,15.14,24.05
10043,2018-08-09,16.6,1005.9,39.0,15.517999999999999,24.05
10044,2018-08-09,17.3,1007.0,84.0,16.27,24.05
10045,2018-08-09,16.6,1007.7,67.0,15.827,24.05
10046,2018-08-09,14.9,1007.8,70.0,14.3,24.05
10047,2018-08-09,14.9,1007.7,134.0,14.3,24.05
10048,2018-08-09,15.7,1008.8,155.0,14.942,24.05
10049,2018-08-09,16.4,1010.0,176.0,15.554,24.05
10050,2018-08-09,17.8,1010.8,165.0,16.072,24.05
10051,2018-08-09,15.0,1012.4,114.0,14.3,24.05
10052,2018-08-09,14.9,1013.3,229.0,14.2,24.05
10053,2018-08-09,16.2,1014.4,339.0,14.584000000000001,24.05
10054,2018-08-09,17.0,1015.5,272.0,14.88,24.05
10055,2018-08-09,17.2,1016.3,84.0,14.772,24.05
10056,2018-08-09,16.8,1017.2,12.0,14.414000000000001,24.05
10057,2018-08-09,16.2,1018.3,0.0,14.235999999999999,24.05
10058,2018-08-09,14.8,1018.9,0.0,13.512,24.05
10059,2018-08-10,14.6,1019.5,0.0,13.324000000000002,24.05
10060,2018-08-10,13.7,1020.2,0.0,12.7,18.7
10061,2018-08-10,13.4,1020.7,0.0,12.5,18.7
10062,2018-08-10,13.0,1020.9,0.0,12.02,18.7
10063,2018-08-10,12.2,1020.9,0.0,11.22,18.7
10064,2018-08-10,12.0,1021.2,0.0,10.92,18.7
10065,2018-08-10,11.3,1021.5,0.0,10.463,18.7
10066,2018-08-10,10.9,1021.9,16.0,10.081,18.7
10067,2018-08-10,13.2,1022.3,214.0,12.12,18.7
10068,2018-08-10,14.7,1022.5,468.0,13.232000000000001,18.7
10069,2018-08-10,17.3,1022.7,610.0,14.452,18.7
10070,2018-08-10,18.7,1022.7,118.0,15.012,18.7
10071,2018-08-10,19.2,1022.8,847.0,13.946,18.7
10072,2018-08-10,20.5,1022.6,237.0,14.23,18.7
10073,2018-08-10,20.3,1022.6,1030.0,13.31,18.7
10074,2018-08-10,21.0,1022.3,1027.0,14.08,18.7
10075,2018-08-10,21.9,1022.0,236.0,14.118,18.7
10076,2018-08-10,22.2,1021.7,719.0,14.495999999999999,18.7
10077,2018-08-10,21.4,1021.6,587.0,14.284,18.7
10078,2018-08-10,20.8,1021.5,250.0,14.068,18.7
10079,2018-08-10,20.8,1021.4,139.0,14.204,18.7
10080,2018-08-10,19.5,1021.6,12.0,13.925,18.7
10081,2018-08-10,19.0,1021.7,0.0,14.06,18.7
10082,2018-08-10,18.3,1022.1,0.0,14.088,18.7
10083,2018-08-11,17.5,1022.4,0.0,14.0,18.7
10084,2018-08-11,17.2,1022.7,0.0,14.57,18.55
10085,2018-08-11,16.5,1022.6,0.0,14.45,18.55
10086,2018-08-11,15.7,1022.8,0.0,14.068,18.55
10087,2018-08-11,15.0,1022.6,0.0,13.6,18.55
10088,2018-08-11,14.2,1022.8,0.0,13.116,18.55
10089,2018-08-11,13.5,1023.0,0.0,12.6,18.55
10090,2018-08-11,13.4,1023.4,14.0,12.6,18.55
10091,2018-08-11,14.4,1023.7,44.0,13.312000000000001,18.55
10092,2018-08-11,15.3,1024.0,230.0,14.012,18.55
10093,2018-08-11,16.5,1024.1,633.0,14.78,18.55
10094,2018-08-11,18.6,1023.7,163.0,15.062000000000001,18.55
10095,2018-08-11,19.8,1023.6,853.0,14.627,18.55
10096,2018-08-11,20.8,1023.1,1002.0,14.73,18.55
10097,2018-08-11,22.6,1022.7,991.0,15.335,18.55
10098,2018-08-11,22.8,1022.5,919.0,14.934000000000001,18.55
10099,2018-08-11,23.5,1021.9,889.0,15.542,18.55
10100,2018-08-11,23.9,1021.2,710.0,15.622,18.55
10101,2018-08-11,24.3,1020.8,308.0,15.898,18.55
10102,2018-08-11,23.8,1020.5,93.0,15.696,18.55
10103,2018-08-11,23.8,1020.0,74.0,15.544,18.55
10104,2018-08-11,22.8,1019.9,16.0,15.408,18.55
10105,2018-08-11,21.1,1020.0,0.0,15.114,18.55
10106,2018-08-11,19.4,1019.7,0.0,14.655999999999999,18.55
10107,2018-08-12,18.0,1019.3,0.0,14.424000000000001,18.55
10108,2018-08-12,18.0,1018.7,0.0,14.22,17.8
10109,2018-08-12,17.2,1018.3,0.0,13.724,17.8
10110,2018-08-12,16.7,1017.8,0.0,13.376,17.8
10111,2018-08-12,16.5,1017.2,0.0,13.155999999999999,17.8
10112,2018-08-12,16.3,1016.3,0.0,12.772,17.8
10113,2018-08-12,15.8,1015.8,0.0,12.64,17.8
10114,2018-08-12,15.4,1015.7,16.0,12.527999999999999,17.8
10115,2018-08-12,17.2,1015.2,172.0,13.632,17.8
10116,2018-08-12,19.9,1014.6,218.0,14.92,17.8
10117,2018-08-12,21.9,1014.0,512.0,15.772,17.8
10118,2018-08-12,24.6,1013.7,756.0,16.768,17.8
10119,2018-08-12,26.0,1012.9,763.0,16.999000000000002,17.8
10120,2018-08-12,26.6,1012.1,742.0,17.618,17.8
10121,2018-08-12,28.2,1011.1,925.0,17.744,17.8
10122,2018-08-12,29.5,1010.4,638.0,18.532,17.8
10123,2018-08-12,30.8,1009.5,810.0,18.564,17.8
10124,2018-08-12,29.6,1008.7,253.0,17.941,17.8
10125,2018-08-12,29.0,1008.2,241.0,17.9,17.8
10126,2018-08-12,27.9,1007.7,118.0,17.8,17.8
10127,2018-08-12,26.8,1007.4,23.0,17.882,17.8
10128,2018-08-12,24.0,1007.3,5.0,17.473,17.8
10129,2018-08-12,23.3,1007.6,0.0,17.53,17.8
10130,2018-08-12,23.3,1007.5,0.0,17.85,17.8
10131,2018-08-13,21.4,1007.0,0.0,17.918,17.8
10132,2018-08-13,20.2,1006.6,0.0,17.822,22.25
10133,2018-08-13,20.1,1006.8,0.0,17.477,22.25
10134,2018-08-13,19.3,1006.4,0.0,17.392,22.25
10135,2018-08-13,18.1,1006.7,0.0,16.99,22.25
10136,2018-08-13,17.7,1006.6,0.0,16.951,22.25
10137,2018-08-13,17.4,1006.8,0.0,16.567999999999998,22.25
10138,2018-08-13,17.2,1007.1,0.0,16.18,22.25
10139,2018-08-13,17.3,1007.3,35.0,16.27,22.25
10140,2018-08-13,17.7,1007.5,489.0,15.904000000000002,22.25
10141,2018-08-13,18.4,1007.9,148.0,16.38,22.25
10142,2018-08-13,18.8,1008.1,896.0,16.52,22.25
10143,2018-08-13,20.8,1008.2,281.0,16.667,22.25
10144,2018-08-13,20.2,1008.5,485.0,16.112000000000002,22.25
10145,2018-08-13,20.4,1008.5,589.0,16.328,22.25
10146,2018-08-13,22.8,1008.4,979.0,17.038,22.25
10147,2018-08-13,22.8,1008.4,684.0,16.976,22.25
10148,2018-08-13,23.2,1008.6,789.0,16.73,22.25
10149,2018-08-13,22.7,1008.6,466.0,16.64,22.25
10150,2018-08-13,22.8,1008.7,364.0,16.82,22.25
10151,2018-08-13,21.9,1009.1,100.0,17.252,22.25
10152,2018-08-13,20.6,1009.9,9.0,16.348,22.25
10153,2018-08-13,19.6,1010.9,0.0,16.02,22.25
10154,2018-08-13,18.8,1011.5,0.0,15.86,22.25
10155,2018-08-14,18.0,1011.8,0.0,15.36,22.25
10156,2018-08-14,17.3,1012.4,0.0,15.123,19.5
10157,2018-08-14,17.0,1012.7,0.0,15.1,19.5
10158,2018-08-14,16.2,1012.9,0.0,14.7,19.5
10159,2018-08-14,16.7,1013.3,0.0,15.094000000000001,19.5
10160,2018-08-14,16.5,1013.7,0.0,15.11,19.5
10161,2018-08-14,16.3,1014.0,0.0,15.142000000000001,19.5
10162,2018-08-14,16.4,1014.5,0.0,15.347999999999999,19.5
10163,2018-08-14,16.7,1015.2,25.0,15.517999999999999,19.5
10164,2018-08-14,17.0,1015.8,100.0,15.8,19.5
10165,2018-08-14,17.3,1016.2,116.0,16.064,19.5
10166,2018-08-14,17.8,1016.7,232.0,16.288,19.5
10167,2018-08-14,19.3,1017.1,186.0,16.827,19.5
10168,2018-08-14,21.2,1017.0,336.0,17.108,19.5
10169,2018-08-14,21.6,1017.2,396.0,16.664,19.5
10170,2018-08-14,23.5,1017.1,276.0,17.28,19.5
10171,2018-08-14,23.5,1017.3,904.0,17.19,19.5
10172,2018-08-14,23.8,1017.4,195.0,16.76,19.5
10173,2018-08-14,23.8,1017.5,557.0,17.08,19.5
10174,2018-08-14,23.0,1017.5,279.0,16.91,19.5
10175,2018-08-14,22.2,1017.8,91.0,16.954,19.5
10176,2018-08-14,20.6,1018.2,9.0,15.975999999999999,19.5
10177,2018-08-14,19.5,1019.1,0.0,15.545,19.5
10178,2018-08-14,18.8,1019.5,0.0,15.284,19.5
10179,2018-08-15,18.2,1019.7,0.0,15.1,19.5
10180,2018-08-15,17.0,1019.9,0.0,14.52,20.6
10181,2018-08-15,16.7,1019.9,0.0,14.544,20.6
10182,2018-08-15,16.4,1019.7,0.0,14.452,20.6
10183,2018-08-15,17.6,1019.4,0.0,15.4,20.6
10184,2018-08-15,17.5,1019.4,0.0,15.4,20.6
10185,2018-08-15,16.2,1019.3,0.0,14.584000000000001,20.6
10186,2018-08-15,15.5,1019.6,11.0,14.33,20.6
10187,2018-08-15,16.2,1019.9,135.0,15.048,20.6
10188,2018-08-15,17.8,1020.1,211.0,15.748,20.6
10189,2018-08-15,18.0,1020.2,197.0,16.02,20.6
10190,2018-08-15,16.8,1020.7,207.0,15.404000000000002,20.6
10191,2018-08-15,17.6,1020.8,213.0,15.366,20.6
10192,2018-08-15,18.0,1020.6,255.0,15.45,20.6
10193,2018-08-15,19.0,1020.3,510.0,15.82,20.6
10194,2018-08-15,21.3,1019.5,865.0,16.604,20.6
10195,2018-08-15,22.4,1019.0,710.0,17.052,20.6
10196,2018-08-15,24.4,1018.6,589.0,17.916,20.6
10197,2018-08-15,25.3,1018.1,72.0,18.27,20.6
10198,2018-08-15,25.3,1017.7,262.0,18.27,20.6
10199,2018-08-15,24.6,1017.5,84.0,17.772000000000002,20.6
10200,2018-08-15,23.7,1017.4,7.0,17.72,20.6
10201,2018-08-15,21.7,1017.6,0.0,17.17,20.6
10202,2018-08-15,19.6,1017.5,0.0,16.368,20.6
10203,2018-08-16,19.8,1017.5,0.0,16.632,20.6
10204,2018-08-16,18.8,1017.4,0.0,16.41,20.75
10205,2018-08-16,18.3,1017.4,0.0,16.18,20.75
10206,2018-08-16,17.6,1017.1,0.0,15.904000000000002,20.75
10207,2018-08-16,17.0,1016.7,0.0,15.6,20.75
10208,2018-08-16,16.6,1016.3,0.0,15.315999999999999,20.75
10209,2018-08-16,15.8,1015.8,0.0,14.764000000000001,20.75
10210,2018-08-16,15.0,1015.7,12.0,14.1,20.75
10211,2018-08-16,16.2,1015.5,130.0,15.464,20.75
10212,2018-08-16,19.2,1015.2,281.0,17.084,20.75
10213,2018-08-16,22.5,1015.1,411.0,18.14,20.75
10214,2018-08-16,25.0,1014.9,638.0,19.230999999999998,20.75
10215,2018-08-16,25.8,1014.5,789.0,19.45,20.75
10216,2018-08-16,27.6,1013.9,786.0,19.724,20.75
10217,2018-08-16,28.5,1013.1,823.0,20.044,20.75
10218,2018-08-16,28.3,1012.9,786.0,19.349,20.75
10219,2018-08-16,30.1,1012.2,715.0,20.048,20.75
10220,2018-08-16,30.1,1011.7,601.0,19.584,20.75
10221,2018-08-16,30.0,1011.2,417.0,19.28,20.75
10222,2018-08-16,29.5,1010.8,278.0,19.186,20.75
10223,2018-08-16,25.2,1011.2,33.0,19.8,20.75
10224,2018-08-16,22.8,1011.9,0.0,18.96,20.75
10225,2018-08-16,21.5,1012.8,0.0,18.152,20.75
10226,2018-08-16,19.5,1013.6,0.0,16.87,20.75
10227,2018-08-17,19.2,1014.2,0.0,16.524,20.75
10228,2018-08-17,18.6,1014.4,0.0,16.34,23.3
10229,2018-08-17,18.2,1014.1,0.0,16.09,23.3
10230,2018-08-17,18.0,1014.6,0.0,16.02,23.3
10231,2018-08-17,17.4,1014.8,0.0,15.857999999999999,23.3
10232,2018-08-17,16.8,1014.9,0.0,15.3,23.3
10233,2018-08-17,15.9,1015.7,0.0,13.927999999999999,23.3
10234,2018-08-17,15.3,1016.6,5.0,14.012,23.3
10235,2018-08-17,15.2,1017.3,46.0,14.012,23.3
10236,2018-08-17,15.9,1017.6,385.0,14.532,23.3
10237,2018-08-17,17.9,1018.2,591.0,15.276,23.3
10238,2018-08-17,18.3,1018.6,128.0,15.06,23.3
10239,2018-08-17,20.4,1018.9,967.0,14.98,23.3
10240,2018-08-17,21.2,1018.9,960.0,15.208,23.3
10241,2018-08-17,22.2,1019.1,232.0,14.876,23.3
10242,2018-08-17,22.2,1019.1,958.0,15.408,23.3
10243,2018-08-17,22.4,1019.0,751.0,15.412,23.3
10244,2018-08-17,22.8,1018.7,677.0,15.408,23.3
10245,2018-08-17,23.2,1018.6,468.0,15.392000000000001,23.3
10246,2018-08-17,23.4,1018.8,81.0,15.388,23.3
10247,2018-08-17,22.1,1019.2,77.0,14.8,23.3
10248,2018-08-17,20.9,1019.9,5.0,14.42,23.3
10249,2018-08-17,19.3,1020.8,0.0,14.248,23.3
10250,2018-08-17,18.0,1021.4,0.0,13.98,23.3
10251,2018-08-18,16.8,1021.8,0.0,13.835999999999999,23.3
10252,2018-08-18,16.0,1022.1,0.0,13.46,19.25
10253,2018-08-18,15.4,1022.4,0.0,13.152000000000001,19.25
10254,2018-08-18,14.9,1022.4,0.0,12.92,19.25
10255,2018-08-18,14.1,1022.2,0.0,12.52,19.25
10256,2018-08-18,13.1,1022.3,0.0,11.88,19.25
10257,2018-08-18,13.5,1022.4,0.0,12.1,19.25
10258,2018-08-18,12.7,1022.5,9.0,11.38,19.25
10259,2018-08-18,13.3,1022.6,127.0,11.9,19.25
10260,2018-08-18,15.5,1022.7,330.0,13.255999999999998,19.25
10261,2018-08-18,16.8,1023.2,499.0,14.425999999999998,19.25
10262,2018-08-18,18.1,1023.2,643.0,14.22,19.25
10263,2018-08-18,19.4,1023.0,749.0,14.112,19.25
10264,2018-08-18,21.0,1022.8,812.0,14.982999999999999,19.25
10265,2018-08-18,21.9,1022.5,819.0,15.588,19.25
10266,2018-08-18,22.4,1022.1,782.0,16.016,19.25
10267,2018-08-18,23.8,1021.6,691.0,16.69,19.25
10268,2018-08-18,24.0,1021.2,585.0,16.83,19.25
10269,2018-08-18,23.8,1021.1,413.0,16.92,19.25
10270,2018-08-18,23.6,1020.8,239.0,17.1,19.25
10271,2018-08-18,23.0,1021.0,69.0,16.84,19.25
10272,2018-08-18,21.0,1021.5,5.0,16.04,19.25
10273,2018-08-18,19.7,1022.0,0.0,15.690999999999999,19.25
10274,2018-08-18,18.7,1022.4,0.0,15.44,19.25
10275,2018-08-19,17.5,1022.7,0.0,14.91,19.25
10276,2018-08-19,16.7,1022.5,0.0,14.552999999999999,19.8
10277,2018-08-19,16.6,1022.5,0.0,14.668,19.8
10278,2018-08-19,15.9,1022.3,0.0,14.164000000000001,19.8
10279,2018-08-19,15.3,1022.2,0.0,14.012,19.8
10280,2018-08-19,14.7,1022.0,0.0,13.512,19.8
10281,2018-08-19,14.2,1021.8,0.0,13.116,19.8
10282,2018-08-19,14.2,1022.0,9.0,13.3,19.8
10283,2018-08-19,16.1,1022.0,123.0,14.62,19.8
10284,2018-08-19,17.7,1022.1,297.0,15.56,19.8
10285,2018-08-19,20.2,1022.0,504.0,16.42,19.8
10286,2018-08-19,20.9,1021.9,679.0,16.567,19.8
10287,2018-08-19,21.7,1021.8,772.0,16.82,19.8
10288,2018-08-19,23.6,1021.2,807.0,17.74,19.8
10289,2018-08-19,25.4,1020.8,810.0,18.3,19.8
10290,2018-08-19,26.1,1020.4,751.0,18.642,19.8
10291,2018-08-19,26.4,1019.8,673.0,18.642,19.8
10292,2018-08-19,26.9,1019.5,550.0,18.742,19.8
10293,2018-08-19,27.5,1019.2,390.0,19.075,19.8
10294,2018-08-19,27.0,1018.9,171.0,18.48,19.8
10295,2018-08-19,27.0,1018.8,76.0,18.48,19.8
10296,2018-08-19,25.6,1018.8,7.0,18.028,19.8
10297,2018-08-19,24.3,1019.3,0.0,18.474,19.8
10298,2018-08-19,22.2,1019.7,0.0,18.54,19.8
10299,2018-08-20,21.3,1020.0,0.0,18.389,19.8
10300,2018-08-20,20.5,1020.1,0.0,18.0,20.1
10301,2018-08-20,20.0,1019.9,0.0,17.98,20.1
10302,2018-08-20,19.6,1019.6,0.0,17.76,20.1
10303,2018-08-20,19.1,1019.3,0.0,17.668,20.1
10304,2018-08-20,19.3,1019.0,0.0,17.957,20.1
10305,2018-08-20,19.3,1019.2,0.0,17.957,20.1
10306,2018-08-20,19.2,1019.2,0.0,17.98,20.1
10307,2018-08-20,18.4,1019.6,33.0,17.715999999999998,20.1
10308,2018-08-20,18.7,1020.0,81.0,17.998,20.1
10309,2018-08-20,19.0,1020.3,135.0,17.92,20.1
10310,2018-08-20,19.5,1020.4,232.0,18.02,20.1
10311,2018-08-20,19.8,1020.5,338.0,17.845,20.1
10312,2018-08-20,20.8,1020.3,181.0,18.428,20.1
10313,2018-08-20,20.9,1020.3,214.0,18.105999999999998,20.1
10314,2018-08-20,21.3,1020.2,457.0,17.684,20.1
10315,2018-08-20,22.3,1019.9,288.0,18.22,20.1
10316,2018-08-20,22.8,1019.6,229.0,18.62,20.1
10317,2018-08-20,23.4,1019.4,158.0,18.968,20.1
10318,2018-08-20,23.5,1019.0,132.0,18.75,20.1
10319,2018-08-20,23.4,1018.9,28.0,18.82,20.1
10320,2018-08-20,22.9,1019.1,0.0,18.68,20.1
10321,2018-08-20,22.4,1019.5,0.0,18.56,20.1
10322,2018-08-20,22.0,1019.9,0.0,18.34,20.1
10323,2018-08-21,21.5,1019.8,0.0,18.035,20.1
10324,2018-08-21,20.3,1019.9,0.0,17.542,18.8
10325,2018-08-21,19.7,1019.7,0.0,17.377,18.8
10326,2018-08-21,19.4,1019.8,0.0,17.248,18.8
10327,2018-08-21,19.0,1019.7,0.0,17.14,18.8
10328,2018-08-21,19.0,1019.3,0.0,17.14,18.8
10329,2018-08-21,19.1,1019.2,0.0,17.224,18.8
10330,2018-08-21,18.7,1019.5,0.0,17.09,18.8
10331,2018-08-21,18.9,1019.6,35.0,17.38,18.8
10332,2018-08-21,19.5,1019.9,111.0,17.675,18.8
10333,2018-08-21,20.7,1020.0,250.0,18.454,18.8
10334,2018-08-21,22.0,1020.0,345.0,19.18,18.8
10335,2018-08-21,22.6,1019.6,415.0,19.22,18.8
10336,2018-08-21,24.2,1019.4,397.0,19.98,18.8
10337,2018-08-21,24.2,1018.9,315.0,19.6,18.8
10338,2018-08-21,24.5,1018.5,338.0,19.64,18.8
10339,2018-08-21,26.0,1018.0,134.0,20.16,18.8
10340,2018-08-21,25.2,1017.7,276.0,20.108,18.8
10341,2018-08-21,25.5,1017.1,193.0,20.0,18.8
10342,2018-08-21,25.1,1016.9,109.0,19.916,18.8
10343,2018-08-21,24.6,1016.6,47.0,19.74,18.8
10344,2018-08-21,23.6,1017.0,0.0,19.436,18.8
10345,2018-08-21,22.4,1017.4,0.0,19.16,18.8
10346,2018-08-21,21.6,1017.5,0.0,18.727999999999998,18.8
10347,2018-08-22,20.6,1017.5,0.0,18.1,18.8
10348,2018-08-22,19.9,1017.4,0.0,17.896,22.2
10349,2018-08-22,19.3,1017.2,0.0,17.704,22.2
10350,2018-08-22,18.9,1016.8,0.0,17.49,22.2
10351,2018-08-22,18.4,1016.8,0.0,17.26,22.2
10352,2018-08-22,17.8,1016.7,0.0,16.936,22.2
10353,2018-08-22,17.4,1016.5,0.0,16.776,22.2
10354,2018-08-22,17.0,1016.5,7.0,16.4,22.2
10355,2018-08-22,17.8,1016.7,111.0,17.26,22.2
10356,2018-08-22,20.2,1016.8,313.0,18.31,22.2
10357,2018-08-22,22.6,1016.9,295.0,18.98,22.2
10358,2018-08-22,24.3,1016.8,485.0,19.7,22.2
10359,2018-08-22,26.5,1016.5,837.0,20.025,22.2
10360,2018-08-22,26.9,1016.3,230.0,20.072,22.2
10361,2018-08-22,27.9,1015.9,954.0,20.5,22.2
10362,2018-08-22,27.2,1015.4,207.0,20.048,22.2
10363,2018-08-22,28.5,1014.9,763.0,20.54,22.2
10364,2018-08-22,27.8,1014.5,165.0,20.3,22.2
10365,2018-08-22,28.8,1014.1,452.0,20.804000000000002,22.2
10366,2018-08-22,28.1,1013.9,65.0,20.477999999999998,22.2
10367,2018-08-22,27.6,1014.0,58.0,20.262,22.2
10368,2018-08-22,25.6,1014.3,0.0,19.76,22.2
10369,2018-08-22,24.0,1015.0,0.0,19.3,22.2
10370,2018-08-22,22.8,1015.2,0.0,19.1,22.2
10371,2018-08-23,21.9,1015.3,0.0,18.644000000000002,22.2
10372,2018-08-23,20.5,1015.2,0.0,18.0,23.95
10373,2018-08-23,19.5,1015.1,0.0,17.79,23.95
10374,2018-08-23,18.9,1014.6,0.0,17.49,23.95
10375,2018-08-23,18.0,1014.4,0.0,16.9,23.95
10376,2018-08-23,16.9,1014.0,0.0,16.305999999999997,23.95
10377,2018-08-23,16.5,1013.7,0.0,16.025,23.95
10378,2018-08-23,16.0,1014.1,0.0,15.55,23.95
10379,2018-08-23,16.1,1014.1,32.0,15.645,23.95
10380,2018-08-23,16.5,1014.2,67.0,15.93,23.95
10381,2018-08-23,17.7,1014.1,339.0,16.523,23.95
10382,2018-08-23,20.0,1014.0,585.0,17.42,23.95
10383,2018-08-23,21.4,1013.9,311.0,17.918,23.95
10384,2018-08-23,22.3,1013.4,446.0,18.5,23.95
10385,2018-08-23,23.5,1013.1,874.0,18.828,23.95
10386,2018-08-23,24.2,1012.9,782.0,18.375999999999998,23.95
10387,2018-08-23,24.0,1012.6,694.0,18.5,23.95
10388,2018-08-23,23.4,1012.4,545.0,18.227999999999998,23.95
10389,2018-08-23,23.5,1012.1,376.0,18.15,23.95
10390,2018-08-23,23.1,1012.0,167.0,18.084,23.95
10391,2018-08-23,23.1,1011.9,32.0,18.012,23.95
10392,2018-08-23,22.4,1012.4,0.0,18.46,23.95
10393,2018-08-23,21.3,1012.6,0.0,18.21,23.95
10394,2018-08-23,20.9,1012.8,0.0,17.812,23.95
10395,2018-08-24,19.0,1013.4,0.0,17.47,23.95
10396,2018-08-24,15.8,1014.1,0.0,15.064,20.8
10397,2018-08-24,15.2,1013.9,0.0,14.22,20.8
10398,2018-08-24,15.0,1014.0,0.0,13.9,20.8
10399,2018-08-24,14.4,1014.0,0.0,13.4,20.8
10400,2018-08-24,14.0,1013.9,0.0,13.0,20.8
10401,2018-08-24,13.7,1014.1,0.0,12.9,20.8
10402,2018-08-24,13.8,1014.6,0.0,13.0,20.8
10403,2018-08-24,13.8,1015.1,76.0,13.0,20.8
10404,2018-08-24,14.4,1015.4,236.0,13.224,20.8
10405,2018-08-24,15.0,1015.8,369.0,13.3,20.8
10406,2018-08-24,15.9,1016.2,237.0,13.18,20.8
10407,2018-08-24,16.8,1016.3,483.0,13.095999999999998,20.8
10408,2018-08-24,17.0,1016.2,443.0,12.89,20.8
10409,2018-08-24,17.7,1016.1,315.0,13.2,20.8
10410,2018-08-24,17.3,1016.2,425.0,13.562000000000001,20.8
10411,2018-08-24,18.7,1015.4,241.0,13.376,20.8
10412,2018-08-24,19.5,1014.8,710.0,12.782,20.8
10413,2018-08-24,19.4,1014.6,120.0,12.277999999999999,20.8
10414,2018-08-24,18.8,1014.4,127.0,12.216,20.8
10415,2018-08-24,18.2,1014.5,114.0,12.452,20.8
10416,2018-08-24,16.7,1014.7,0.0,12.508,20.8
10417,2018-08-24,15.5,1014.8,0.0,11.825,20.8
10418,2018-08-24,15.3,1014.6,0.0,11.889000000000001,20.8
10419,2018-08-25,15.2,1014.1,0.0,11.806,20.8
10420,2018-08-25,14.9,1013.8,0.0,11.8,17.7
10421,2018-08-25,14.9,1013.5,0.0,12.02,17.7
10422,2018-08-25,14.8,1012.9,0.0,12.14,17.7
10423,2018-08-25,12.8,1013.1,0.0,11.9,17.7
10424,2018-08-25,12.4,1013.1,0.0,11.6,17.7
10425,2018-08-25,11.9,1013.2,0.0,11.114,17.7
10426,2018-08-25,11.9,1013.4,0.0,11.207,17.7
10427,2018-08-25,12.0,1013.8,33.0,11.4,17.7
10428,2018-08-25,12.4,1014.3,283.0,11.6,17.7
10429,2018-08-25,13.1,1014.7,369.0,11.52,17.7
10430,2018-08-25,13.9,1015.1,185.0,11.494000000000002,17.7
10431,2018-08-25,15.0,1015.2,348.0,11.366,17.7
10432,2018-08-25,15.9,1015.1,951.0,10.95,17.7
10433,2018-08-25,17.1,1015.1,216.0,11.3,17.7
10434,2018-08-25,17.1,1014.8,935.0,10.91,17.7
10435,2018-08-25,18.2,1014.8,722.0,11.354000000000001,17.7
10436,2018-08-25,19.1,1014.6,689.0,11.987,17.7
10437,2018-08-25,18.2,1014.8,415.0,11.492,17.7
10438,2018-08-25,17.6,1015.2,102.0,11.519,17.7
10439,2018-08-25,17.3,1015.4,51.0,11.304,17.7
10440,2018-08-25,16.0,1016.1,0.0,11.06,17.7
10441,2018-08-25,15.1,1016.7,0.0,10.86,17.7
10442,2018-08-25,14.1,1017.0,0.0,10.56,17.7
10443,2018-08-26,12.4,1017.2,0.0,9.86,17.7
10444,2018-08-26,11.3,1017.3,0.0,9.221,16.4
10445,2018-08-26,10.1,1017.3,0.0,8.624,16.4
10446,2018-08-26,9.2,1017.1,0.0,8.072000000000001,16.4
10447,2018-08-26,8.8,1017.0,0.0,7.926,16.4
10448,2018-08-26,8.2,1017.0,0.0,7.314,16.4
10449,2018-08-26,8.1,1016.7,0.0,7.38,16.4
10450,2018-08-26,8.3,1016.6,0.0,7.58,16.4
10451,2018-08-26,10.7,1016.6,93.0,9.161,16.4
10452,2018-08-26,14.3,1016.4,192.0,11.56,16.4
10453,2018-08-26,16.5,1016.4,243.0,11.98,16.4
10454,2018-08-26,19.3,1016.1,490.0,12.943,16.4
10455,2018-08-26,21.9,1015.5,563.0,13.82,16.4
10456,2018-08-26,21.8,1014.8,570.0,13.189,16.4
10457,2018-08-26,22.6,1014.1,457.0,13.36,16.4
10458,2018-08-26,22.6,1013.4,352.0,13.2,16.4
10459,2018-08-26,22.8,1012.5,264.0,13.82,16.4
10460,2018-08-26,22.3,1011.9,176.0,14.18,16.4
10461,2018-08-26,23.6,1010.9,202.0,14.748,16.4
10462,2018-08-26,23.1,1010.5,90.0,14.998,16.4
10463,2018-08-26,22.6,1010.1,39.0,15.255999999999998,16.4
10464,2018-08-26,22.0,1009.9,0.0,15.4,16.4
10465,2018-08-26,21.7,1010.0,0.0,15.404000000000002,16.4
10466,2018-08-26,21.5,1009.8,0.0,15.355,16.4
10467,2018-08-27,21.4,1009.6,0.0,15.53,16.4
10468,2018-08-27,20.9,1010.0,0.0,15.46,17.55
10469,2018-08-27,20.2,1009.9,0.0,15.8,17.55
10470,2018-08-27,18.2,1010.1,0.0,16.09,17.55
10471,2018-08-27,17.2,1009.9,0.0,16.078,17.55
10472,2018-08-27,17.5,1010.0,0.0,16.24,17.55
10473,2018-08-27,17.8,1010.1,0.0,16.612000000000002,17.55
10474,2018-08-27,17.7,1010.5,0.0,16.63,17.55
10475,2018-08-27,17.6,1011.2,25.0,16.752,17.55
10476,2018-08-27,15.9,1012.1,62.0,15.445,17.55
10477,2018-08-27,16.7,1012.5,301.0,15.827,17.55
10478,2018-08-27,16.8,1013.0,220.0,15.918,17.55
10479,2018-08-27,18.3,1013.3,392.0,16.2,17.55
10480,2018-08-27,18.5,1013.8,239.0,15.7,17.55
10481,2018-08-27,19.3,1014.0,332.0,15.994000000000002,17.55
10482,2018-08-27,20.7,1014.2,912.0,16.025,17.55
10483,2018-08-27,21.4,1014.4,320.0,15.798,17.55
10484,2018-08-27,22.3,1014.4,520.0,15.992,17.55
10485,2018-08-27,21.9,1014.6,181.0,15.588,17.55
10486,2018-08-27,21.5,1015.3,179.0,15.49,17.55
10487,2018-08-27,19.6,1015.9,39.0,14.76,17.55
10488,2018-08-27,17.6,1016.5,0.0,14.061,17.55
10489,2018-08-27,16.3,1017.2,0.0,13.213,17.55
10490,2018-08-27,15.4,1017.8,0.0,12.84,17.55
10491,2018-08-28,14.7,1018.2,0.0,12.56,17.55
10492,2018-08-28,13.8,1018.3,0.0,12.08,15.2
10493,2018-08-28,13.4,1018.2,0.0,11.84,15.2
10494,2018-08-28,13.0,1018.2,0.0,11.52,15.2
10495,2018-08-28,12.4,1018.1,0.0,11.16,15.2
10496,2018-08-28,11.6,1017.8,0.0,10.556,15.2
10497,2018-08-28,11.4,1018.0,0.0,10.55,15.2
10498,2018-08-28,11.1,1018.1,0.0,10.280999999999999,15.2
10499,2018-08-28,12.1,1018.1,84.0,11.2,15.2
10500,2018-08-28,15.6,1018.0,272.0,13.24,15.2
10501,2018-08-28,17.9,1017.6,450.0,14.368,15.2
10502,2018-08-28,19.9,1017.5,582.0,15.104000000000001,15.2
10503,2018-08-28,21.3,1017.2,710.0,15.868,15.2
10504,2018-08-28,22.9,1016.7,752.0,16.752,15.2
10505,2018-08-28,23.6,1016.4,773.0,16.94,15.2
10506,2018-08-28,24.8,1015.4,751.0,16.924,15.2
10507,2018-08-28,25.0,1014.5,668.0,16.9,15.2
10508,2018-08-28,25.7,1013.8,526.0,16.912,15.2
10509,2018-08-28,26.1,1013.3,350.0,16.816,15.2
10510,2018-08-28,26.0,1012.7,179.0,16.73,15.2
10511,2018-08-28,25.7,1012.5,40.0,16.63,15.2
10512,2018-08-28,23.4,1012.2,0.0,15.93,15.2
10513,2018-08-28,21.9,1012.1,0.0,15.588,15.2
10514,2018-08-28,21.5,1011.5,0.0,15.49,15.2
10515,2018-08-29,21.5,1011.4,0.0,15.76,15.2
10516,2018-08-29,20.5,1010.6,0.0,16.275,20.3
10517,2018-08-29,20.0,1010.5,0.0,16.17,20.3
10518,2018-08-29,20.4,1011.0,0.0,16.712,20.3
10519,2018-08-29,17.4,1011.3,0.0,16.256,20.3
10520,2018-08-29,17.0,1008.7,0.0,16.4,20.3
10521,2018-08-29,17.4,1009.6,0.0,16.785,20.3
10522,2018-08-29,17.5,1010.1,0.0,17.08,20.3
10523,2018-08-29,17.8,1010.0,14.0,17.368,20.3
10524,2018-08-29,18.1,1010.5,47.0,17.545,20.3
10525,2018-08-29,18.4,1010.9,107.0,17.715999999999998,20.3
10526,2018-08-29,18.9,1011.3,174.0,18.067,20.3
10527,2018-08-29,21.2,1011.5,232.0,19.34,20.3
10528,2018-08-29,20.5,1011.5,211.0,18.375,20.3
10529,2018-08-29,17.4,1012.7,51.0,16.672,20.3
10530,2018-08-29,16.5,1013.4,294.0,15.648,20.3
10531,2018-08-29,16.4,1014.6,54.0,15.347999999999999,20.3
10532,2018-08-29,16.4,1015.1,155.0,14.675999999999998,20.3
10533,2018-08-29,17.3,1015.7,195.0,14.772,20.3
10534,2018-08-29,17.4,1016.3,39.0,14.25,20.3
10535,2018-08-29,17.0,1017.1,32.0,14.04,20.3
10536,2018-08-29,16.4,1018.1,0.0,13.998,20.3
10537,2018-08-29,16.3,1019.1,0.0,14.23,20.3
10538,2018-08-29,16.3,1019.8,0.0,14.458,20.3
10539,2018-08-30,16.2,1019.9,0.0,14.352,20.3
10540,2018-08-30,15.9,1020.3,0.0,14.282,16.2
10541,2018-08-30,15.5,1020.6,0.0,14.11,16.2
10542,2018-08-30,15.2,1020.6,0.0,14.012,16.2
10543,2018-08-30,15.0,1020.6,0.0,14.008,16.2
10544,2018-08-30,14.5,1020.7,0.0,13.5,16.2
10545,2018-08-30,14.4,1020.8,0.0,13.5,16.2
10546,2018-08-30,14.5,1021.1,0.0,13.7,16.2
10547,2018-08-30,14.4,1021.5,88.0,13.7,16.2
10548,2018-08-30,14.7,1021.8,149.0,14.0,16.2
10549,2018-08-30,15.8,1022.0,193.0,14.77,16.2
10550,2018-08-30,17.7,1022.2,626.0,15.585999999999999,16.2
10551,2018-08-30,19.0,1021.9,408.0,15.32,16.2
10552,2018-08-30,20.0,1021.6,332.0,15.26,16.2
10553,2018-08-30,20.7,1021.3,214.0,15.56,16.2
10554,2018-08-30,19.6,1021.4,139.0,14.76,16.2
10555,2018-08-30,20.4,1021.2,100.0,15.06,16.2
10556,2018-08-30,18.9,1021.0,74.0,15.04,16.2
10557,2018-08-30,19.2,1020.9,139.0,15.05,16.2
10558,2018-08-30,19.0,1020.5,44.0,15.253,16.2
10559,2018-08-30,19.1,1020.5,18.0,15.253,16.2
10560,2018-08-30,17.8,1020.8,0.0,14.744000000000002,16.2
10561,2018-08-30,17.5,1021.1,0.0,15.17,16.2
10562,2018-08-30,16.4,1020.7,0.0,14.34,16.2
10563,2018-08-31,16.4,1020.6,0.0,14.452,16.2
10564,2018-08-31,16.2,1020.7,0.0,14.352,18.45
10565,2018-08-31,15.6,1020.4,0.0,14.1,18.45
10566,2018-08-31,15.5,1020.1,0.0,14.11,18.45
10567,2018-08-31,15.7,1019.9,0.0,14.3,18.45
10568,2018-08-31,15.0,1019.9,0.0,13.905999999999999,18.45
10569,2018-08-31,14.4,1019.7,0.0,13.4,18.45
10570,2018-08-31,13.9,1019.8,0.0,12.84,18.45
10571,2018-08-31,14.4,1020.0,49.0,13.048,18.45
10572,2018-08-31,16.3,1020.1,262.0,14.235999999999999,18.45
10573,2018-08-31,18.5,1020.5,501.0,14.37,18.45
10574,2018-08-31,19.6,1020.9,497.0,14.412,18.45
10575,2018-08-31,20.1,1020.7,793.0,14.74,18.45
10576,2018-08-31,21.3,1020.5,928.0,15.075999999999999,18.45
10577,2018-08-31,20.3,1020.4,183.0,14.33,18.45
10578,2018-08-31,20.9,1020.4,777.0,14.55,18.45
10579,2018-08-31,21.7,1020.0,469.0,15.072000000000001,18.45
10580,2018-08-31,21.7,1020.1,555.0,14.542,18.45
10581,2018-08-31,21.4,1020.1,355.0,14.716,18.45
10582,2018-08-31,20.9,1020.2,167.0,14.68,18.45
10583,2018-08-31,20.1,1020.5,30.0,14.64,18.45
10584,2018-08-31,18.2,1021.1,0.0,14.088,18.45
10585,2018-08-31,16.9,1021.8,0.0,13.315999999999999,18.45
10586,2018-08-31,16.2,1022.4,0.0,12.868,18.45
10587,2018-09-01,15.8,1022.6,0.0,12.527999999999999,18.45
10588,2018-09-01,15.4,1022.6,0.0,12.285,18.1
10589,2018-09-01,14.0,1022.5,0.0,11.4,18.1
10590,2018-09-01,13.7,1022.4,0.0,10.87,18.1
10591,2018-09-01,13.3,1022.6,0.0,10.751,18.1
10592,2018-09-01,13.0,1022.6,0.0,10.54,18.1
10593,2018-09-01,12.0,1022.8,0.0,10.0,18.1
10594,2018-09-01,11.4,1023.2,0.0,9.686,18.1
10595,2018-09-01,12.3,1023.7,81.0,10.48,18.1
10596,2018-09-01,14.7,1023.9,283.0,11.86,18.1
10597,2018-09-01,17.0,1024.3,466.0,12.89,18.1
10598,2018-09-01,18.4,1024.8,619.0,13.04,18.1
10599,2018-09-01,19.8,1024.7,729.0,12.884,18.1
10600,2018-09-01,20.2,1024.4,796.0,12.462,18.1
10601,2018-09-01,20.9,1024.2,796.0,12.738,18.1
10602,2018-09-01,21.2,1024.0,751.0,12.956,18.1
10603,2018-09-01,21.7,1023.7,663.0,13.345999999999998,18.1
10604,2018-09-01,22.0,1023.2,520.0,13.42,18.1
10605,2018-09-01,21.8,1022.8,338.0,13.582,18.1
10606,2018-09-01,21.2,1022.8,158.0,13.26,18.1
10607,2018-09-01,20.4,1023.1,28.0,13.124,18.1
10608,2018-09-01,18.4,1023.6,0.0,12.635,18.1
10609,2018-09-01,17.2,1023.9,0.0,12.308,18.1
10610,2018-09-01,16.5,1023.8,0.0,11.98,18.1
10611,2018-09-02,16.4,1023.9,0.0,11.9,18.1
10612,2018-09-02,15.6,1023.7,0.0,11.568,17.85
10613,2018-09-02,14.5,1023.6,0.0,11.24,17.85
10614,2018-09-02,13.9,1023.5,0.0,11.09,17.85
10615,2018-09-02,13.2,1023.1,0.0,10.644,17.85
10616,2018-09-02,12.3,1022.9,0.0,10.088,17.85
10617,2018-09-02,12.0,1022.5,0.0,9.9,17.85
10618,2018-09-02,11.8,1022.5,0.0,9.802999999999999,17.85
10619,2018-09-02,11.6,1022.4,72.0,9.884,17.85
10620,2018-09-02,14.2,1022.4,274.0,11.68,17.85
10621,2018-09-02,16.4,1022.6,459.0,12.61,17.85
10622,2018-09-02,18.4,1022.6,613.0,12.975999999999999,17.85
10623,2018-09-02,20.5,1022.5,714.0,13.97,17.85
10624,2018-09-02,20.7,1021.8,782.0,13.456,17.85
10625,2018-09-02,21.4,1021.1,791.0,13.42,17.85
10626,2018-09-02,22.1,1020.5,744.0,13.74,17.85
10627,2018-09-02,22.5,1019.7,649.0,14.18,17.85
10628,2018-09-02,23.1,1019.2,515.0,14.357999999999999,17.85
10629,2018-09-02,22.9,1018.9,352.0,14.37,17.85
10630,2018-09-02,22.6,1018.5,171.0,14.16,17.85
10631,2018-09-02,21.9,1018.2,32.0,14.118,17.85
10632,2018-09-02,19.8,1018.3,0.0,13.368,17.85
10633,2018-09-02,18.6,1018.4,0.0,12.968,17.85
10634,2018-09-02,17.9,1018.3,0.0,12.755,17.85
10635,2018-09-03,17.5,1018.1,0.0,12.625,17.85
10636,2018-09-03,16.7,1018.2,0.0,12.34,17.2
10637,2018-09-03,15.9,1017.9,0.0,12.054,17.2
10638,2018-09-03,14.8,1017.6,0.0,11.72,17.2
10639,2018-09-03,14.0,1017.4,0.0,11.5,17.2
10640,2018-09-03,13.6,1016.9,0.0,11.384,17.2
10641,2018-09-03,13.0,1017.0,0.0,11.09,17.2
10642,2018-09-03,13.3,1017.3,0.0,11.58,17.2
10643,2018-09-03,14.5,1017.5,49.0,12.32,17.2
10644,2018-09-03,15.7,1017.2,174.0,13.328,17.2
10645,2018-09-03,17.7,1017.4,151.0,14.744000000000002,17.2
10646,2018-09-03,18.1,1017.3,272.0,14.92,17.2
10647,2018-09-03,19.4,1017.2,353.0,15.607999999999999,17.2
10648,2018-09-03,21.1,1016.7,759.0,15.92,17.2
10649,2018-09-03,21.9,1016.2,503.0,16.005,17.2
10650,2018-09-03,22.6,1015.8,403.0,16.184,17.2
10651,2018-09-03,22.4,1015.7,264.0,16.312,17.2
10652,2018-09-03,22.7,1015.5,220.0,16.488,17.2
10653,2018-09-03,22.5,1015.5,163.0,16.55,17.2
10654,2018-09-03,21.9,1015.5,44.0,16.283,17.2
10655,2018-09-03,21.3,1015.5,18.0,15.834000000000001,17.2
10656,2018-09-03,20.6,1015.7,0.0,15.22,17.2
10657,2018-09-03,19.7,1016.4,0.0,14.892999999999999,17.2
10658,2018-09-03,19.2,1016.3,0.0,15.187999999999999,17.2
10659,2018-09-04,19.0,1016.4,0.0,15.32,17.2
10660,2018-09-04,18.2,1016.4,0.0,14.99,17.5
10661,2018-09-04,17.5,1016.4,0.0,14.825,17.5
10662,2018-09-04,17.1,1016.4,0.0,14.687999999999999,17.5
10663,2018-09-04,16.8,1016.3,0.0,14.414000000000001,17.5
10664,2018-09-04,16.7,1016.4,0.0,14.202,17.5
10665,2018-09-04,16.5,1016.1,0.0,14.105,17.5
10666,2018-09-04,16.6,1016.1,0.0,14.212,17.5
10667,2018-09-04,16.4,1016.1,49.0,14.34,17.5
10668,2018-09-04,16.8,1016.3,93.0,14.988,17.5
10669,2018-09-04,17.5,1016.2,221.0,15.82,17.5
10670,2018-09-04,19.0,1016.2,283.0,16.7,17.5
10671,2018-09-04,18.5,1016.4,90.0,16.8,17.5
10672,2018-09-04,17.9,1016.4,74.0,16.81,17.5
10673,2018-09-04,17.9,1016.4,74.0,16.81,17.5
10674,2018-09-04,17.9,1016.4,74.0,16.81,17.5
10675,2018-09-04,17.9,1016.4,74.0,16.81,17.5
10676,2018-09-04,17.9,1016.4,74.0,16.81,17.5
10677,2018-09-04,17.9,1016.4,74.0,16.81,17.5
10678,2018-09-04,17.9,1016.4,74.0,16.81,17.5
10679,2018-09-04,17.9,1016.4,74.0,16.81,17.5
10680,2018-09-04,17.9,1016.4,74.0,16.81,17.5
10681,2018-09-04,17.9,1016.4,74.0,16.81,17.5
10682,2018-09-04,17.9,1016.4,74.0,16.81,17.5
10683,2018-09-05,17.9,1016.4,74.0,16.81,17.5
10684,2018-09-05,17.9,1016.4,74.0,16.81,21.3
10685,2018-09-05,17.9,1016.4,74.0,16.81,21.3
10686,2018-09-05,17.9,1016.4,74.0,16.81,21.3
10687,2018-09-05,17.9,1016.4,74.0,16.81,21.3
10688,2018-09-05,17.9,1016.4,74.0,16.81,21.3
10689,2018-09-05,17.9,1016.4,74.0,16.81,21.3
10690,2018-09-05,17.9,1016.4,74.0,16.81,21.3
10691,2018-09-05,17.9,1016.4,74.0,16.81,21.3
10692,2018-09-05,17.9,1016.4,74.0,16.81,21.3
10693,2018-09-05,17.9,1016.4,74.0,16.81,21.3
10694,2018-09-05,17.9,1016.4,74.0,16.81,21.3
10695,2018-09-05,17.9,1016.4,74.0,16.81,21.3
10696,2018-09-05,17.9,1016.4,74.0,16.81,21.3
10697,2018-09-05,17.9,1016.4,74.0,16.81,21.3
10698,2018-09-05,17.9,1016.4,74.0,16.81,21.3
10699,2018-09-05,17.9,1016.4,74.0,16.81,21.3
10700,2018-09-05,17.9,1016.4,74.0,16.81,21.3
10701,2018-09-05,17.9,1016.4,74.0,16.81,21.3
10702,2018-09-05,17.9,1016.4,74.0,16.81,21.3
10703,2018-09-05,17.9,1016.4,74.0,16.81,21.3
10704,2018-09-05,17.9,1016.4,74.0,16.81,21.3
10705,2018-09-05,17.9,1016.4,74.0,16.81,21.3
10706,2018-09-05,17.9,1016.4,74.0,16.81,21.3
10707,2018-09-06,17.9,1016.4,74.0,16.81,21.3
10708,2018-09-06,17.9,1016.4,74.0,16.81,8.95
10709,2018-09-06,17.9,1016.4,74.0,16.81,8.95
10710,2018-09-06,17.9,1016.4,74.0,16.81,8.95
10711,2018-09-06,17.9,1016.4,74.0,16.81,8.95
10712,2018-09-06,17.9,1016.4,74.0,16.81,8.95
10713,2018-09-06,17.9,1016.4,74.0,16.81,8.95
10714,2018-09-06,17.9,1016.4,74.0,16.81,8.95
10715,2018-09-06,17.9,1016.4,74.0,16.81,8.95
10716,2018-09-06,17.9,1016.4,74.0,16.81,8.95
10717,2018-09-06,17.9,1016.4,74.0,16.81,8.95
10718,2018-09-06,17.9,1016.4,74.0,16.81,8.95
10719,2018-09-06,17.9,1016.4,74.0,16.81,8.95
10720,2018-09-06,17.9,1016.4,74.0,16.81,8.95
10721,2018-09-06,17.9,1016.4,74.0,16.81,8.95
10722,2018-09-06,17.9,1016.4,74.0,16.81,8.95
10723,2018-09-06,30.0,0.0,32767.0,29.4,8.95
10724,2018-09-06,20.3,1013.2,134.0,15.875,8.95
10725,2018-09-06,20.2,1013.0,148.0,15.415999999999999,8.95
10726,2018-09-06,19.7,1013.1,132.0,15.082,8.95
10727,2018-09-06,19.0,1013.3,19.0,14.48,8.95
10728,2018-09-06,17.8,1013.8,0.0,13.91,8.95
10729,2018-09-06,16.7,1014.5,0.0,13.734000000000002,8.95
10730,2018-09-06,15.5,1014.7,0.0,13.116,8.95
10731,2018-09-07,14.5,1014.8,0.0,12.4,8.95
10732,2018-09-07,14.0,1014.6,0.0,12.18,23.95
10733,2018-09-07,13.2,1014.4,0.0,11.56,23.95
10734,2018-09-07,12.7,1014.2,0.0,11.46,23.95
10735,2018-09-07,13.0,1014.1,0.0,11.84,23.95
10736,2018-09-07,13.1,1014.0,0.0,11.86,23.95
10737,2018-09-07,12.4,1014.0,0.0,11.4,23.95
10738,2018-09-07,12.4,1014.2,0.0,11.5,23.95
10739,2018-09-07,13.0,1014.5,40.0,11.9,23.95
10740,2018-09-07,14.4,1015.1,81.0,13.136,23.95
10741,2018-09-07,15.6,1015.4,113.0,14.2,23.95
10742,2018-09-07,14.8,1016.0,383.0,13.9,23.95
10743,2018-09-07,15.4,1016.4,731.0,13.152000000000001,23.95
10744,2018-09-07,17.0,1016.6,763.0,12.675999999999998,23.95
10745,2018-09-07,17.7,1016.7,773.0,12.311,23.95
10746,2018-09-07,18.4,1016.7,724.0,12.032,23.95
10747,2018-09-07,19.4,1016.6,633.0,12.562000000000001,23.95
10748,2018-09-07,19.9,1016.6,494.0,12.665999999999999,23.95
10749,2018-09-07,19.7,1016.6,330.0,12.692,23.95
10750,2018-09-07,19.9,1016.7,90.0,13.126,23.95
10751,2018-09-07,18.5,1017.1,16.0,12.365,23.95
10752,2018-09-07,16.4,1017.9,0.0,11.66,23.95
10753,2018-09-07,15.1,1018.4,0.0,11.009,23.95
10754,2018-09-07,14.0,1018.9,0.0,10.72,23.95
10755,2018-09-08,13.5,1019.0,0.0,10.41,23.95
10756,2018-09-08,11.8,1019.3,0.0,9.706,10.0
10757,2018-09-08,10.9,1019.5,0.0,9.29,10.0
10758,2018-09-08,10.3,1019.5,0.0,8.749,10.0
10759,2018-09-08,9.8,1019.6,0.0,8.45,10.0
10760,2018-09-08,8.9,1019.6,0.0,7.956,10.0
10761,2018-09-08,9.4,1020.0,0.0,8.446,10.0
10762,2018-09-08,9.6,1019.7,0.0,8.375,10.0
10763,2018-09-08,9.2,1019.7,35.0,8.36,10.0
10764,2018-09-08,12.2,1019.7,202.0,10.72,10.0
10765,2018-09-08,14.9,1019.8,473.0,12.42,10.0
10766,2018-09-08,18.5,1019.9,610.0,13.244000000000002,10.0
10767,2018-09-08,18.1,1019.7,717.0,13.046,10.0
10768,2018-09-08,19.0,1019.4,197.0,13.574000000000002,10.0
10769,2018-09-08,19.9,1019.3,958.0,13.784,10.0
10770,2018-09-08,21.0,1019.0,860.0,14.282,10.0
10771,2018-09-08,21.7,1018.4,649.0,14.628,10.0
10772,2018-09-08,22.9,1018.3,485.0,15.25,10.0
10773,2018-09-08,23.6,1018.0,60.0,15.234000000000002,10.0
10774,2018-09-08,23.3,1017.8,84.0,15.154000000000002,10.0
10775,2018-09-08,21.9,1017.8,16.0,14.65,10.0
10776,2018-09-08,18.9,1018.1,0.0,13.78,10.0
10777,2018-09-08,17.9,1018.4,0.0,13.520999999999999,10.0
10778,2018-09-08,16.7,1018.5,0.0,13.034,10.0
10779,2018-09-09,17.3,1018.7,0.0,13.308,10.0
10780,2018-09-09,17.2,1018.8,0.0,13.34,18.05
10781,2018-09-09,16.4,1019.0,0.0,13.082,18.05
10782,2018-09-09,15.5,1018.9,0.0,12.61,18.05
10783,2018-09-09,15.0,1018.8,0.0,12.4,18.05
10784,2018-09-09,13.9,1019.0,0.0,11.9,18.05
10785,2018-09-09,14.0,1018.7,0.0,11.797,18.05
10786,2018-09-09,13.8,1018.6,0.0,11.592,18.05
10787,2018-09-09,14.0,1018.8,49.0,11.797,18.05
10788,2018-09-09,16.2,1019.0,232.0,13.112,18.05
10789,2018-09-09,19.8,1019.2,371.0,14.76,18.05
10790,2018-09-09,22.3,1019.4,557.0,16.224,18.05
10791,2018-09-09,24.8,1019.2,654.0,17.098,18.05
10792,2018-09-09,26.6,1018.8,726.0,17.246,18.05
10793,2018-09-09,27.0,1018.3,751.0,17.38,18.05
10794,2018-09-09,27.9,1018.1,446.0,17.17,18.05
10795,2018-09-09,28.2,1017.8,371.0,17.204,18.05
10796,2018-09-09,28.1,1017.5,258.0,16.908,18.05
10797,2018-09-09,28.6,1017.4,100.0,17.348,18.05
10798,2018-09-09,28.4,1017.3,72.0,17.584,18.05
10799,2018-09-09,26.6,1017.6,19.0,17.052,18.05
10800,2018-09-09,25.2,1018.0,0.0,17.185,18.05
10801,2018-09-09,22.9,1018.9,0.0,16.594,18.05
10802,2018-09-09,21.1,1019.3,0.0,16.62,18.05
10803,2018-09-10,19.3,1019.5,0.0,16.714000000000002,18.05
10804,2018-09-10,17.9,1019.8,0.0,15.72,19.05
10805,2018-09-10,17.0,1020.6,0.0,15.1,19.05
10806,2018-09-10,16.3,1020.7,0.0,14.572000000000001,19.05
10807,2018-09-10,15.8,1020.7,0.0,14.184000000000001,19.05
10808,2018-09-10,15.2,1020.9,0.0,13.908,19.05
10809,2018-09-10,15.2,1021.0,0.0,14.22,19.05
10810,2018-09-10,14.7,1021.4,0.0,13.9,19.05
10811,2018-09-10,14.3,1022.0,35.0,13.6,19.05
10812,2018-09-10,15.0,1022.3,109.0,14.3,19.05
10813,2018-09-10,14.9,1023.0,185.0,14.2,19.05
10814,2018-09-10,16.0,1023.3,355.0,14.62,19.05
10815,2018-09-10,17.3,1023.3,380.0,15.24,19.05
10816,2018-09-10,18.5,1023.4,770.0,15.37,19.05
10817,2018-09-10,21.3,1022.7,731.0,15.568,19.05
10818,2018-09-10,22.8,1022.5,694.0,15.092,19.05
10819,2018-09-10,23.3,1022.4,626.0,14.436,19.05
10820,2018-09-10,23.6,1022.4,485.0,14.993,19.05
10821,2018-09-10,23.9,1022.2,255.0,15.470999999999998,19.05
10822,2018-09-10,24.0,1022.2,58.0,15.622,19.05
10823,2018-09-10,22.9,1022.3,14.0,15.165999999999999,19.05
10824,2018-09-10,20.9,1023.0,0.0,14.81,19.05
10825,2018-09-10,19.0,1023.4,0.0,14.62,19.05
10826,2018-09-10,17.6,1023.5,0.0,14.568,19.05
10827,2018-09-11,16.5,1023.5,0.0,14.22,19.05
10828,2018-09-11,16.1,1023.5,0.0,14.128,18.5
10829,2018-09-11,15.3,1023.6,0.0,13.684000000000001,18.5
10830,2018-09-11,14.3,1023.5,0.0,13.042,18.5
10831,2018-09-11,13.7,1023.4,0.0,12.62,18.5
10832,2018-09-11,13.7,1023.2,0.0,12.54,18.5
10833,2018-09-11,13.4,1023.0,0.0,12.3,18.5
10834,2018-09-11,14.4,1022.9,0.0,12.872,18.5
10835,2018-09-11,14.5,1023.0,40.0,13.05,18.5
10836,2018-09-11,17.3,1023.1,253.0,14.452,18.5
10837,2018-09-11,19.8,1023.5,429.0,15.632,18.5
10838,2018-09-11,22.9,1023.8,580.0,17.067999999999998,18.5
10839,2018-09-11,23.6,1023.3,686.0,16.55,18.5
10840,2018-09-11,25.3,1023.0,744.0,17.636,18.5
10841,2018-09-11,27.1,1022.5,744.0,18.562,18.5
10842,2018-09-11,27.2,1022.1,701.0,18.043,18.5
10843,2018-09-11,27.6,1021.5,603.0,17.73,18.5
10844,2018-09-11,28.5,1021.0,469.0,17.996,18.5
10845,2018-09-11,28.3,1020.6,301.0,18.035999999999998,18.5
10846,2018-09-11,28.5,1020.3,37.0,18.285,18.5
10847,2018-09-11,26.5,1020.2,11.0,17.618,18.5
10848,2018-09-11,24.6,1020.6,0.0,17.188,18.5
10849,2018-09-11,21.6,1020.7,0.0,16.634,18.5
10850,2018-09-11,20.6,1020.7,0.0,15.975999999999999,18.5
10851,2018-09-12,18.3,1020.5,0.0,15.63,18.5
10852,2018-09-12,19.1,1020.4,0.0,15.852,21.7
10853,2018-09-12,17.1,1020.3,0.0,14.924000000000001,21.7
10854,2018-09-12,15.8,1019.9,0.0,14.184000000000001,21.7
10855,2018-09-12,14.9,1019.6,0.0,13.606,21.7
10856,2018-09-12,14.9,1019.4,0.0,13.312000000000001,21.7
10857,2018-09-12,13.9,1019.5,0.0,12.82,21.7
10858,2018-09-12,14.3,1019.6,0.0,13.214,21.7
10859,2018-09-12,14.7,1019.5,42.0,13.606,21.7
10860,2018-09-12,16.7,1019.8,236.0,14.56,21.7
10861,2018-09-12,18.5,1019.8,422.0,15.7,21.7
10862,2018-09-12,20.2,1020.4,563.0,16.44,21.7
10863,2018-09-12,21.1,1020.3,666.0,16.875999999999998,21.7
10864,2018-09-12,22.5,1020.1,722.0,18.04,21.7
10865,2018-09-12,24.5,1019.5,724.0,18.01,21.7
10866,2018-09-12,25.4,1018.9,670.0,18.016,21.7
10867,2018-09-12,25.7,1018.5,599.0,18.214000000000002,21.7
10868,2018-09-12,26.2,1018.4,408.0,18.305999999999997,21.7
10869,2018-09-12,25.6,1018.1,156.0,18.214000000000002,21.7
10870,2018-09-12,24.5,1018.0,93.0,17.68,21.7
10871,2018-09-12,22.5,1018.3,7.0,17.44,21.7
10872,2018-09-12,20.8,1018.5,0.0,16.738,21.7
10873,2018-09-12,19.8,1019.1,0.0,16.868,21.7
10874,2018-09-12,18.7,1019.0,0.0,16.76,21.7
10875,2018-09-13,18.2,1018.8,0.0,16.64,21.7
10876,2018-09-13,17.8,1019.1,0.0,16.396,19.65
10877,2018-09-13,17.1,1018.8,0.0,15.989,19.65
10878,2018-09-13,16.4,1019.1,0.0,15.46,19.65
10879,2018-09-13,16.1,1018.7,0.0,15.280999999999999,19.65
10880,2018-09-13,15.9,1018.5,0.0,15.081,19.65
10881,2018-09-13,15.2,1018.4,0.0,14.415999999999999,19.65
10882,2018-09-13,15.0,1018.4,0.0,14.4,19.65
10883,2018-09-13,14.7,1018.7,0.0,14.2,19.65
10884,2018-09-13,14.6,1019.0,58.0,14.2,19.65
10885,2018-09-13,14.7,1019.7,42.0,14.2,19.65
10886,2018-09-13,14.6,1020.0,113.0,14.2,19.65
10887,2018-09-13,14.9,1020.2,70.0,14.3,19.65
10888,2018-09-13,15.1,1020.4,102.0,14.407,19.65
10889,2018-09-13,15.7,1020.2,137.0,14.77,19.65
10890,2018-09-13,16.1,1020.2,98.0,14.932,19.65
10891,2018-09-13,16.7,1019.7,130.0,15.2,19.65
10892,2018-09-13,16.3,1019.7,160.0,14.8,19.65
10893,2018-09-13,16.6,1019.8,102.0,14.992,19.65
10894,2018-09-13,17.0,1019.7,56.0,15.1,19.65
10895,2018-09-13,16.7,1019.7,5.0,14.882,19.65
10896,2018-09-13,16.4,1020.3,0.0,14.564,19.65
10897,2018-09-13,16.2,1020.7,0.0,14.352,19.65
10898,2018-09-13,15.9,1020.7,0.0,14.164000000000001,19.65
10899,2018-09-14,15.7,1020.8,0.0,13.988,19.65
10900,2018-09-14,15.2,1021.1,0.0,13.7,16.0
10901,2018-09-14,14.1,1021.1,0.0,12.69,16.0
10902,2018-09-14,13.2,1020.8,0.0,12.04,16.0
10903,2018-09-14,12.6,1020.8,0.0,11.7,16.0
10904,2018-09-14,12.2,1020.7,0.0,11.3,16.0
10905,2018-09-14,11.7,1020.5,0.0,10.924000000000001,16.0
10906,2018-09-14,11.4,1020.5,0.0,10.742,16.0
10907,2018-09-14,11.3,1020.8,42.0,10.649000000000001,16.0
10908,2018-09-14,12.8,1020.9,211.0,11.56,16.0
10909,2018-09-14,14.3,1021.1,425.0,12.527999999999999,16.0
10910,2018-09-14,16.1,1021.3,589.0,13.122,16.0
10911,2018-09-14,17.6,1021.4,671.0,13.472000000000001,16.0
10912,2018-09-14,18.0,1021.1,264.0,12.98,16.0
10913,2018-09-14,18.1,1021.0,826.0,12.98,16.0
10914,2018-09-14,18.7,1020.4,851.0,12.894,16.0
10915,2018-09-14,19.4,1020.3,642.0,13.07,16.0
10916,2018-09-14,19.9,1020.0,482.0,13.126,16.0
10917,2018-09-14,20.0,1019.8,341.0,13.1,16.0
10918,2018-09-14,19.2,1020.1,51.0,13.344000000000001,16.0
10919,2018-09-14,17.2,1020.9,9.0,12.677,16.0
10920,2018-09-14,16.2,1021.6,0.0,11.974,16.0
10921,2018-09-14,15.0,1022.3,0.0,11.604000000000001,16.0
10922,2018-09-14,14.4,1022.5,0.0,11.28,16.0
10923,2018-09-15,13.6,1022.8,0.0,10.968,16.0
10924,2018-09-15,13.1,1023.3,0.0,10.864,17.3
10925,2018-09-15,12.5,1023.4,0.0,10.7,17.3
10926,2018-09-15,12.4,1023.2,0.0,10.74,17.3
10927,2018-09-15,12.2,1023.2,0.0,10.64,17.3
10928,2018-09-15,11.7,1023.4,0.0,10.328,17.3
10929,2018-09-15,11.2,1023.5,0.0,10.016,17.3
10930,2018-09-15,10.7,1024.0,0.0,9.596,17.3
10931,2018-09-15,9.8,1024.3,33.0,8.936,17.3
10932,2018-09-15,11.7,1024.5,218.0,10.564,17.3
10933,2018-09-15,14.4,1025.0,350.0,12.784,17.3
10934,2018-09-15,16.4,1025.2,193.0,13.77,17.3
10935,2018-09-15,17.4,1025.2,357.0,13.908,17.3
10936,2018-09-15,19.7,1025.0,220.0,14.627,17.3
10937,2018-09-15,19.2,1024.6,357.0,13.946,17.3
10938,2018-09-15,20.1,1024.1,715.0,13.91,17.3
10939,2018-09-15,19.9,1023.4,146.0,13.872,17.3
10940,2018-09-15,21.2,1023.2,125.0,14.484000000000002,17.3
10941,2018-09-15,20.9,1022.5,248.0,14.282,17.3
10942,2018-09-15,20.5,1022.6,56.0,14.1,17.3
10943,2018-09-15,19.5,1022.9,5.0,13.52,17.3
10944,2018-09-15,17.1,1023.2,0.0,12.956,17.3
10945,2018-09-15,15.5,1023.7,0.0,12.17,17.3
10946,2018-09-15,14.4,1023.4,0.0,11.82,17.3
10947,2018-09-16,14.2,1023.3,0.0,11.66,17.3
10948,2018-09-16,14.5,1022.6,0.0,11.72,16.3
10949,2018-09-16,14.6,1021.9,0.0,11.78,16.3
10950,2018-09-16,13.7,1021.6,0.0,11.28,16.3
10951,2018-09-16,12.7,1021.6,0.0,10.686,16.3
10952,2018-09-16,12.6,1021.1,0.0,10.579,16.3
10953,2018-09-16,12.2,1020.9,0.0,10.48,16.3
10954,2018-09-16,12.4,1020.7,0.0,10.6,16.3
10955,2018-09-16,12.5,1020.5,39.0,10.68,16.3
10956,2018-09-16,14.7,1020.7,221.0,12.06,16.3
10957,2018-09-16,17.4,1020.5,325.0,13.53,16.3
10958,2018-09-16,20.2,1020.4,555.0,14.51,16.3
10959,2018-09-16,21.5,1020.2,587.0,14.95,16.3
10960,2018-09-16,23.0,1019.6,561.0,14.847999999999999,16.3
10961,2018-09-16,22.4,1019.1,578.0,14.722000000000001,16.3
10962,2018-09-16,24.0,1018.5,403.0,14.55,16.3
10963,2018-09-16,24.4,1018.1,352.0,14.79,16.3
10964,2018-09-16,24.4,1017.8,239.0,14.96,16.3
10965,2018-09-16,24.1,1017.7,121.0,15.18,16.3
10966,2018-09-16,23.6,1017.9,62.0,15.08,16.3
10967,2018-09-16,22.4,1018.1,5.0,14.95,16.3
10968,2018-09-16,19.4,1018.5,0.0,14.195,16.3
10969,2018-09-16,17.4,1019.1,0.0,13.404000000000002,16.3
10970,2018-09-16,16.2,1019.3,0.0,13.224,16.3
10971,2018-09-17,15.1,1019.0,0.0,12.772,16.3
10972,2018-09-17,14.0,1019.0,0.0,12.1,17.4
10973,2018-09-17,13.8,1018.9,0.0,12.08,17.4
10974,2018-09-17,12.2,1018.6,0.0,10.8,17.4
10975,2018-09-17,11.8,1018.7,0.0,10.41,17.4
10976,2018-09-17,11.2,1018.5,0.0,10.016,17.4
10977,2018-09-17,11.7,1018.8,0.0,10.388,17.4
10978,2018-09-17,12.0,1018.0,0.0,10.44,17.4
10979,2018-09-17,13.3,1017.9,32.0,11.07,17.4
10980,2018-09-17,14.6,1018.0,225.0,12.0,17.4
10981,2018-09-17,19.4,1018.0,424.0,14.44,17.4
10982,2018-09-17,22.4,1017.9,573.0,15.487,17.4
10983,2018-09-17,24.4,1017.3,601.0,16.36,17.4
10984,2018-09-17,24.8,1016.3,721.0,15.88,17.4
10985,2018-09-17,26.6,1015.4,715.0,16.082,17.4
10986,2018-09-17,27.4,1014.8,684.0,16.4,17.4
10987,2018-09-17,28.1,1014.0,584.0,15.74,17.4
10988,2018-09-17,28.4,1013.1,443.0,16.312,17.4
10989,2018-09-17,28.5,1012.4,264.0,16.625,17.4
10990,2018-09-17,28.5,1012.0,40.0,16.625,17.4
10991,2018-09-17,26.4,1011.6,5.0,15.958,17.4
10992,2018-09-17,23.9,1011.7,0.0,15.32,17.4
10993,2018-09-17,22.4,1011.4,0.0,14.95,17.4
10994,2018-09-17,21.0,1011.1,0.0,14.36,17.4
10995,2018-09-18,20.7,1010.9,0.0,14.65,17.4
10996,2018-09-18,19.9,1010.7,0.0,14.134,19.9
10997,2018-09-18,20.6,1010.5,0.0,14.57,19.9
10998,2018-09-18,20.5,1010.2,0.0,14.23,19.9
10999,2018-09-18,20.2,1010.1,0.0,14.9,19.9
11000,2018-09-18,19.5,1010.2,0.0,15.275,19.9
11001,2018-09-18,18.7,1010.6,0.0,15.44,19.9
11002,2018-09-18,18.0,1011.2,0.0,15.47,19.9
11003,2018-09-18,17.3,1012.0,11.0,15.446,19.9
11004,2018-09-18,17.1,1012.5,69.0,15.787,19.9
11005,2018-09-18,18.6,1012.5,309.0,16.8,19.9
11006,2018-09-18,21.3,1013.1,323.0,18.095,19.9
11007,2018-09-18,23.0,1013.5,362.0,18.864,19.9
11008,2018-09-18,22.7,1013.5,105.0,19.14,19.9
11009,2018-09-18,21.7,1014.0,345.0,18.555,19.9
11010,2018-09-18,21.8,1013.9,200.0,18.528,19.9
11011,2018-09-18,22.6,1014.2,246.0,18.8,19.9
11012,2018-09-18,23.3,1013.9,362.0,19.324,19.9
11013,2018-09-18,23.7,1013.7,178.0,19.522000000000002,19.9
11014,2018-09-18,23.8,1013.4,76.0,19.452,19.9
11015,2018-09-18,22.6,1013.7,7.0,18.94,19.9
11016,2018-09-18,21.0,1014.5,0.0,18.2,19.9
11017,2018-09-18,20.4,1014.9,0.0,18.272000000000002,19.9
11018,2018-09-18,19.8,1015.0,0.0,17.93,19.9
11019,2018-09-19,19.1,1015.0,0.0,17.557000000000002,19.9
11020,2018-09-19,18.8,1015.6,0.0,17.4,17.55
11021,2018-09-19,18.4,1015.7,0.0,17.15,17.55
11022,2018-09-19,17.7,1015.8,0.0,16.523,17.55
11023,2018-09-19,18.1,1016.1,0.0,16.77,17.55
11024,2018-09-19,17.7,1016.3,0.0,16.095,17.55
11025,2018-09-19,17.3,1016.2,0.0,15.549000000000001,17.55
11026,2018-09-19,16.7,1016.2,0.0,15.306,17.55
11027,2018-09-19,16.1,1016.8,18.0,15.072000000000001,17.55
11028,2018-09-19,17.3,1017.2,186.0,15.960999999999999,17.55
11029,2018-09-19,18.9,1017.6,111.0,16.7,17.55
11030,2018-09-19,20.0,1018.0,229.0,16.944000000000003,17.55
11031,2018-09-19,19.7,1018.2,292.0,16.324,17.55
11032,2018-09-19,21.9,1018.1,707.0,17.008,17.55
11033,2018-09-19,23.0,1017.7,722.0,17.7,17.55
11034,2018-09-19,23.8,1017.4,636.0,17.24,17.55
11035,2018-09-19,24.0,1017.2,534.0,17.312,17.55
11036,2018-09-19,24.0,1017.1,149.0,17.54,17.55
11037,2018-09-19,23.4,1017.0,255.0,17.12,17.55
11038,2018-09-19,23.0,1017.1,46.0,17.23,17.55
11039,2018-09-19,21.8,1017.3,0.0,16.872,17.55
11040,2018-09-19,21.1,1017.4,0.0,16.51,17.55
11041,2018-09-19,20.0,1017.7,0.0,16.241,17.55
11042,2018-09-19,19.1,1017.9,0.0,15.852,17.55
11043,2018-09-20,18.2,1018.1,0.0,15.43,17.55
11044,2018-09-20,17.4,1017.7,0.0,14.972000000000001,20.55
11045,2018-09-20,16.9,1017.8,0.0,14.652000000000001,20.55
11046,2018-09-20,16.2,1017.7,0.0,14.352,20.55
11047,2018-09-20,15.7,1017.7,0.0,14.085999999999999,20.55
11048,2018-09-20,15.3,1018.0,0.0,14.012,20.55
11049,2018-09-20,14.8,1017.9,0.0,13.704,20.55
11050,2018-09-20,14.6,1017.9,0.0,13.9,20.55
11051,2018-09-20,14.5,1018.0,19.0,13.8,20.55
11052,2018-09-20,15.8,1017.8,165.0,14.956,20.55
11053,2018-09-20,19.0,1018.1,413.0,16.72,20.55
11054,2018-09-20,21.0,1018.0,780.0,17.45,20.55
11055,2018-09-20,21.3,1017.7,258.0,17.387999999999998,20.55
11056,2018-09-20,22.2,1017.1,791.0,17.84,20.55
11057,2018-09-20,23.8,1016.2,686.0,17.72,20.55
11058,2018-09-20,25.0,1014.8,631.0,18.48,20.55
11059,2018-09-20,25.1,1014.0,563.0,18.41,20.55
11060,2018-09-20,25.1,1013.3,396.0,18.34,20.55
11061,2018-09-20,24.3,1012.4,142.0,17.916,20.55
11062,2018-09-20,23.4,1012.1,56.0,17.44,20.55
11063,2018-09-20,22.2,1011.5,0.0,17.0,20.55
11064,2018-09-20,21.1,1011.1,0.0,16.266,20.55
11065,2018-09-20,20.5,1010.7,0.0,16.025,20.55
11066,2018-09-20,20.0,1009.8,0.0,15.91,20.55
11067,2018-09-21,19.6,1009.5,0.0,16.02,20.55
11068,2018-09-21,19.3,1009.1,0.0,16.149,20.75
11069,2018-09-21,18.6,1008.6,0.0,15.9,20.75
11070,2018-09-21,17.9,1008.1,0.0,15.609000000000002,20.75
11071,2018-09-21,17.7,1007.3,0.0,15.667,20.75
11072,2018-09-21,17.7,1007.3,0.0,15.667,20.75
11073,2018-09-21,17.9,1006.6,0.0,15.72,20.75
11074,2018-09-21,16.9,1006.3,0.0,15.808,20.75
11075,2018-09-21,14.9,1008.0,0.0,14.11,20.75
11076,2018-09-21,13.3,1009.2,39.0,12.4,20.75
11077,2018-09-21,13.8,1010.1,156.0,12.48,20.75
11078,2018-09-21,14.4,1011.5,188.0,12.02,20.75
11079,2018-09-21,15.1,1012.4,515.0,11.722999999999999,20.75
11080,2018-09-21,15.4,1013.3,234.0,11.187000000000001,20.75
11081,2018-09-21,16.2,1014.2,167.0,11.34,20.75
11082,2018-09-21,16.8,1015.1,696.0,10.661,20.75
11083,2018-09-21,17.2,1015.5,594.0,10.556,20.75
11084,2018-09-21,17.8,1016.0,533.0,11.054,20.75
11085,2018-09-21,17.8,1016.3,325.0,11.054,20.75
11086,2018-09-21,16.6,1017.0,28.0,11.06,20.75
11087,2018-09-21,15.9,1018.0,0.0,10.77,20.75
11088,2018-09-21,14.7,1019.4,0.0,10.092,20.75
11089,2018-09-21,13.8,1020.2,0.0,9.78,20.75
11090,2018-09-21,12.8,1020.8,0.0,9.094,20.75
11091,2018-09-22,12.7,1021.6,0.0,9.245,20.75
11092,2018-09-22,12.2,1021.9,0.0,9.156,17.1
11093,2018-09-22,11.4,1022.2,0.0,8.942,17.1
11094,2018-09-22,10.9,1021.8,0.0,8.744,17.1
11095,2018-09-22,10.8,1021.7,0.0,8.824,17.1
11096,2018-09-22,10.8,1021.9,0.0,8.912,17.1
11097,2018-09-22,10.7,1022.1,0.0,8.9,17.1
11098,2018-09-22,11.0,1022.1,0.0,9.11,17.1
11099,2018-09-22,11.2,1022.2,9.0,9.308,17.1
11100,2018-09-22,11.9,1022.3,60.0,9.704,17.1
11101,2018-09-22,13.2,1022.3,327.0,10.536,17.1
11102,2018-09-22,15.4,1022.2,248.0,11.421,17.1
11103,2018-09-22,17.9,1021.5,374.0,12.66,17.1
11104,2018-09-22,17.7,1020.9,343.0,12.565,17.1
11105,2018-09-22,17.4,1021.3,258.0,12.28,17.1
11106,2018-09-22,16.2,1020.4,111.0,12.43,17.1
11107,2018-09-22,16.6,1019.4,148.0,13.155999999999999,17.1
11108,2018-09-22,17.2,1018.5,134.0,13.084000000000001,17.1
11109,2018-09-22,17.5,1017.2,33.0,12.75,17.1
11110,2018-09-22,16.1,1016.9,21.0,12.004000000000001,17.1
11111,2018-09-22,16.5,1015.7,0.0,12.1,17.1
11112,2018-09-22,17.3,1015.2,0.0,12.554,17.1
11113,2018-09-22,15.4,1014.3,0.0,13.684000000000001,17.1
11114,2018-09-22,17.1,1014.1,0.0,15.888,17.1
11115,2018-09-23,18.1,1013.9,0.0,16.88,17.1
11116,2018-09-23,18.8,1014.0,0.0,17.62,15.3
11117,2018-09-23,19.2,1013.9,0.0,17.98,15.3
11118,2018-09-23,19.3,1013.7,0.0,18.192999999999998,15.3
11119,2018-09-23,18.9,1013.1,0.0,18.067,15.3
11120,2018-09-23,18.9,1012.9,0.0,18.186,15.3
11121,2018-09-23,19.2,1012.7,0.0,18.374000000000002,15.3
11122,2018-09-23,19.1,1012.5,0.0,18.468,15.3
11123,2018-09-23,19.3,1012.3,0.0,18.562,15.3
11124,2018-09-23,19.2,1012.0,60.0,18.59,15.3
11125,2018-09-23,19.7,1011.9,72.0,18.718,15.3
11126,2018-09-23,20.0,1011.3,241.0,18.96,15.3
11127,2018-09-23,20.5,1011.0,214.0,19.25,15.3
11128,2018-09-23,20.7,1010.9,253.0,19.215999999999998,15.3
11129,2018-09-23,21.0,1010.9,251.0,19.045,15.3
11130,2018-09-23,20.0,1010.9,111.0,18.22,15.3
11131,2018-09-23,16.0,1013.1,53.0,15.648,15.3
11132,2018-09-23,14.5,1015.3,44.0,13.6,15.3
11133,2018-09-23,13.7,1017.0,23.0,12.8,15.3
11134,2018-09-23,12.5,1019.1,53.0,11.28,15.3
11135,2018-09-23,12.1,1020.7,0.0,10.62,15.3
11136,2018-09-23,11.3,1022.8,0.0,9.847999999999999,15.3
11137,2018-09-23,11.1,1024.8,0.0,9.745,15.3
11138,2018-09-23,10.2,1026.2,0.0,8.81,15.3
11139,2018-09-24,9.7,1027.2,0.0,8.606,15.3
11140,2018-09-24,9.3,1028.1,0.0,8.367,16.0
11141,2018-09-24,8.8,1028.8,0.0,7.852,16.0
11142,2018-09-24,8.4,1029.6,0.0,7.436,16.0
11143,2018-09-24,8.3,1030.1,0.0,7.247999999999999,16.0
11144,2018-09-24,7.9,1030.5,0.0,7.09,16.0
11145,2018-09-24,8.1,1031.5,0.0,7.3,16.0
11146,2018-09-24,7.7,1032.1,0.0,6.952999999999999,16.0
11147,2018-09-24,7.9,1033.0,25.0,7.171,16.0
11148,2018-09-24,9.4,1033.6,188.0,8.367,16.0
11149,2018-09-24,10.3,1034.2,357.0,8.998,16.0
11150,2018-09-24,12.5,1034.9,541.0,10.184,16.0
11151,2018-09-24,13.4,1035.3,663.0,10.54,16.0
11152,2018-09-24,14.2,1035.2,135.0,10.28,16.0
11153,2018-09-24,14.9,1035.1,116.0,10.363,16.0
11154,2018-09-24,14.9,1034.8,179.0,10.244000000000002,16.0
11155,2018-09-24,15.9,1034.6,179.0,10.77,16.0
11156,2018-09-24,15.3,1034.4,67.0,10.08,16.0
11157,2018-09-24,15.8,1034.3,279.0,10.052,16.0
11158,2018-09-24,15.0,1034.4,30.0,9.72,16.0
11159,2018-09-24,13.3,1034.8,0.0,8.846,16.0
11160,2018-09-24,11.8,1035.4,0.0,8.156,16.0
11161,2018-09-24,10.9,1035.5,0.0,7.814,16.0
11162,2018-09-24,10.3,1036.2,0.0,7.836,16.0
11163,2018-09-25,9.4,1036.1,0.0,7.765,16.0
11164,2018-09-25,8.9,1036.4,0.0,7.524,12.9
11165,2018-09-25,8.2,1036.1,0.0,6.8839999999999995,12.9
11166,2018-09-25,8.4,1036.0,0.0,7.14,12.9
11167,2018-09-25,8.4,1035.8,0.0,7.026,12.9
11168,2018-09-25,8.1,1035.9,0.0,6.772,12.9
11169,2018-09-25,7.3,1035.8,0.0,6.181,12.9
11170,2018-09-25,7.4,1035.6,0.0,6.204,12.9
11171,2018-09-25,6.9,1035.9,16.0,5.773,12.9
11172,2018-09-25,8.9,1035.9,179.0,7.482,12.9
11173,2018-09-25,10.9,1036.2,378.0,8.566,12.9
11174,2018-09-25,13.5,1036.4,524.0,9.58,12.9
11175,2018-09-25,13.8,1036.3,626.0,9.356,12.9
11176,2018-09-25,14.3,1036.0,686.0,9.449,12.9
11177,2018-09-25,15.2,1035.7,682.0,9.751,12.9
11178,2018-09-25,15.7,1034.9,636.0,9.575,12.9
11179,2018-09-25,16.1,1034.3,534.0,9.66,12.9
11180,2018-09-25,16.4,1033.5,390.0,9.781,12.9
11181,2018-09-25,16.5,1033.2,225.0,10.225,12.9
11182,2018-09-25,15.5,1033.0,26.0,9.925,12.9
11183,2018-09-25,14.5,1033.0,0.0,9.71,12.9
11184,2018-09-25,13.1,1033.2,0.0,9.01,12.9
11185,2018-09-25,12.0,1034.0,0.0,8.65,12.9
11186,2018-09-25,11.7,1033.8,0.0,8.609,12.9
11187,2018-09-26,11.8,1033.4,0.0,8.372,12.9
11188,2018-09-26,11.8,1032.9,0.0,8.238,12.25
11189,2018-09-26,10.7,1032.8,0.0,7.545,12.25
11190,2018-09-26,10.1,1032.5,0.0,7.212000000000001,12.25
11191,2018-09-26,9.3,1032.0,0.0,6.742999999999999,12.25
11192,2018-09-26,8.2,1031.8,0.0,5.97,12.25
11193,2018-09-26,7.7,1031.5,0.0,5.747999999999999,12.25
11194,2018-09-26,7.3,1031.6,0.0,5.544,12.25
11195,2018-09-26,6.7,1032.4,12.0,5.445,12.25
11196,2018-09-26,8.8,1032.4,178.0,7.05,12.25
11197,2018-09-26,12.8,1032.4,374.0,8.976,12.25
11198,2018-09-26,15.1,1033.0,526.0,10.17,12.25
11199,2018-09-26,16.5,1032.8,626.0,10.82,12.25
11200,2018-09-26,18.2,1032.2,682.0,11.354000000000001,12.25
11201,2018-09-26,18.8,1031.8,684.0,11.492,12.25
11202,2018-09-26,19.4,1031.0,626.0,11.616,12.25
11203,2018-09-26,21.0,1030.5,524.0,12.35,12.25
11204,2018-09-26,20.8,1030.1,380.0,12.22,12.25
11205,2018-09-26,20.4,1030.0,207.0,11.96,12.25
11206,2018-09-26,20.3,1030.3,25.0,12.209000000000001,12.25
11207,2018-09-26,17.2,1030.4,0.0,11.038,12.25
11208,2018-09-26,15.4,1030.5,0.0,10.08,12.25
11209,2018-09-26,14.2,1030.4,0.0,9.936,12.25
11210,2018-09-26,12.2,1030.5,0.0,9.044,12.25
11211,2018-09-27,11.5,1030.3,0.0,8.75,12.25
11212,2018-09-27,10.6,1030.2,0.0,8.542,13.95
11213,2018-09-27,9.4,1030.1,0.0,8.002,13.95
11214,2018-09-27,8.7,1029.7,0.0,7.52,13.95
11215,2018-09-27,8.4,1029.3,0.0,7.354,13.95
11216,2018-09-27,8.2,1028.8,0.0,7.212000000000001,13.95
11217,2018-09-27,8.3,1028.2,0.0,7.247999999999999,13.95
11218,2018-09-27,8.5,1028.0,0.0,7.46,13.95
11219,2018-09-27,7.6,1027.9,12.0,6.587999999999999,13.95
11220,2018-09-27,10.9,1027.7,155.0,9.335,13.95
11221,2018-09-27,15.0,1027.6,362.0,11.52,13.95
11222,2018-09-27,18.1,1027.4,506.0,12.98,13.95
11223,2018-09-27,20.5,1026.5,605.0,13.636,13.95
11224,2018-09-27,21.8,1026.4,656.0,14.48,13.95
11225,2018-09-27,22.5,1025.5,657.0,14.87,13.95
11226,2018-09-27,23.7,1024.5,605.0,15.466,13.95
11227,2018-09-27,24.6,1023.7,503.0,15.927999999999999,13.95
11228,2018-09-27,24.8,1022.9,362.0,16.117,13.95
11229,2018-09-27,25.4,1022.4,199.0,16.45,13.95
11230,2018-09-27,24.8,1022.1,26.0,16.576,13.95
11231,2018-09-27,21.7,1022.0,0.0,15.772,13.95
11232,2018-09-27,19.5,1022.2,0.0,14.546,13.95
11233,2018-09-27,19.0,1022.3,0.0,14.2,13.95
11234,2018-09-27,18.0,1022.6,0.0,13.86,13.95
11235,2018-09-28,17.4,1022.1,0.0,13.562000000000001,13.95
11236,2018-09-28,17.4,1022.1,0.0,13.655999999999999,16.15
11237,2018-09-28,15.0,1021.9,0.0,12.585,16.15
11238,2018-09-28,13.3,1021.6,0.0,11.92,16.15
11239,2018-09-28,12.8,1021.3,0.0,11.4,16.15
11240,2018-09-28,12.0,1021.2,0.0,10.92,16.15
11241,2018-09-28,12.8,1021.3,0.0,11.48,16.15
11242,2018-09-28,12.8,1021.6,0.0,11.4,16.15
11243,2018-09-28,12.5,1022.0,14.0,11.1,16.15
11244,2018-09-28,13.6,1022.4,95.0,11.488,16.15
11245,2018-09-28,14.4,1023.0,178.0,12.12,16.15
11246,2018-09-28,14.9,1023.5,267.0,12.64,16.15
11247,2018-09-28,16.2,1023.6,311.0,13.56,16.15
11248,2018-09-28,16.0,1023.9,554.0,13.68,16.15
11249,2018-09-28,16.9,1023.7,281.0,13.954,16.15
11250,2018-09-28,17.2,1023.3,306.0,14.07,16.15
11251,2018-09-28,17.8,1023.2,181.0,14.154000000000002,16.15
11252,2018-09-28,18.2,1023.2,401.0,14.26,16.15
11253,2018-09-28,17.7,1023.1,185.0,14.184000000000001,16.15
11254,2018-09-28,16.0,1024.1,32.0,13.011,16.15
11255,2018-09-28,14.6,1024.7,0.0,12.08,16.15
11256,2018-09-28,13.9,1025.8,0.0,11.392999999999999,16.15
11257,2018-09-28,13.2,1026.4,0.0,10.86,16.15
11258,2018-09-28,12.4,1027.0,0.0,9.965,16.15
11259,2018-09-29,11.8,1026.9,0.0,9.118,16.15
11260,2018-09-29,11.0,1026.8,0.0,8.75,13.0
11261,2018-09-29,10.6,1026.5,0.0,8.37,13.0
11262,2018-09-29,10.1,1026.4,0.0,8.057,13.0
11263,2018-09-29,9.4,1026.1,0.0,7.694,13.0
11264,2018-09-29,8.4,1025.8,0.0,6.996,13.0
11265,2018-09-29,8.3,1025.6,0.0,6.912000000000001,13.0
11266,2018-09-29,8.2,1025.6,0.0,6.797999999999999,13.0
11267,2018-09-29,8.2,1025.6,14.0,6.712000000000001,13.0
11268,2018-09-29,9.3,1025.4,188.0,7.5360000000000005,13.0
11269,2018-09-29,11.0,1025.4,290.0,8.3,13.0
11270,2018-09-29,12.4,1025.3,459.0,8.42,13.0
11271,2018-09-29,13.9,1025.0,241.0,9.038,13.0
11272,2018-09-29,15.0,1024.3,670.0,9.649,13.0
11273,2018-09-29,15.2,1023.9,570.0,9.432,13.0
11274,2018-09-29,15.9,1023.2,550.0,9.382,13.0
11275,2018-09-29,16.6,1022.4,489.0,9.64,13.0
11276,2018-09-29,17.1,1021.7,357.0,9.838,13.0
11277,2018-09-29,17.0,1021.0,197.0,9.88,13.0
11278,2018-09-29,16.3,1020.8,42.0,9.644,13.0
11279,2018-09-29,14.6,1020.9,0.0,8.863999999999999,13.0
11280,2018-09-29,12.8,1020.9,0.0,8.2,13.0
11281,2018-09-29,12.2,1021.0,0.0,7.99,13.0
11282,2018-09-29,11.5,1020.6,0.0,7.805,13.0
11283,2018-09-30,10.7,1020.2,0.0,7.545,13.0
11284,2018-09-30,9.7,1020.0,0.0,7.16,14.35
11285,2018-09-30,8.7,1019.7,0.0,6.6,14.35
11286,2018-09-30,8.1,1019.5,0.0,6.06,14.35
11287,2018-09-30,7.4,1018.7,0.0,5.544,14.35
11288,2018-09-30,6.8,1018.4,0.0,5.2989999999999995,14.35
11289,2018-09-30,5.8,1018.1,0.0,4.765,14.35
11290,2018-09-30,5.6,1017.9,0.0,4.6419999999999995,14.35
11291,2018-09-30,5.8,1017.9,9.0,4.816,14.35
11292,2018-09-30,6.6,1018.0,151.0,5.284,14.35
11293,2018-09-30,9.5,1018.4,355.0,7.608,14.35
11294,2018-09-30,11.8,1018.5,503.0,8.609,14.35
11295,2018-09-30,12.9,1018.4,51.0,8.939,14.35
11296,2018-09-30,14.3,1018.2,657.0,9.788,14.35
11297,2018-09-30,15.4,1017.5,666.0,9.96,14.35
11298,2018-09-30,16.2,1017.1,612.0,10.107999999999999,14.35
11299,2018-09-30,16.5,1016.6,250.0,9.82,14.35
11300,2018-09-30,16.6,1016.6,221.0,11.1,14.35
11301,2018-09-30,16.7,1016.5,109.0,11.42,14.35
11302,2018-09-30,15.8,1016.8,14.0,11.28,14.35
11303,2018-09-30,14.0,1017.8,0.0,10.24,14.35
11304,2018-09-30,13.2,1017.9,0.0,9.36,14.35
11305,2018-09-30,12.6,1018.1,0.0,9.362,14.35
11306,2018-09-30,12.3,1018.1,0.0,9.357000000000001,14.35
11307,2018-10-01,12.3,1018.1,0.0,9.779,14.35
11308,2018-10-01,11.8,1018.1,0.0,9.706,12.5
11309,2018-10-01,11.2,1017.9,0.0,9.4,12.5
11310,2018-10-01,11.2,1018.3,0.0,9.488,12.5
11311,2018-10-01,11.5,1018.8,0.0,9.51,12.5
11312,2018-10-01,11.5,1018.8,0.0,8.75,12.5
11313,2018-10-01,11.1,1019.3,0.0,8.754,12.5
11314,2018-10-01,10.1,1020.0,0.0,7.814,12.5
11315,2018-10-01,9.3,1020.7,7.0,7.362,12.5
11316,2018-10-01,9.7,1021.4,141.0,7.7410000000000005,12.5
11317,2018-10-01,10.5,1022.3,357.0,8.264,12.5
11318,2018-10-01,11.1,1023.0,475.0,8.481,12.5
11319,2018-10-01,12.1,1023.6,209.0,8.846,12.5
11320,2018-10-01,12.9,1023.8,190.0,8.9,12.5
11321,2018-10-01,13.9,1023.9,156.0,9.45,12.5
11322,2018-10-01,14.2,1023.9,622.0,9.264,12.5
11323,2018-10-01,14.3,1023.8,146.0,9.294,12.5
11324,2018-10-01,14.6,1023.6,406.0,8.75,12.5
11325,2018-10-01,14.0,1023.8,160.0,8.18,12.5
11326,2018-10-01,12.9,1024.7,28.0,8.0,12.5
11327,2018-10-01,11.7,1025.3,0.0,7.581,12.5
11328,2018-10-01,10.4,1025.7,0.0,7.102,12.5
11329,2018-10-01,10.2,1026.2,0.0,7.12,12.5
11330,2018-10-01,10.0,1026.3,0.0,7.13,12.5
11331,2018-10-02,10.1,1026.1,0.0,7.308,12.5
11332,2018-10-02,9.7,1026.0,0.0,7.24,10.35
11333,2018-10-02,9.4,1025.5,0.0,7.0920000000000005,10.35
11334,2018-10-02,9.0,1025.2,0.0,6.96,10.35
11335,2018-10-02,9.1,1024.8,0.0,7.125,10.35
11336,2018-10-02,9.4,1024.3,0.0,7.436,10.35
11337,2018-10-02,9.5,1024.0,0.0,7.85,10.35
11338,2018-10-02,9.4,1023.9,0.0,8.002,10.35
11339,2018-10-02,9.8,1023.5,0.0,8.216000000000001,10.35
11340,2018-10-02,10.0,1023.7,49.0,8.36,10.35
11341,2018-10-02,11.0,1023.8,49.0,9.02,10.35
11342,2018-10-02,11.2,1023.7,97.0,9.308,10.35
11343,2018-10-02,11.1,1023.8,171.0,9.56,10.35
11344,2018-10-02,12.1,1023.8,209.0,10.38,10.35
11345,2018-10-02,13.5,1023.4,207.0,11.7,10.35
11346,2018-10-02,14.2,1023.1,167.0,12.36,10.35
11347,2018-10-02,14.5,1023.0,77.0,12.69,10.35
11348,2018-10-02,14.5,1022.8,72.0,13.14,10.35
11349,2018-10-02,14.2,1022.7,42.0,13.116,10.35
11350,2018-10-02,13.6,1022.9,11.0,12.9,10.35
11351,2018-10-02,13.6,1023.2,0.0,13.1,10.35
11352,2018-10-02,14.0,1023.4,0.0,13.6,10.35
11353,2018-10-02,14.7,1023.8,0.0,14.3,10.35
11354,2018-10-02,15.0,1023.8,0.0,14.5,10.35
11355,2018-10-03,15.1,1023.7,0.0,14.605,10.35
11356,2018-10-03,15.2,1023.7,0.0,14.71,12.1
11357,2018-10-03,15.3,1023.7,0.0,14.815,12.1
11358,2018-10-03,15.3,1023.8,0.0,14.815,12.1
11359,2018-10-03,15.0,1023.9,0.0,14.6,12.1
11360,2018-10-03,14.9,1024.2,0.0,14.5,12.1
11361,2018-10-03,14.9,1024.3,0.0,14.5,12.1
11362,2018-10-03,14.7,1024.9,0.0,14.3,12.1
11363,2018-10-03,14.1,1025.4,0.0,13.7,12.1
11364,2018-10-03,14.2,1026.1,46.0,13.8,12.1
11365,2018-10-03,14.5,1026.5,113.0,14.1,12.1
11366,2018-10-03,15.2,1026.8,239.0,14.415999999999999,12.1
11367,2018-10-03,14.3,1027.4,51.0,13.4,12.1
11368,2018-10-03,14.8,1027.5,301.0,14.0,12.1
11369,2018-10-03,15.9,1027.5,265.0,14.282,12.1
11370,2018-10-03,16.8,1027.0,396.0,14.884,12.1
11371,2018-10-03,17.1,1026.8,255.0,14.485,12.1
11372,2018-10-03,17.0,1026.8,113.0,14.16,12.1
11373,2018-10-03,17.1,1026.5,144.0,14.247,12.1
11374,2018-10-03,16.9,1026.4,26.0,13.819,12.1
11375,2018-10-03,15.4,1027.1,0.0,13.03,12.1
11376,2018-10-03,14.0,1027.4,0.0,12.36,12.1
11377,2018-10-03,13.0,1027.3,0.0,11.84,12.1
11378,2018-10-03,13.4,1027.4,0.0,12.32,12.1
11379,2018-10-04,13.5,1027.1,0.0,12.42,12.1
11380,2018-10-04,13.4,1027.2,0.0,12.4,13.2
11381,2018-10-04,12.3,1027.0,0.0,11.3,13.2
11382,2018-10-04,11.3,1026.9,0.0,10.649000000000001,13.2
11383,2018-10-04,10.8,1026.6,0.0,10.248,13.2
11384,2018-10-04,11.7,1026.4,0.0,10.73,13.2
11385,2018-10-04,13.5,1026.2,0.0,11.86,13.2
11386,2018-10-04,11.9,1026.0,0.0,10.748,13.2
11387,2018-10-04,10.7,1026.2,7.0,9.683,13.2
11388,2018-10-04,11.5,1026.1,137.0,10.55,13.2
11389,2018-10-04,14.8,1026.2,322.0,12.34,13.2
11390,2018-10-04,16.9,1026.1,464.0,13.095999999999998,13.2
11391,2018-10-04,17.0,1025.8,561.0,13.28,13.2
11392,2018-10-04,18.6,1025.5,610.0,13.98,13.2
11393,2018-10-04,19.0,1024.1,615.0,13.92,13.2
11394,2018-10-04,19.7,1023.3,563.0,14.228,13.2
11395,2018-10-04,20.2,1022.5,468.0,14.3,13.2
11396,2018-10-04,20.6,1021.9,325.0,14.57,13.2
11397,2018-10-04,20.5,1021.1,155.0,14.36,13.2
11398,2018-10-04,19.9,1021.0,16.0,14.003,13.2
11399,2018-10-04,18.5,1021.0,0.0,13.445,13.2
11400,2018-10-04,16.8,1021.2,0.0,12.718,13.2
11401,2018-10-04,16.2,1021.0,0.0,12.544,13.2
11402,2018-10-04,14.9,1020.9,0.0,11.92,13.2
11403,2018-10-05,12.3,1020.8,0.0,10.5,13.2
11404,2018-10-05,14.0,1020.3,0.0,11.6,16.85
11405,2018-10-05,13.8,1019.9,0.0,11.694,16.85
11406,2018-10-05,13.6,1019.3,0.0,11.488,16.85
11407,2018-10-05,12.6,1018.6,0.0,10.8,16.85
11408,2018-10-05,12.1,1017.9,0.0,10.298,16.85
11409,2018-10-05,11.7,1017.4,0.0,9.982999999999999,16.85
11410,2018-10-05,11.2,1017.1,0.0,9.752,16.85
11411,2018-10-05,9.9,1017.1,7.0,8.604,16.85
11412,2018-10-05,10.3,1017.2,127.0,9.164,16.85
11413,2018-10-05,13.1,1017.2,329.0,11.082,16.85
11414,2018-10-05,16.9,1016.8,471.0,13.315999999999999,16.85
11415,2018-10-05,18.6,1016.0,570.0,14.37,16.85
11416,2018-10-05,21.1,1015.4,622.0,15.114,16.85
11417,2018-10-05,22.8,1014.6,617.0,15.882,16.85
11418,2018-10-05,23.8,1013.6,564.0,16.384,16.85
11419,2018-10-05,24.6,1013.1,462.0,16.096,16.85
11420,2018-10-05,25.3,1012.5,320.0,15.93,16.85
11421,2018-10-05,24.9,1012.0,148.0,15.77,16.85
11422,2018-10-05,23.9,1011.9,14.0,15.773,16.85
11423,2018-10-05,21.5,1011.7,0.0,15.085,16.85
11424,2018-10-05,20.0,1011.6,0.0,14.56,16.85
11425,2018-10-05,18.1,1011.7,0.0,14.1,16.85
11426,2018-10-05,15.7,1011.7,0.0,12.748,16.85
11427,2018-10-06,16.6,1011.3,0.0,13.376,16.85
11428,2018-10-06,16.3,1011.1,0.0,13.082,17.8
11429,2018-10-06,14.2,1010.9,0.0,12.14,17.8
11430,2018-10-06,15.6,1010.4,0.0,12.667,17.8
11431,2018-10-06,14.7,1009.7,0.0,12.14,17.8
11432,2018-10-06,14.2,1009.3,0.0,12.04,17.8
11433,2018-10-06,13.7,1008.8,0.0,11.696,17.8
11434,2018-10-06,13.4,1008.5,0.0,11.385,17.8
11435,2018-10-06,13.2,1008.7,5.0,11.184000000000001,17.8
11436,2018-10-06,13.9,1008.5,120.0,11.898,17.8
11437,2018-10-06,14.5,1008.4,306.0,12.4,17.8
11438,2018-10-06,17.0,1008.4,436.0,14.16,17.8
11439,2018-10-06,18.9,1008.2,538.0,15.095999999999998,17.8
11440,2018-10-06,20.8,1007.9,601.0,15.683,17.8
11441,2018-10-06,21.9,1006.8,255.0,16.005,17.8
11442,2018-10-06,22.2,1006.0,288.0,15.704,17.8
11443,2018-10-06,21.5,1006.1,448.0,14.95,17.8
11444,2018-10-06,20.6,1005.4,188.0,15.3,17.8
11445,2018-10-06,19.4,1004.8,67.0,14.927999999999999,17.8
11446,2018-10-06,18.5,1005.2,12.0,14.63,17.8
11447,2018-10-06,18.2,1005.2,0.0,14.508,17.8
11448,2018-10-06,18.2,1005.2,0.0,14.508,17.8
11449,2018-10-06,18.2,1005.2,0.0,14.508,17.8
11450,2018-10-06,18.2,1005.2,0.0,14.508,17.8
11451,2018-10-07,18.2,1005.2,0.0,14.508,17.8
11452,2018-10-07,18.2,1005.2,0.0,14.508,15.75
11453,2018-10-07,18.2,1005.2,0.0,14.508,15.75
11454,2018-10-07,18.2,1005.2,0.0,14.508,15.75
11455,2018-10-07,18.2,1005.2,0.0,14.508,15.75
11456,2018-10-07,18.2,1005.2,0.0,14.508,15.75
11457,2018-10-07,18.2,1005.2,0.0,14.508,15.75
11458,2018-10-07,18.2,1005.2,0.0,14.508,15.75
11459,2018-10-07,18.2,1005.2,0.0,14.508,15.75
11460,2018-10-07,18.2,1005.2,0.0,14.508,15.75
11461,2018-10-07,18.2,1005.2,0.0,14.508,15.75
11462,2018-10-07,18.2,1005.2,0.0,14.508,15.75
11463,2018-10-07,18.2,1005.2,0.0,14.508,15.75
11464,2018-10-07,18.2,1005.2,0.0,14.508,15.75
11465,2018-10-07,18.2,1005.2,0.0,14.508,15.75
11466,2018-10-07,18.2,1005.2,0.0,14.508,15.75
11467,2018-10-07,18.2,1005.2,0.0,14.508,15.75
11468,2018-10-07,18.2,1005.2,0.0,14.508,15.75
11469,2018-10-07,18.2,1005.2,0.0,14.508,15.75
11470,2018-10-07,18.2,1005.2,0.0,14.508,15.75
11471,2018-10-07,18.2,1005.2,0.0,14.508,15.75
11472,2018-10-07,18.2,1005.2,0.0,14.508,15.75
11473,2018-10-07,18.2,1005.2,0.0,14.508,15.75
11474,2018-10-07,18.2,1005.2,0.0,14.508,15.75
11475,2018-10-08,18.2,1005.2,0.0,14.508,15.75
11476,2018-10-08,18.2,1005.2,0.0,14.508,15.4
11477,2018-10-08,18.2,1005.2,0.0,14.508,15.4
11478,2018-10-08,18.2,1005.2,0.0,14.508,15.4
11479,2018-10-08,18.2,1005.2,0.0,14.508,15.4
11480,2018-10-08,18.2,1005.2,0.0,14.508,15.4
11481,2018-10-08,18.2,1005.2,0.0,14.508,15.4
11482,2018-10-08,18.2,1005.2,0.0,14.508,15.4
11483,2018-10-08,18.2,1005.2,0.0,14.508,15.4
11484,2018-10-08,18.2,1005.2,0.0,14.508,15.4
11485,2018-10-08,18.2,1005.2,0.0,14.508,15.4
11486,2018-10-08,18.2,1005.2,0.0,14.508,15.4
11487,2018-10-08,18.2,1005.2,0.0,14.508,15.4
11488,2018-10-08,18.2,1005.2,0.0,14.508,15.4
11489,2018-10-08,18.2,1005.2,0.0,14.508,15.4
11490,2018-10-08,18.2,1005.2,0.0,14.508,15.4
11491,2018-10-08,18.2,1005.2,0.0,14.508,15.4
11492,2018-10-08,18.2,1005.2,0.0,14.508,15.4
11493,2018-10-08,18.2,1005.2,0.0,14.508,15.4
11494,2018-10-08,18.2,1005.2,0.0,14.508,15.4
11495,2018-10-08,18.2,1005.2,0.0,14.508,15.4
11496,2018-10-08,18.2,1005.2,0.0,14.508,15.4
11497,2018-10-08,18.2,1005.2,0.0,14.508,15.4
11498,2018-10-08,18.2,1005.2,0.0,14.508,15.4
11499,2018-10-09,18.2,1005.2,0.0,14.508,15.4
11500,2018-10-09,18.2,1005.2,0.0,14.508,18.2
11501,2018-10-09,18.2,1005.2,0.0,14.508,18.2
11502,2018-10-09,18.2,1005.2,0.0,14.508,18.2
11503,2018-10-09,18.2,1005.2,0.0,14.508,18.2
11504,2018-10-09,18.2,1005.2,0.0,14.508,18.2
11505,2018-10-09,18.2,1005.2,0.0,14.508,18.2
11506,2018-10-09,18.2,1005.2,0.0,14.508,18.2
11507,2018-10-09,18.2,1005.2,0.0,14.508,18.2
11508,2018-10-09,18.2,1005.2,0.0,14.508,18.2
11509,2018-10-09,18.2,1005.2,0.0,14.508,18.2
11510,2018-10-09,18.2,1005.2,0.0,14.508,18.2
11511,2018-10-09,18.2,1005.2,0.0,14.508,18.2
11512,2018-10-09,18.2,1005.2,0.0,14.508,18.2
11513,2018-10-09,18.2,1005.2,0.0,14.508,18.2
11514,2018-10-09,18.2,1005.2,0.0,14.508,18.2
11515,2018-10-09,18.2,1005.2,0.0,14.508,18.2
11516,2018-10-09,18.2,1005.2,0.0,14.508,18.2
11517,2018-10-09,18.2,1005.2,0.0,14.508,18.2
11518,2018-10-09,18.2,1005.2,0.0,14.508,18.2
11519,2018-10-09,18.2,1005.2,0.0,14.508,18.2
11520,2018-10-09,18.2,1005.2,0.0,14.508,18.2
11521,2018-10-09,18.2,1005.2,0.0,14.508,18.2
11522,2018-10-09,18.2,1005.2,0.0,14.508,18.2
11523,2018-10-10,18.2,1005.2,0.0,14.508,18.2
11524,2018-10-10,18.2,1005.2,0.0,14.508,18.2
11525,2018-10-10,18.2,1005.2,0.0,14.508,18.2
11526,2018-10-10,18.2,1005.2,0.0,14.508,18.2
11527,2018-10-10,18.2,1005.2,0.0,14.508,18.2
11528,2018-10-10,18.2,1005.2,0.0,14.508,18.2
11529,2018-10-10,18.2,1005.2,0.0,14.508,18.2
11530,2018-10-10,18.2,1005.2,0.0,14.508,18.2
11531,2018-10-10,18.2,1005.2,0.0,14.508,18.2
11532,2018-10-10,18.2,1005.2,0.0,14.508,18.2
11533,2018-10-10,18.2,1005.2,0.0,14.508,18.2
11534,2018-10-10,14.0,0.0,32767.0,13.72,18.2
11535,2018-10-10,17.0,0.0,32767.0,16.66,18.2
11536,2018-10-10,17.0,0.0,32767.0,16.66,18.2
11537,2018-10-10,17.0,0.0,32767.0,16.66,18.2
11538,2018-10-10,22.0,0.0,32767.0,21.56,18.2
11539,2018-10-10,22.0,0.0,32767.0,21.56,18.2
11540,2018-10-10,22.0,0.0,32767.0,21.56,18.2
11541,2018-10-10,22.0,0.0,32767.0,21.56,18.2
11542,2018-10-10,22.0,0.0,32767.0,21.56,18.2
11543,2018-10-10,22.0,0.0,32767.0,21.56,18.2
11544,2018-10-10,22.0,0.0,32767.0,21.56,18.2
11545,2018-10-10,22.0,0.0,32767.0,21.56,18.2
11546,2018-10-10,22.0,0.0,32767.0,21.56,18.2
11547,2018-10-11,22.0,0.0,32767.0,21.56,18.2
11548,2018-10-11,22.0,0.0,32767.0,21.56,866.1
11549,2018-10-11,22.0,0.0,32767.0,21.56,866.1
11550,2018-10-11,22.0,0.0,32767.0,21.56,866.1
11551,2018-10-11,22.0,0.0,32767.0,21.56,866.1
11552,2018-10-11,22.0,0.0,32767.0,21.56,866.1
11553,2018-10-11,22.0,0.0,32767.0,21.56,866.1
11554,2018-10-11,22.0,0.0,32767.0,21.56,866.1
11555,2018-10-11,22.0,0.0,32767.0,21.56,866.1
11556,2018-10-11,14.0,0.0,32767.0,13.72,866.1
11557,2018-10-11,14.0,0.0,32767.0,13.72,866.1
11558,2018-10-11,14.0,0.0,32767.0,13.72,866.1
11559,2018-10-11,21.0,0.0,32767.0,20.58,866.1
11560,2018-10-11,21.0,0.0,32767.0,20.58,866.1
11561,2018-10-11,21.0,0.0,32767.0,20.58,866.1
11562,2018-10-11,21.0,0.0,32767.0,20.58,866.1
11563,2018-10-11,21.0,0.0,32767.0,20.58,866.1
11564,2018-10-11,21.0,0.0,32767.0,20.58,866.1
11565,2018-10-11,21.0,0.0,32767.0,20.58,866.1
11566,2018-10-11,21.0,0.0,32767.0,20.58,866.1
11567,2018-10-11,21.0,0.0,32767.0,20.58,866.1
11568,2018-10-11,21.0,0.0,32767.0,20.58,866.1
11569,2018-10-11,21.0,0.0,32767.0,20.58,866.1
11570,2018-10-11,21.0,0.0,32767.0,20.58,866.1
11571,2018-10-12,21.0,0.0,32767.0,20.58,866.1
11572,2018-10-12,21.0,0.0,32767.0,20.58,18.0
11573,2018-10-12,21.0,0.0,32767.0,20.58,18.0
11574,2018-10-12,21.0,0.0,32767.0,20.58,18.0
11575,2018-10-12,21.0,0.0,32767.0,20.58,18.0
11576,2018-10-12,21.0,0.0,32767.0,20.58,18.0
11577,2018-10-12,21.0,0.0,32767.0,20.58,18.0
11578,2018-10-12,21.0,0.0,32767.0,20.58,18.0
11579,2018-10-12,21.0,0.0,32767.0,20.58,18.0
11580,2018-10-12,16.0,0.0,32767.0,15.68,18.0
11581,2018-10-12,16.0,0.0,32767.0,15.68,18.0
11582,2018-10-12,16.0,0.0,32767.0,15.68,18.0
11583,2018-10-12,16.0,0.0,32767.0,15.68,18.0
11584,2018-10-12,16.0,0.0,32767.0,15.68,18.0
11585,2018-10-12,16.0,0.0,32767.0,15.68,18.0
11586,2018-10-12,23.0,0.0,32767.0,22.54,18.0
11587,2018-10-12,23.0,0.0,32767.0,22.54,18.0
11588,2018-10-12,23.0,0.0,32767.0,22.54,18.0
11589,2018-10-12,23.0,0.0,32767.0,22.54,18.0
11590,2018-10-12,23.0,0.0,32767.0,22.54,18.0
11591,2018-10-12,23.0,0.0,32767.0,22.54,18.0
11592,2018-10-12,23.0,0.0,32767.0,22.54,18.0
11593,2018-10-12,23.0,0.0,32767.0,22.54,18.0
11594,2018-10-12,23.0,0.0,32767.0,22.54,18.0
11595,2018-10-13,23.0,0.0,32767.0,22.54,18.0
11596,2018-10-13,23.0,0.0,32767.0,22.54,1165.0
11597,2018-10-13,23.0,0.0,32767.0,22.54,1165.0
11598,2018-10-13,23.0,0.0,32767.0,22.54,1165.0
11599,2018-10-13,23.0,0.0,32767.0,22.54,1165.0
11600,2018-10-13,23.0,0.0,32767.0,22.54,1165.0
11601,2018-10-13,23.0,0.0,32767.0,22.54,1165.0
11602,2018-10-13,23.0,0.0,32767.0,22.54,1165.0
11603,2018-10-13,23.0,0.0,32767.0,22.54,1165.0
11604,2018-10-13,23.0,0.0,32767.0,22.54,1165.0
11605,2018-10-13,23.0,0.0,32767.0,22.54,1165.0
11606,2018-10-13,23.0,0.0,32767.0,22.54,1165.0
11607,2018-10-13,23.0,0.0,32767.0,22.54,1165.0
11608,2018-10-13,23.0,0.0,32767.0,22.54,1165.0
11609,2018-10-13,23.0,0.0,32767.0,22.54,1165.0
11610,2018-10-13,23.0,0.0,32767.0,22.54,1165.0
11611,2018-10-13,23.0,0.0,32767.0,22.54,1165.0
11612,2018-10-13,23.0,0.0,32767.0,22.54,1165.0
11613,2018-10-13,23.0,0.0,32767.0,22.54,1165.0
11614,2018-10-13,23.0,0.0,32767.0,22.54,1165.0
11615,2018-10-13,23.0,0.0,32767.0,22.54,1165.0
11616,2018-10-13,23.0,0.0,32767.0,22.54,1165.0
11617,2018-10-13,23.0,0.0,32767.0,22.54,1165.0
11618,2018-10-13,23.0,0.0,32767.0,22.54,1165.0
11619,2018-10-14,23.0,0.0,32767.0,22.54,1165.0
11620,2018-10-14,23.0,0.0,32767.0,22.54,19.5
11621,2018-10-14,23.0,0.0,32767.0,22.54,19.5
11622,2018-10-14,23.0,0.0,32767.0,22.54,19.5
11623,2018-10-14,23.0,0.0,32767.0,22.54,19.5
11624,2018-10-14,23.0,0.0,32767.0,22.54,19.5
11625,2018-10-14,23.0,0.0,32767.0,22.54,19.5
11626,2018-10-14,23.0,0.0,32767.0,22.54,19.5
11627,2018-10-14,23.0,0.0,32767.0,22.54,19.5
11628,2018-10-14,23.0,0.0,32767.0,22.54,19.5
11629,2018-10-14,23.0,0.0,32767.0,22.54,19.5
11630,2018-10-14,23.0,0.0,32767.0,22.54,19.5
11631,2018-10-14,23.0,0.0,32767.0,22.54,19.5
11632,2018-10-14,23.0,0.0,32767.0,22.54,19.5
11633,2018-10-14,23.0,0.0,32767.0,22.54,19.5
11634,2018-10-14,23.0,0.0,32767.0,22.54,19.5
11635,2018-10-14,23.0,0.0,32767.0,22.54,19.5
11636,2018-10-14,23.0,0.0,32767.0,22.54,19.5
11637,2018-10-14,23.0,0.0,32767.0,22.54,19.5
11638,2018-10-14,23.0,0.0,32767.0,22.54,19.5
11639,2018-10-14,23.0,0.0,32767.0,22.54,19.5
11640,2018-10-14,23.0,0.0,32767.0,22.54,19.5
11641,2018-10-14,23.0,0.0,32767.0,22.54,19.5
11642,2018-10-14,23.0,0.0,32767.0,22.54,19.5
11643,2018-10-15,23.0,0.0,32767.0,22.54,19.5
11644,2018-10-15,23.0,0.0,32767.0,22.54,23.0
11645,2018-10-15,23.0,0.0,32767.0,22.54,23.0
11646,2018-10-15,23.0,0.0,32767.0,22.54,23.0
11647,2018-10-15,23.0,0.0,32767.0,22.54,23.0
11648,2018-10-15,23.0,0.0,32767.0,22.54,23.0
11649,2018-10-15,23.0,0.0,32767.0,22.54,23.0
11650,2018-10-15,23.0,0.0,32767.0,22.54,23.0
11651,2018-10-15,23.0,0.0,32767.0,22.54,23.0
11652,2018-10-15,14.0,0.0,32767.0,13.72,23.0
11653,2018-10-15,14.0,0.0,32767.0,13.72,23.0
11654,2018-10-15,14.0,0.0,32767.0,13.72,23.0
11655,2018-10-15,14.0,0.0,32767.0,13.72,23.0
11656,2018-10-15,14.0,0.0,32767.0,13.72,23.0
11657,2018-10-15,14.0,0.0,32767.0,13.72,23.0
11658,2018-10-15,25.2,1008.3,443.0,15.93,23.0
11659,2018-10-15,25.6,1008.6,408.0,16.54,23.0
11660,2018-10-15,25.9,1008.4,295.0,16.13,23.0
11661,2018-10-15,25.4,1008.8,97.0,15.85,23.0
11662,2018-10-15,24.0,1009.6,7.0,15.4,23.0
11663,2018-10-15,22.1,1010.4,0.0,14.8,23.0
11664,2018-10-15,21.3,1011.5,0.0,14.484000000000002,23.0
11665,2018-10-15,20.5,1012.0,0.0,14.1,23.0
11666,2018-10-15,20.0,1012.2,0.0,13.7,23.0
11667,2018-10-16,19.1,1012.5,0.0,13.532,23.0
11668,2018-10-16,18.2,1013.6,0.0,13.376,24.5
11669,2018-10-16,17.7,1013.9,0.0,13.323,24.5
11670,2018-10-16,17.9,1014.3,0.0,13.4,24.5
11671,2018-10-16,17.2,1014.7,0.0,13.084000000000001,24.5
11672,2018-10-16,16.8,1015.1,0.0,12.718,24.5
11673,2018-10-16,17.2,1015.3,63.0,13.084000000000001,24.5
11674,2018-10-16,18.3,1015.5,246.0,13.508,24.5
11675,2018-10-16,21.8,1015.7,69.0,15.357999999999999,24.5
11676,2018-10-16,22.9,1015.9,476.0,15.565999999999999,24.5
11677,2018-10-16,23.4,1015.9,531.0,16.012,24.5
11678,2018-10-16,24.0,1015.6,550.0,16.3,24.5
11679,2018-10-16,24.6,1015.4,461.0,16.6,24.5
11680,2018-10-16,24.5,1015.4,121.0,16.432000000000002,24.5
11681,2018-10-16,24.4,1015.4,246.0,16.612000000000002,24.5
11682,2018-10-16,23.5,1015.6,100.0,16.395,24.5
11683,2018-10-16,22.7,1015.8,5.0,16.114,24.5
11684,2018-10-16,20.4,1016.3,0.0,15.19,24.5
11685,2018-10-16,18.7,1016.7,0.0,14.927999999999999,24.5
11686,2018-10-16,17.7,1017.1,0.0,14.655999999999999,24.5
11687,2018-10-16,16.7,1017.4,0.0,14.425999999999998,24.5
11688,2018-10-17,15.2,1017.0,0.0,13.492,24.5
11689,2018-10-29,4.8,1008.0,0.0,3.04,8.15
11690,2018-11-06,17.0,1001.2,114.0,13.92,11.75
11691,2018-11-06,18.0,1001.2,241.0,14.1,11.75
11692,2018-10-17,14.9,1017.0,0.0,13.415999999999999,19.35
11693,2018-10-17,15.0,1017.3,0.0,13.5,19.35
11694,2018-10-17,14.5,1017.4,0.0,13.14,19.35
11695,2018-10-17,13.6,1017.2,0.0,12.46,19.35
11696,2018-10-17,12.8,1016.8,0.0,11.74,19.35
11697,2018-10-17,13.0,1017.2,0.0,12.1,19.35
11698,2018-10-17,13.4,1017.2,0.0,12.4,19.35
11699,2018-10-17,13.5,1017.2,0.0,12.34,19.35
11700,2018-10-17,13.3,1017.5,35.0,12.22,19.35
11701,2018-10-17,14.6,1017.7,123.0,13.232000000000001,19.35
11702,2018-10-17,14.9,1017.9,153.0,13.606,19.35
11703,2018-10-17,15.9,1017.9,220.0,14.184000000000001,19.35
11704,2018-10-17,17.5,1017.4,285.0,15.055,19.35
11705,2018-10-17,18.9,1016.8,362.0,15.51,19.35
11706,2018-10-17,19.5,1016.2,394.0,15.41,19.35
11707,2018-10-17,20.0,1016.0,308.0,15.65,19.35
11708,2018-10-17,19.5,1015.8,225.0,15.275,19.35
11709,2018-10-17,19.6,1015.9,93.0,15.082,19.35
11710,2018-10-17,18.2,1016.3,7.0,14.384,19.35
11711,2018-10-17,16.9,1017.3,0.0,14.057,19.35
11712,2018-10-17,16.3,1017.9,0.0,13.665,19.35
11713,2018-10-17,15.5,1018.3,0.0,13.24,19.35
11714,2018-10-17,15.1,1018.4,0.0,13.192,19.35
11715,2018-10-18,15.3,1018.7,0.0,13.376,19.35
11716,2018-10-18,15.0,1018.8,0.0,13.2,17.35
11717,2018-10-18,14.2,1018.7,0.0,12.78,17.35
11718,2018-10-18,13.2,1018.6,0.0,12.12,17.35
11719,2018-10-18,12.8,1018.8,0.0,11.9,17.35
11720,2018-10-18,12.3,1019.0,0.0,11.5,17.35
11721,2018-10-18,11.9,1019.4,0.0,11.009,17.35
11722,2018-10-18,11.8,1019.5,0.0,10.918,17.35
11723,2018-10-18,11.4,1019.7,0.0,10.46,17.35
11724,2018-10-18,11.9,1020.0,47.0,10.91,17.35
11725,2018-10-18,12.8,1020.0,190.0,11.64,17.35
11726,2018-10-18,15.1,1020.2,109.0,13.294,17.35
11727,2018-10-18,16.4,1019.8,438.0,13.998,17.35
11728,2018-10-18,17.9,1019.8,496.0,14.744000000000002,17.35
11729,2018-10-18,18.6,1019.5,476.0,15.107999999999999,17.35
11730,2018-10-18,19.1,1018.8,422.0,15.46,17.35
11731,2018-10-18,17.8,1018.8,309.0,14.720999999999998,17.35
11732,2018-10-18,17.6,1018.9,192.0,14.568,17.35
11733,2018-10-18,16.7,1019.2,65.0,13.850999999999999,17.35
11734,2018-10-18,15.8,1019.9,0.0,13.288,17.35
11735,2018-10-18,15.1,1020.4,0.0,12.772,17.35
11736,2018-10-18,14.8,1020.5,0.0,12.44,17.35
11737,2018-10-18,14.6,1020.8,0.0,12.28,17.35
11738,2018-10-18,13.5,1021.0,0.0,11.7,17.35
11739,2018-10-19,12.5,1021.0,0.0,11.1,17.35
11740,2018-10-19,11.9,1020.8,0.0,10.92,15.65
11741,2018-10-19,11.5,1020.7,0.0,10.55,15.65
11742,2018-10-19,10.9,1020.7,0.0,10.28,15.65
11743,2018-10-19,10.7,1020.8,0.0,10.142000000000001,15.65
11744,2018-10-19,10.4,1020.6,0.0,9.92,15.65
11745,2018-10-19,10.3,1020.7,0.0,9.815,15.65
11746,2018-10-19,9.9,1020.6,0.0,9.508,15.65
11747,2018-10-19,10.1,1020.7,0.0,9.802999999999999,15.65
11748,2018-10-19,10.1,1021.1,28.0,9.802999999999999,15.65
11749,2018-10-19,10.4,1021.9,86.0,10.112,15.65
11750,2018-10-19,10.9,1021.6,265.0,10.627,15.65
11751,2018-10-19,12.0,1021.7,427.0,11.3,15.65
11752,2018-10-19,13.9,1021.7,473.0,12.48,15.65
11753,2018-10-19,15.9,1021.6,483.0,13.482999999999999,15.65
11754,2018-10-19,16.9,1021.0,443.0,14.057,15.65
11755,2018-10-19,17.3,1021.0,330.0,14.304,15.65
11756,2018-10-19,17.3,1021.3,204.0,14.276,15.65
11757,2018-10-19,16.6,1021.6,62.0,13.748,15.65
11758,2018-10-19,15.3,1022.3,0.0,12.960999999999999,15.65
11759,2018-10-19,14.5,1023.3,0.0,12.69,15.65
11760,2018-10-19,13.8,1023.9,0.0,12.32,15.65
11761,2018-10-19,13.0,1024.2,0.0,11.68,15.65
11762,2018-10-19,12.3,1024.5,0.0,11.14,15.65
11763,2018-10-20,11.7,1024.8,0.0,10.481,15.65
11764,2018-10-20,11.2,1025.2,0.0,9.752,14.45
11765,2018-10-20,10.1,1025.6,0.0,8.867,14.45
11766,2018-10-20,9.4,1026.0,0.0,8.52,14.45
11767,2018-10-20,8.9,1025.7,0.0,8.26,14.45
11768,2018-10-20,8.4,1026.2,0.0,7.92,14.45
11769,2018-10-20,8.1,1026.9,0.0,7.7,14.45
11770,2018-10-20,7.9,1027.3,0.0,7.495,14.45
11771,2018-10-20,7.6,1027.5,0.0,7.263999999999999,14.45
11772,2018-10-20,7.4,1028.2,46.0,7.056,14.45
11773,2018-10-20,8.3,1028.7,179.0,7.88,14.45
11774,2018-10-20,10.4,1029.6,86.0,9.824,14.45
11775,2018-10-20,12.1,1029.7,471.0,10.46,14.45
11776,2018-10-20,14.2,1029.5,355.0,11.56,14.45
11777,2018-10-20,15.6,1028.8,515.0,11.796,14.45
11778,2018-10-20,15.8,1028.4,441.0,11.943,14.45
11779,2018-10-20,16.2,1028.2,339.0,12.088,14.45
11780,2018-10-20,16.2,1027.8,204.0,12.088,14.45
11781,2018-10-20,15.7,1027.7,62.0,11.543,14.45
11782,2018-10-20,14.2,1028.0,0.0,11.0,14.45
11783,2018-10-20,12.5,1028.2,0.0,9.965,14.45
11784,2018-10-20,11.9,1028.8,0.0,9.802999999999999,14.45
11785,2018-10-20,11.1,1028.8,0.0,9.3,14.45
11786,2018-10-20,11.1,1028.9,0.0,9.478,14.45
11787,2018-10-21,10.4,1028.7,0.0,9.02,14.45
11788,2018-10-21,9.5,1028.7,0.0,8.452,13.05
11789,2018-10-21,9.0,1028.6,0.0,8.209,13.05
11790,2018-10-21,8.1,1027.9,0.0,7.38,13.05
11791,2018-10-21,7.7,1027.7,0.0,7.0360000000000005,13.05
11792,2018-10-21,7.4,1027.3,0.0,6.797999999999999,13.05
11793,2018-10-21,6.9,1027.2,0.0,6.277,13.05
11794,2018-10-21,6.7,1026.8,0.0,6.178,13.05
11795,2018-10-21,6.4,1026.7,0.0,5.896,13.05
11796,2018-10-21,6.4,1027.0,46.0,5.98,13.05
11797,2018-10-21,8.5,1026.9,202.0,7.92,13.05
11798,2018-10-21,11.1,1026.9,56.0,9.745,13.05
11799,2018-10-21,13.2,1026.6,450.0,11.075999999999999,13.05
11800,2018-10-21,15.2,1026.2,69.0,11.57,13.05
11801,2018-10-21,16.1,1025.7,490.0,12.116,13.05
11802,2018-10-21,16.6,1025.1,441.0,12.1,13.05
11803,2018-10-21,17.2,1024.6,339.0,12.212,13.05
11804,2018-10-21,17.4,1024.4,207.0,12.527999999999999,13.05
11805,2018-10-21,16.7,1024.2,54.0,12.02,13.05
11806,2018-10-21,15.2,1024.3,0.0,10.5,13.05
11807,2018-10-21,14.0,1024.7,0.0,10.12,13.05
11808,2018-10-21,13.6,1024.9,0.0,10.04,13.05
11809,2018-10-21,13.0,1024.9,0.0,9.74,13.05
11810,2018-10-21,12.4,1025.2,0.0,9.535,13.05
11811,2018-10-22,11.6,1025.6,0.0,9.224,13.05
11812,2018-10-22,11.8,1025.8,0.0,9.318,12.45
11813,2018-10-22,12.0,1025.8,0.0,9.7,12.45
11814,2018-10-22,11.2,1026.1,0.0,9.576,12.45
11815,2018-10-22,10.9,1026.0,0.0,9.545,12.45
11816,2018-10-22,10.6,1025.9,0.0,9.66,12.45
11817,2018-10-22,10.7,1026.5,0.0,10.142000000000001,12.45
11818,2018-10-22,10.7,1027.3,0.0,10.235,12.45
11819,2018-10-22,10.9,1027.5,0.0,10.445,12.45
11820,2018-10-22,11.4,1028.5,16.0,11.024000000000001,12.45
11821,2018-10-22,12.0,1029.3,18.0,11.6,12.45
11822,2018-10-22,12.7,1029.7,19.0,12.4,12.45
11823,2018-10-22,12.8,1029.8,49.0,12.4,12.45
11824,2018-10-22,12.8,1030.3,79.0,12.3,12.45
11825,2018-10-22,13.1,1030.3,77.0,12.4,12.45
11826,2018-10-22,13.4,1030.4,62.0,12.08,12.45
11827,2018-10-22,13.6,1030.7,90.0,12.04,12.45
11828,2018-10-22,13.6,1031.6,33.0,11.696,12.45
11829,2018-10-22,13.7,1031.4,86.0,11.385,12.45
11830,2018-10-22,12.5,1031.9,0.0,10.058,12.45
11831,2018-10-22,11.6,1032.7,0.0,9.32,12.45
11832,2018-10-22,10.9,1033.0,0.0,8.833,12.45
11833,2018-10-22,10.4,1033.7,0.0,8.516,12.45
11834,2018-10-22,9.4,1033.7,0.0,7.854,12.45
11835,2018-10-23,8.6,1034.0,0.0,7.332000000000001,12.45
11836,2018-10-23,8.1,1033.8,0.0,6.86,9.85
11837,2018-10-23,7.7,1034.1,0.0,6.435,9.85
11838,2018-10-23,7.0,1033.4,0.0,5.94,9.85
11839,2018-10-23,6.6,1033.6,0.0,5.664,9.85
11840,2018-10-23,6.5,1032.9,0.0,5.575,9.85
11841,2018-10-23,5.8,1032.4,0.0,5.098,9.85
11842,2018-10-23,5.5,1032.7,0.0,4.825,9.85
11843,2018-10-23,5.8,1032.7,0.0,5.098,9.85
11844,2018-10-23,6.2,1032.5,60.0,5.38,9.85
11845,2018-10-23,6.8,1032.7,176.0,5.8420000000000005,9.85
11846,2018-10-23,8.9,1032.7,120.0,7.667999999999999,9.85
11847,2018-10-23,11.0,1032.2,209.0,8.833,9.85
11848,2018-10-23,12.3,1031.3,169.0,9.779,9.85
11849,2018-10-23,13.5,1030.0,417.0,10.53,9.85
11850,2018-10-23,15.0,1029.6,466.0,11.28,9.85
11851,2018-10-23,16.0,1028.5,313.0,11.49,9.85
11852,2018-10-23,16.4,1027.8,178.0,11.66,9.85
11853,2018-10-23,15.7,1027.7,44.0,11.19,9.85
11854,2018-10-23,14.2,1028.3,0.0,10.96,9.85
11855,2018-10-23,13.4,1028.2,0.0,10.645999999999999,9.85
11856,2018-10-23,12.6,1028.3,0.0,10.27,9.85
11857,2018-10-23,12.2,1028.5,0.0,10.4,9.85
11858,2018-10-23,11.6,1028.7,0.0,10.22,9.85
11859,2018-10-24,10.9,1028.7,0.0,9.901,9.85
11860,2018-10-24,10.2,1028.4,0.0,9.318,12.45
11861,2018-10-24,10.4,1028.4,0.0,9.728,12.45
11862,2018-10-24,11.4,1028.2,0.0,10.554,12.45
11863,2018-10-24,11.5,1027.7,0.0,10.735999999999999,12.45
11864,2018-10-24,11.2,1027.6,0.0,10.556,12.45
11865,2018-10-24,11.5,1027.6,0.0,10.93,12.45
11866,2018-10-24,12.1,1027.6,0.0,11.5,12.45
11867,2018-10-24,12.2,1027.6,0.0,11.6,12.45
11868,2018-10-24,12.2,1027.7,16.0,11.7,12.45
11869,2018-10-24,12.4,1027.6,77.0,11.9,12.45
11870,2018-10-24,13.2,1027.9,127.0,12.6,12.45
11871,2018-10-24,14.2,1027.9,102.0,13.2,12.45
11872,2018-10-24,15.0,1028.1,265.0,13.8,12.45
11873,2018-10-24,15.0,1027.8,183.0,13.606,12.45
11874,2018-10-24,15.0,1027.4,111.0,13.7,12.45
11875,2018-10-24,15.4,1027.7,56.0,13.905999999999999,12.45
11876,2018-10-24,15.2,1027.4,51.0,13.804,12.45
11877,2018-10-24,15.0,1027.2,18.0,13.6,12.45
11878,2018-10-24,14.9,1026.7,0.0,13.606,12.45
11879,2018-10-24,14.8,1026.6,0.0,13.512,12.45
11880,2018-10-24,14.7,1026.2,0.0,13.512,12.45
11881,2018-10-24,14.9,1026.0,0.0,13.508,12.45
11882,2018-10-24,14.5,1025.8,0.0,13.23,12.45
11883,2018-10-25,14.8,1025.5,0.0,13.512,12.45
11884,2018-10-25,14.8,1025.0,0.0,13.512,10.45
11885,2018-10-25,14.2,1024.7,0.0,13.2,10.45
11886,2018-10-25,13.4,1024.2,0.0,12.6,10.45
11887,2018-10-25,13.0,1023.7,0.0,11.92,10.45
11888,2018-10-25,12.5,1023.4,0.0,11.34,10.45
11889,2018-10-25,12.3,1023.0,0.0,10.98,10.45
11890,2018-10-25,12.3,1022.2,0.0,10.98,10.45
11891,2018-10-25,11.8,1021.2,0.0,10.492,10.45
11892,2018-10-25,11.6,1021.9,12.0,10.388,10.45
11893,2018-10-25,11.6,1021.8,77.0,10.315,10.45
11894,2018-10-25,11.9,1021.8,148.0,10.424000000000001,10.45
11895,2018-10-25,12.3,1021.4,248.0,10.66,10.45
11896,2018-10-25,13.2,1020.8,181.0,11.292,10.45
11897,2018-10-25,14.3,1020.2,178.0,11.74,10.45
11898,2018-10-25,14.7,1019.6,436.0,11.96,10.45
11899,2018-10-25,15.0,1018.7,329.0,12.1,10.45
11900,2018-10-25,14.8,1018.3,193.0,11.94,10.45
11901,2018-10-25,14.5,1017.9,40.0,11.8,10.45
11902,2018-10-25,12.9,1017.8,0.0,10.98,10.45
11903,2018-10-25,11.4,1017.6,0.0,9.943999999999999,10.45
11904,2018-10-25,10.3,1018.0,0.0,9.164,10.45
11905,2018-10-25,9.6,1017.4,0.0,8.68,10.45
11906,2018-10-25,9.6,1017.2,0.0,8.956,10.45
11907,2018-10-26,10.8,1016.5,0.0,9.88,10.45
11908,2018-10-26,9.9,1016.4,0.0,9.017999999999999,12.6
11909,2018-10-26,9.4,1015.8,0.0,8.696,12.6
11910,2018-10-26,9.8,1015.2,0.0,8.936,12.6
11911,2018-10-26,9.7,1014.8,0.0,8.854,12.6
11912,2018-10-26,9.2,1014.0,0.0,8.144,12.6
11913,2018-10-26,8.7,1013.9,0.0,7.596,12.6
11914,2018-10-26,9.2,1013.3,0.0,8.0,12.6
11915,2018-10-26,9.3,1012.9,0.0,8.075,12.6
11916,2018-10-26,9.4,1012.7,14.0,8.15,12.6
11917,2018-10-26,10.1,1012.4,77.0,8.624,12.6
11918,2018-10-26,10.4,1012.0,60.0,8.936,12.6
11919,2018-10-26,11.2,1011.9,132.0,9.576,12.6
11920,2018-10-26,12.0,1011.3,279.0,9.9,12.6
11921,2018-10-26,13.4,1010.1,376.0,10.857999999999999,12.6
11922,2018-10-26,13.3,1009.4,69.0,10.537,12.6
11923,2018-10-26,13.0,1008.7,113.0,10.43,12.6
11924,2018-10-26,13.3,1008.4,97.0,10.19,12.6
11925,2018-10-26,12.5,1008.9,0.0,10.46,12.6
11926,2018-10-26,10.2,1009.8,0.0,9.056000000000001,12.6
11927,2018-10-26,9.7,1009.5,0.0,8.606,12.6
11928,2018-10-26,9.2,1009.9,0.0,8.072000000000001,12.6
11929,2018-10-26,8.6,1010.0,0.0,7.566,12.6
11930,2018-10-26,7.7,1010.4,0.0,6.609,12.6
11931,2018-10-27,7.1,1010.7,0.0,5.886,12.6
11932,2018-10-27,6.2,1010.6,0.0,5.38,11.4
11933,2018-10-27,5.6,1010.7,0.0,4.916,11.4
11934,2018-10-27,5.2,1010.7,0.0,4.624,11.4
11935,2018-10-27,5.0,1010.9,0.0,4.37,11.4
11936,2018-10-27,4.6,1010.8,0.0,4.008,11.4
11937,2018-10-27,4.4,1010.4,0.0,3.8680000000000003,11.4
11938,2018-10-27,4.3,1010.3,0.0,3.838,11.4
11939,2018-10-27,4.1,1010.0,0.0,3.5469999999999997,11.4
11940,2018-10-27,3.8,1010.2,28.0,3.332,11.4
11941,2018-10-27,4.4,1010.3,197.0,3.6839999999999997,11.4
11942,2018-10-27,5.9,1010.5,91.0,4.834,11.4
11943,2018-10-27,7.1,1010.2,72.0,5.4,11.4
11944,2018-10-27,7.8,1010.1,309.0,5.756,11.4
11945,2018-10-27,8.1,1009.6,673.0,5.88,11.4
11946,2018-10-27,8.6,1008.6,86.0,6.0520000000000005,11.4
11947,2018-10-27,8.8,1008.1,76.0,5.688,11.4
11948,2018-10-27,9.0,1008.0,229.0,5.9,11.4
11949,2018-10-27,8.7,1008.0,35.0,5.77,11.4
11950,2018-10-27,8.1,1008.3,0.0,5.356,11.4
11951,2018-10-27,7.3,1009.0,0.0,5.372000000000001,11.4
11952,2018-10-27,6.4,1009.1,0.0,5.042,11.4
11953,2018-10-27,6.1,1009.1,0.0,5.077,11.4
11954,2018-10-27,5.9,1009.2,0.0,4.9030000000000005,11.4
11955,2018-10-28,5.4,1009.3,0.0,4.596,11.4
11956,2018-10-28,5.4,1009.3,0.0,4.596,8.15
11957,2018-10-28,5.2,1009.4,0.0,4.48,8.15
11958,2018-10-28,5.1,1009.2,0.0,4.44,8.15
11959,2018-10-28,5.2,1008.7,0.0,4.552,8.15
11960,2018-10-28,4.9,1008.8,0.0,4.332,8.15
11961,2018-10-28,4.7,1008.2,0.0,4.1160000000000005,8.15
11962,2018-10-28,4.6,1008.5,0.0,3.9339999999999997,8.15
11963,2018-10-28,4.7,1008.2,0.0,3.97,8.15
11964,2018-10-28,4.6,1009.1,12.0,3.86,8.15
11965,2018-10-28,4.7,1008.9,69.0,3.907,8.15
11966,2018-10-28,5.5,1008.9,84.0,4.468,8.15
11967,2018-10-28,6.5,1008.8,139.0,5.05,8.15
11968,2018-10-28,7.1,1009.2,188.0,5.184,8.15
11969,2018-10-28,6.8,1008.0,283.0,4.86,8.15
11970,2018-10-28,6.8,1008.6,253.0,4.58,8.15
11971,2018-10-28,6.4,1008.0,125.0,4.26,8.15
11972,2018-10-28,6.3,1008.3,56.0,4.25,8.15
11973,2018-10-28,5.9,1007.9,33.0,3.93,8.15
11974,2018-10-28,5.8,1008.3,0.0,3.71,8.15
11975,2018-10-28,5.7,1008.0,0.0,3.63,8.15
11976,2018-10-28,5.5,1007.9,0.0,3.315,8.15
11977,2018-10-28,5.2,1007.6,0.0,3.23,8.15
11978,2018-10-28,5.0,1007.7,0.0,3.21,8.15
11979,2018-10-28,4.9,1008.4,0.0,3.09,8.15
11980,2018-10-29,3.9,1006.9,0.0,2.35,5.5
11981,2018-10-29,3.7,1006.3,0.0,2.327,5.5
11982,2018-10-29,3.3,1005.2,0.0,2.129,5.5
11983,2018-10-29,3.3,1004.9,0.0,2.129,5.5
11984,2018-10-29,3.2,1004.3,0.0,2.17,5.5
11985,2018-10-29,3.1,1003.7,0.0,2.085,5.5
11986,2018-10-29,3.1,1003.4,11.0,2.207,5.5
11987,2018-10-29,3.3,1003.3,44.0,2.381,5.5
11988,2018-10-29,3.7,1003.0,46.0,2.7289999999999996,5.5
11989,2018-10-29,3.8,1001.8,47.0,2.8160000000000003,5.5
11990,2018-10-29,3.9,1001.2,58.0,2.903,5.5
11991,2018-10-29,4.1,1000.2,51.0,3.103,5.5
11992,2018-10-29,4.2,998.7,63.0,3.216,5.5
11993,2018-10-29,4.2,998.4,53.0,3.148,5.5
11994,2018-10-29,4.1,997.5,21.0,3.034,5.5
11995,2018-10-29,3.8,996.0,9.0,2.8160000000000003,5.5
11996,2018-10-29,3.9,995.0,0.0,2.903,5.5
11997,2018-10-29,3.9,994.4,0.0,2.972,5.5
11998,2018-10-29,4.0,993.1,0.0,3.06,5.5
11999,2018-10-29,4.2,992.2,0.0,3.216,5.5
12000,2018-10-29,4.2,991.8,0.0,3.216,5.5
12001,2018-10-29,4.2,991.6,0.0,3.284,5.5
12002,2018-10-30,4.1,990.5,0.0,3.1719999999999997,5.5
12003,2018-11-06,14.4,1001.1,123.0,12.607999999999999,11.75
12004,2018-10-30,2.6,989.3,0.0,2.25,4.7
12005,2018-10-30,2.8,990.1,0.0,2.45,4.7
12006,2018-10-30,3.2,990.0,0.0,2.84,4.7
12007,2018-10-30,3.2,989.9,0.0,2.84,4.7
12008,2018-10-30,3.7,990.2,0.0,3.315,4.7
12009,2018-10-30,4.3,990.4,0.0,3.915,4.7
12010,2018-10-30,5.1,990.8,0.0,4.816,4.7
12011,2018-10-30,6.9,991.6,14.0,6.544,4.7
12012,2018-10-30,7.4,992.9,69.0,6.797999999999999,4.7
12013,2018-10-30,7.6,994.5,102.0,6.843999999999999,4.7
12014,2018-10-30,8.2,995.7,181.0,7.056,4.7
12015,2018-10-30,9.4,996.6,524.0,7.854,4.7
12016,2018-10-30,10.4,997.7,223.0,7.928,4.7
12017,2018-10-30,10.2,998.7,58.0,7.212000000000001,4.7
12018,2018-10-30,9.8,1000.0,63.0,6.596,4.7
12019,2018-10-30,10.6,1001.1,33.0,6.88,4.7
12020,2018-10-30,8.7,1002.2,0.0,5.864,4.7
12021,2018-10-30,8.2,1003.2,0.0,5.85,4.7
12022,2018-10-30,7.3,1004.2,0.0,5.372000000000001,4.7
12023,2018-10-30,6.7,1005.0,0.0,5.1370000000000005,4.7
12024,2018-10-30,6.1,1005.9,0.0,5.006,4.7
12025,2018-10-30,5.7,1006.8,0.0,4.863,4.7
12026,2018-10-31,5.8,1007.2,0.0,4.8839999999999995,4.7
12027,2018-10-29,4.5,1006.5,0.0,2.82,5.5
12028,2018-10-31,5.7,1007.6,0.0,4.729,6.8
12029,2018-10-31,5.7,1007.8,0.0,4.595,6.8
12030,2018-10-31,4.6,1007.4,0.0,3.7319999999999998,6.8
12031,2018-10-31,4.9,1007.6,0.0,4.129,6.8
12032,2018-10-31,4.8,1007.8,0.0,4.018,6.8
12033,2018-10-31,4.4,1007.8,0.0,3.53,6.8
12034,2018-10-31,4.1,1008.2,16.0,3.31,6.8
12035,2018-10-31,4.2,1008.3,111.0,3.576,6.8
12036,2018-10-31,6.2,1008.4,137.0,5.164,6.8
12037,2018-10-31,7.8,1008.4,200.0,6.452000000000001,6.8
12038,2018-10-31,9.1,1008.2,213.0,7.481,6.8
12039,2018-10-31,9.6,1007.9,250.0,7.836,6.8
12040,2018-10-31,10.9,1007.6,153.0,8.922,6.8
12041,2018-10-31,10.7,1007.6,84.0,9.248,6.8
12042,2018-10-31,10.9,1007.5,28.0,9.901,6.8
12043,2018-10-31,10.5,1007.4,9.0,9.645,6.8
12044,2018-10-31,10.3,1007.1,0.0,9.621,6.8
12045,2018-10-31,10.6,1007.0,0.0,9.847999999999999,6.8
12046,2018-10-31,10.7,1006.3,0.0,9.956,6.8
12047,2018-10-31,11.4,1006.1,0.0,10.288,6.8
12048,2018-10-31,11.5,1005.9,0.0,10.125,6.8
12049,2018-11-01,11.9,1006.0,0.0,10.262,6.8
12050,2018-10-31,11.4,1005.9,0.0,9.943999999999999,6.8
12051,2018-10-30,3.0,989.3,0.0,2.51,4.7
12052,2018-11-01,12.5,1006.1,0.0,10.385,7.25
12053,2018-11-01,12.2,1006.1,0.0,9.997,7.25
12054,2018-11-01,11.3,1005.8,0.0,9.407,7.25
12055,2018-11-01,10.9,1005.1,0.0,8.922,7.25
12056,2018-11-01,10.6,1005.3,0.0,8.714,7.25
12057,2018-11-01,10.4,1006.0,0.0,8.516,7.25
12058,2018-11-01,11.1,1005.8,0.0,9.027000000000001,7.25
12059,2018-11-01,10.8,1006.1,9.0,8.912,7.25
12060,2018-11-01,11.0,1006.5,60.0,9.011000000000001,7.25
12061,2018-11-01,11.5,1006.6,118.0,9.605,7.25
12062,2018-11-01,11.9,1006.7,70.0,10.1,7.25
12063,2018-11-01,11.0,1007.1,62.0,9.83,7.25
12064,2018-11-01,10.6,1006.9,72.0,9.754,7.25
12065,2018-11-01,11.5,1007.1,32.0,10.295,7.25
12066,2018-11-01,11.2,1007.4,49.0,10.464,7.25
12067,2018-11-01,10.8,1007.8,39.0,10.156,7.25
12068,2018-11-01,10.9,1008.2,14.0,10.263,7.25
12069,2018-11-01,10.3,1009.2,0.0,9.718,7.25
12070,2018-11-01,9.4,1010.4,0.0,8.696,7.25
12071,2018-11-01,9.4,1011.4,0.0,8.783999999999999,7.25
12072,2018-11-01,9.3,1012.4,0.0,8.783999999999999,7.25
12073,2018-11-01,8.8,1013.2,0.0,8.32,7.25
12074,2018-11-01,8.5,1013.6,0.0,8.1,7.25
12075,2018-11-02,8.2,1014.2,0.0,7.8,7.25
12076,2018-11-02,8.1,1014.8,0.0,7.7,8.15
12077,2018-11-02,7.7,1015.5,0.0,7.285,8.15
12078,2018-11-02,7.0,1016.1,0.0,6.55,8.15
12079,2018-11-02,6.8,1016.4,0.0,6.4479999999999995,8.15
12080,2018-11-02,6.2,1017.1,0.0,5.968,8.15
12081,2018-11-02,5.8,1017.9,0.0,5.584,8.15
12082,2018-11-02,5.1,1019.1,0.0,4.816,8.15
12083,2018-11-02,5.3,1020.0,14.0,5.008,8.15
12084,2018-11-02,6.2,1021.3,183.0,5.872000000000001,8.15
12085,2018-11-02,7.1,1022.3,44.0,6.655,8.15
12086,2018-11-02,8.3,1022.9,56.0,7.66,8.15
12087,2018-11-02,9.7,1023.5,341.0,8.144,8.15
12088,2018-11-02,10.4,1023.5,475.0,7.666,8.15
12089,2018-11-02,10.6,1023.9,403.0,6.98,8.15
12090,2018-11-02,11.3,1024.6,316.0,6.861000000000001,8.15
12091,2018-11-02,11.3,1025.1,155.0,7.152,8.15
12092,2018-11-02,10.3,1025.9,19.0,6.832999999999999,8.15
12093,2018-11-02,8.8,1026.7,0.0,5.976,8.15
12094,2018-11-02,7.6,1027.6,0.0,5.162000000000001,8.15
12095,2018-11-02,6.4,1028.0,0.0,4.75,8.15
12096,2018-11-02,5.7,1028.5,0.0,4.394,8.15
12097,2018-11-02,5.8,1029.1,0.0,4.476,8.15
12098,2018-11-02,5.1,1029.4,0.0,4.085,8.15
12099,2018-11-03,4.4,1029.3,0.0,3.555,8.15
12100,2018-11-03,3.8,1029.2,0.0,2.952,9.8
12101,2018-11-03,2.6,1028.8,0.0,2.0,9.8
12102,2018-11-03,2.4,1028.7,0.0,1.91,9.8
12103,2018-11-03,1.7,1028.3,0.0,1.21,9.8
12104,2018-11-03,1.3,1028.4,0.0,0.88,9.8
12105,2018-11-03,1.2,1028.1,0.0,0.85,9.8
12106,2018-11-03,1.2,1028.0,0.0,0.85,9.8
12107,2018-11-03,0.9,1028.3,16.0,0.512,9.8
12108,2018-11-03,3.3,1028.2,98.0,3.008,9.8
12109,2018-11-03,7.1,1028.1,149.0,5.562,9.8
12110,2018-11-03,8.3,1027.8,102.0,6.3,9.8
12111,2018-11-03,9.8,1027.3,373.0,6.872000000000001,9.8
12112,2018-11-03,10.9,1026.1,329.0,6.9,9.8
12113,2018-11-03,11.4,1025.4,264.0,6.756,9.8
12114,2018-11-03,11.4,1024.5,162.0,6.462999999999999,9.8
12115,2018-11-03,11.3,1023.9,179.0,6.249,9.8
12116,2018-11-03,10.7,1023.2,21.0,6.26,9.8
12117,2018-11-03,8.2,1022.8,0.0,4.968,9.8
12118,2018-11-03,6.9,1022.5,0.0,4.376,9.8
12119,2018-11-03,7.3,1022.2,0.0,4.7669999999999995,9.8
12120,2018-11-03,7.7,1021.4,0.0,5.244,9.8
12121,2018-11-03,6.0,1021.1,0.0,4.36,9.8
12122,2018-11-03,5.6,1020.4,0.0,4.246,9.8
12123,2018-11-04,5.4,1019.4,0.0,4.468,9.8
12124,2018-11-04,5.2,1018.6,0.0,4.17,7.9
12125,2018-11-04,4.7,1017.8,0.0,3.832,7.9
12126,2018-11-04,6.1,1016.8,0.0,5.006,7.9
12127,2018-11-04,4.9,1016.3,0.0,4.0680000000000005,7.9
12128,2018-11-04,5.4,1016.1,0.0,4.532,7.9
12129,2018-11-04,5.1,1015.5,0.0,4.37,7.9
12130,2018-11-04,4.7,1015.3,0.0,4.08,7.9
12131,2018-11-04,4.7,1014.8,44.0,4.189,7.9
12132,2018-11-04,5.8,1014.3,88.0,5.098,7.9
12133,2018-11-04,6.2,1013.8,93.0,5.544,7.9
12134,2018-11-04,7.9,1013.3,186.0,7.09,7.9
12135,2018-11-04,9.7,1012.8,262.0,8.375,7.9
12136,2018-11-04,10.4,1012.0,229.0,8.684,7.9
12137,2018-11-04,10.5,1011.1,199.0,8.7,7.9
12138,2018-11-04,11.1,1010.0,192.0,9.209,7.9
12139,2018-11-04,11.7,1009.5,127.0,9.706,7.9
12140,2018-11-04,11.5,1008.7,32.0,9.605,7.9
12141,2018-11-04,11.1,1008.5,0.0,9.389,7.9
12142,2018-11-04,10.5,1008.2,0.0,9.21,7.9
12143,2018-11-04,10.7,1007.9,0.0,9.509,7.9
12144,2018-11-04,10.0,1007.7,0.0,8.84,7.9
12145,2018-11-04,10.0,1007.6,0.0,8.948,7.9
12146,2018-11-04,10.3,1006.9,0.0,9.164,7.9
12147,2018-11-05,10.2,1006.4,0.0,9.056000000000001,7.9
12148,2018-11-05,10.5,1006.2,0.0,9.21,6.1
12149,2018-11-05,10.6,1005.7,0.0,9.316,6.1
12150,2018-11-05,10.6,1005.9,0.0,9.316,6.1
12151,2018-11-05,10.7,1005.3,0.0,9.422,6.1
12152,2018-11-05,10.6,1004.9,0.0,9.402000000000001,6.1
12153,2018-11-05,10.6,1004.5,0.0,9.488,6.1
12154,2018-11-05,10.1,1004.4,0.0,9.029,6.1
12155,2018-11-05,10.1,1004.5,30.0,8.948,6.1
12156,2018-11-05,10.6,1004.8,63.0,9.316,6.1
12157,2018-11-05,11.6,1004.6,135.0,10.136000000000001,6.1
12158,2018-11-05,13.9,1004.6,72.0,11.898,6.1
12159,2018-11-05,15.5,1003.8,410.0,12.715,6.1
12160,2018-11-05,18.1,1003.3,279.0,13.936,6.1
12161,2018-11-05,19.2,1002.4,376.0,14.36,6.1
12162,2018-11-05,19.3,1002.2,297.0,14.165999999999999,6.1
12163,2018-11-05,18.2,1002.0,46.0,14.136,6.1
12164,2018-11-05,17.2,1001.9,23.0,13.595999999999998,6.1
12165,2018-11-05,16.2,1002.1,0.0,13.112,6.1
12166,2018-11-05,15.4,1002.2,0.0,13.048,6.1
12167,2018-11-05,15.0,1002.1,0.0,12.9,6.1
12168,2018-11-05,14.8,1002.2,0.0,12.84,6.1
12169,2018-11-05,14.3,1002.1,0.0,12.526,6.1
12170,2018-11-05,14.4,1002.1,0.0,12.52,6.1
12171,2018-11-06,14.2,1002.1,0.0,12.26,6.1
12172,2018-11-06,14.1,1002.1,0.0,12.18,11.75
12173,2018-11-06,14.0,1001.9,0.0,12.1,11.75
12174,2018-11-06,14.0,1001.6,0.0,12.1,11.75
12175,2018-11-06,13.3,1001.5,0.0,11.58,11.75
12176,2018-11-06,13.3,1001.5,0.0,11.66,11.75
12177,2018-11-06,12.5,1001.3,0.0,11.02,11.75
12178,2018-11-06,12.9,1001.4,0.0,11.42,11.75
12179,2018-11-06,11.7,1001.6,5.0,10.73,11.75
12180,2018-11-06,12.9,1001.1,83.0,11.42,11.75
12181,2018-11-09,9.9,1012.1,0.0,8.525,10.9
12182,2018-11-09,9.5,1011.4,0.0,8.225,10.9
12183,2018-11-09,9.3,1011.4,0.0,8.148,10.9
12184,2018-11-09,8.7,1011.5,0.0,7.747999999999999,10.9
12185,2018-11-09,8.7,1011.6,0.0,7.672000000000001,10.9
12186,2018-11-09,8.2,1011.2,0.0,7.142,10.9
12187,2018-11-09,7.8,1011.3,0.0,6.803999999999999,10.9
12188,2018-11-09,8.1,1011.2,7.0,7.0360000000000005,10.9
12189,2018-11-09,8.5,1011.5,58.0,7.62,10.9
12190,2018-11-09,9.3,1011.4,81.0,8.221,10.9
12191,2018-11-09,10.3,1011.1,179.0,8.915,10.9
12192,2018-11-09,12.4,1010.5,434.0,10.392000000000001,10.9
12193,2018-11-09,14.7,1009.1,545.0,12.06,10.9
12194,2018-11-09,14.1,1009.1,139.0,11.98,10.9
12195,2018-11-09,14.4,1008.8,253.0,12.32,10.9
12196,2018-11-09,14.4,1008.3,113.0,12.12,10.9
12197,2018-11-09,13.7,1007.7,9.0,11.694,10.9
12198,2018-11-09,13.0,1007.4,0.0,11.18,10.9
12199,2018-11-09,12.8,1007.0,0.0,11.16,10.9
12200,2018-11-09,12.5,1006.3,0.0,10.94,10.9
12201,2018-11-09,12.6,1005.1,0.0,11.04,10.9
12202,2018-11-09,12.5,1004.2,0.0,10.88,10.9
12203,2018-11-09,12.5,1003.6,0.0,10.7,10.9
12204,2018-11-10,12.3,1002.4,0.0,10.5,10.9
12205,2018-11-10,12.4,1001.5,0.0,10.6,10.95
12206,2018-11-10,11.7,1000.7,0.0,10.304,10.95
12207,2018-11-10,11.3,1000.3,0.0,10.37,10.95
12208,2018-11-10,11.1,1000.4,0.0,10.372,10.95
12209,2018-11-10,11.2,1000.5,0.0,10.464,10.95
12210,2018-11-10,11.2,1000.6,0.0,10.464,10.95
12211,2018-11-10,11.3,1000.6,0.0,10.556,10.95
12212,2018-11-10,11.4,1000.7,0.0,10.648,10.95
12213,2018-11-10,11.7,1000.6,9.0,10.827,10.95
12214,2018-11-10,11.9,1000.6,21.0,10.82,10.95
12215,2018-11-10,11.7,1000.6,23.0,10.827,10.95
12216,2018-11-10,11.8,1000.4,42.0,11.114,10.95
12217,2018-11-10,10.6,1000.5,93.0,10.036,10.95
12218,2018-11-10,11.6,1000.1,135.0,11.024000000000001,10.95
12219,2018-11-10,12.4,999.9,90.0,11.7,10.95
12220,2018-11-10,12.6,999.9,33.0,11.8,10.95
12221,2018-11-10,12.4,1000.2,12.0,11.6,10.95
12222,2018-11-10,12.6,1000.3,0.0,11.7,10.95
12223,2018-11-10,12.4,1000.6,0.0,11.4,10.95
12224,2018-11-10,12.3,1000.9,0.0,11.3,10.95
12225,2018-11-10,12.3,1001.1,0.0,11.22,10.95
12226,2018-11-10,12.3,1001.1,0.0,11.3,10.95
12227,2018-11-10,11.8,1001.5,0.0,10.82,10.95
12228,2018-11-11,12.1,1001.4,0.0,11.02,10.95
12229,2018-11-11,12.1,1001.6,0.0,10.94,10.2
12230,2018-11-11,11.8,1001.4,0.0,10.82,10.2
12231,2018-11-11,11.7,1001.6,0.0,10.64,10.2
12232,2018-11-11,11.6,1001.8,0.0,10.64,10.2
12233,2018-11-11,11.4,1002.0,0.0,10.648,10.2
12234,2018-11-11,11.4,1002.4,0.0,10.648,10.2
12235,2018-11-11,11.5,1003.0,0.0,10.645,10.2
12236,2018-11-11,11.7,1003.1,0.0,10.647,10.2
12237,2018-11-11,11.8,1004.0,32.0,10.82,10.2
12238,2018-11-11,11.9,1004.6,65.0,11.107999999999999,10.2
12239,2018-11-11,11.8,1005.7,37.0,11.015999999999998,10.2
12240,2018-11-11,11.6,1006.2,53.0,11.118,10.2
12241,2018-11-11,12.6,1005.0,74.0,11.8,10.2
12242,2018-11-11,12.0,1005.2,70.0,11.4,10.2
12243,2018-11-11,12.7,1005.5,58.0,11.9,10.2
12244,2018-11-11,12.6,1005.9,28.0,11.6,10.2
12245,2018-11-11,11.9,1006.6,0.0,11.1,10.2
12246,2018-11-11,11.7,1007.5,0.0,10.924000000000001,10.2
12247,2018-11-11,11.5,1008.0,0.0,10.835,10.2
12248,2018-11-11,11.2,1008.6,0.0,10.648,10.2
12249,2018-11-11,11.5,1008.9,0.0,10.93,10.2
12250,2018-11-11,11.5,1009.6,0.0,10.835,10.2
12251,2018-11-11,11.3,1009.6,0.0,10.74,10.2
12252,2018-11-12,11.8,1009.4,0.0,11.212,10.2
12253,2018-11-12,11.7,1009.6,0.0,11.118,11.7
12254,2018-11-12,11.8,1009.3,0.0,11.212,11.7
12255,2018-11-12,11.7,1009.5,0.0,11.118,11.7
12256,2018-11-12,11.0,1009.3,0.0,10.46,11.7
12257,2018-11-12,10.7,1009.0,0.0,10.235,11.7
12258,2018-11-12,10.4,1009.7,0.0,9.92,11.7
12259,2018-11-12,10.2,1009.9,0.0,9.912,11.7
12260,2018-11-12,10.1,1010.6,0.0,9.704,11.7
12261,2018-11-12,9.9,1011.4,9.0,9.606,11.7
12262,2018-11-12,9.6,1012.8,60.0,9.232000000000001,11.7
12263,2018-11-12,9.4,1013.4,69.0,9.048,11.7
12264,2018-11-12,10.2,1013.5,125.0,9.808,11.7
12265,2018-11-12,11.2,1013.9,192.0,10.464,11.7
12266,2018-11-12,12.0,1014.6,111.0,11.0,11.7
12267,2018-11-12,12.0,1014.6,86.0,10.76,11.7
12268,2018-11-12,11.6,1015.2,62.0,10.556,11.7
12269,2018-11-12,11.2,1015.6,11.0,10.28,11.7
12270,2018-11-12,11.7,1016.2,0.0,10.564,11.7
12271,2018-11-12,11.1,1016.7,0.0,10.280999999999999,11.7
12272,2018-11-12,11.2,1017.0,0.0,10.556,11.7
12273,2018-11-12,10.8,1017.2,0.0,10.156,11.7
12274,2018-11-12,11.2,1017.9,0.0,10.372,11.7
12275,2018-11-12,11.1,1018.3,0.0,10.372,11.7
12276,2018-11-13,10.3,1019.0,0.0,9.718,11.7
12277,2018-11-13,10.7,1019.1,0.0,10.142000000000001,11.95
12278,2018-11-13,10.6,1019.8,0.0,10.036,11.95
12279,2018-11-13,10.6,1020.3,0.0,10.036,11.95
12280,2018-11-13,10.4,1020.6,0.0,9.824,11.95
12281,2018-11-13,10.3,1021.1,0.0,9.718,11.95
12282,2018-11-13,9.8,1021.8,0.0,9.224,11.95
12283,2018-11-13,9.9,1022.7,0.0,9.312000000000001,11.95
12284,2018-11-13,10.1,1023.6,0.0,9.506,11.95
12285,2018-11-13,10.4,1024.4,23.0,9.824,11.95
12286,2018-11-13,11.1,1025.2,79.0,10.280999999999999,11.95
12287,2018-11-13,11.9,1026.1,114.0,10.667,11.95
12288,2018-11-13,12.6,1026.0,265.0,10.88,11.95
12289,2018-11-13,12.9,1025.7,116.0,10.664000000000001,11.95
12290,2018-11-13,13.9,1025.9,376.0,11.09,11.95
12291,2018-11-13,13.8,1026.1,241.0,10.98,11.95
12292,2018-11-13,14.3,1026.6,98.0,10.96,11.95
12293,2018-11-13,13.1,1027.1,12.0,10.537,11.95
12294,2018-11-13,13.2,1027.6,0.0,10.752,11.95
12295,2018-11-13,12.4,1027.8,0.0,10.392000000000001,11.95
12296,2018-11-13,12.1,1028.2,0.0,10.3,11.95
12297,2018-11-13,11.7,1028.1,0.0,9.982999999999999,11.95
12298,2018-11-13,11.3,1028.0,0.0,9.674,11.95
12299,2018-11-13,9.3,1028.1,0.0,8.367,11.95
12300,2018-11-14,8.8,1028.1,0.0,7.704,11.95
12301,2018-11-14,8.6,1028.0,0.0,7.722,11.95
12302,2018-11-14,6.9,1027.8,0.0,6.188,11.95
12303,2018-11-14,7.7,1027.4,0.0,7.285,11.95
12304,2018-11-14,7.9,1026.8,0.0,7.2,11.95
12305,2018-11-14,7.1,1026.2,0.0,6.2989999999999995,11.95
12306,2018-11-14,6.1,1025.8,0.0,5.614,11.95
12307,2018-11-14,5.9,1025.3,0.0,5.584,11.95
12308,2018-11-14,5.8,1025.2,0.0,5.41,11.95
12309,2018-11-14,7.2,1025.2,19.0,6.672000000000001,11.95
12310,2018-11-14,8.4,1024.9,139.0,7.92,11.95
12311,2018-11-14,9.4,1024.9,72.0,8.607999999999999,11.95
12312,2018-11-14,11.8,1024.0,42.0,10.492,11.95
12313,2018-11-14,12.7,1023.7,44.0,11.14,11.95
12314,2018-11-14,13.4,1023.2,322.0,11.68,11.95
12315,2018-11-14,13.7,1022.8,218.0,11.797,11.95
12316,2018-11-14,14.1,1022.6,88.0,12.26,11.95
12317,2018-11-14,13.6,1022.4,11.0,11.96,11.95
12318,2018-11-14,12.5,1022.5,0.0,11.02,11.95
12319,2018-11-14,11.6,1022.5,0.0,10.481,11.95
12320,2018-11-14,11.3,1022.5,0.0,10.283,11.95
12321,2018-11-14,10.6,1022.4,0.0,9.66,11.95
12322,2018-11-14,10.7,1022.3,0.0,9.863,11.95
12323,2018-11-14,10.2,1022.1,0.0,9.318,11.95
12324,2018-11-15,10.0,1021.8,0.0,9.2,11.95
12325,2018-11-15,9.6,1021.9,0.0,8.863999999999999,11.2
12326,2018-11-15,9.6,1021.7,0.0,8.772,11.2
12327,2018-11-15,9.1,1021.7,0.0,8.526,11.2
12328,2018-11-15,10.1,1021.2,0.0,9.407,11.2
12329,2018-11-15,8.8,1021.3,0.0,8.32,11.2
12330,2018-11-15,8.8,1021.3,0.0,8.32,11.2
12331,2018-11-15,9.1,1021.6,0.0,8.607999999999999,11.2
12332,2018-11-15,9.6,1021.8,0.0,9.048,11.2
12333,2018-11-15,9.3,1022.2,18.0,8.87,11.2
12334,2018-11-15,9.6,1022.1,49.0,9.14,11.2
12335,2018-11-15,9.2,1022.1,77.0,8.69,11.2
12336,2018-11-15,9.4,1022.1,95.0,8.96,11.2
12337,2018-11-15,9.9,1021.6,79.0,9.312000000000001,11.2
12338,2018-11-15,10.6,1021.3,77.0,10.036,11.2
12339,2018-11-15,10.3,1021.0,62.0,9.718,11.2
12340,2018-11-15,10.4,1020.8,28.0,9.92,11.2
12341,2018-11-15,10.6,1020.9,0.0,10.036,11.2
12342,2018-11-15,10.6,1021.2,0.0,10.13,11.2
12343,2018-11-15,10.4,1021.2,0.0,9.92,11.2
12344,2018-11-15,10.4,1021.6,0.0,10.016,11.2
12345,2018-11-15,9.8,1021.9,0.0,9.32,11.2
12346,2018-11-15,9.7,1022.3,0.0,9.324,11.2
12347,2018-11-15,9.6,1022.2,0.0,9.232000000000001,11.2
12348,2018-11-16,9.6,1022.2,0.0,9.232000000000001,11.2
12349,2018-11-16,9.6,1022.5,0.0,9.232000000000001,7.85
12350,2018-11-16,9.5,1022.5,0.0,9.14,7.85
12351,2018-11-16,9.4,1022.5,0.0,9.048,7.85
12352,2018-11-16,9.3,1022.6,0.0,8.956,7.85
12353,2018-11-16,9.4,1022.5,0.0,9.048,7.85
12354,2018-11-16,9.1,1022.8,0.0,8.772,7.85
12355,2018-11-16,8.9,1023.2,0.0,8.56,7.85
12356,2018-11-16,8.8,1023.3,0.0,8.56,7.85
12357,2018-11-16,8.4,1023.9,19.0,8.16,7.85
12358,2018-11-16,8.2,1024.0,47.0,7.96,7.85
12359,2018-11-16,8.0,1024.3,69.0,7.76,7.85
12360,2018-11-16,8.5,1024.2,79.0,8.26,7.85
12361,2018-11-16,8.6,1024.0,81.0,8.36,7.85
12362,2018-11-16,8.4,1023.8,67.0,8.0,7.85
12363,2018-11-16,8.3,1023.5,51.0,7.9,7.85
12364,2018-11-16,8.2,1023.7,21.0,7.72,7.85
12365,2018-11-16,7.4,1023.4,0.0,7.056,7.85
12366,2018-11-16,7.4,1023.6,0.0,7.056,7.85
12367,2018-11-16,7.0,1023.6,0.0,6.64,7.85
12368,2018-11-16,6.6,1023.9,0.0,6.256,7.85
12369,2018-11-16,6.8,1023.7,0.0,6.5360000000000005,7.85
12370,2018-11-16,6.6,1023.6,0.0,6.256,7.85
12371,2018-11-16,6.3,1023.9,0.0,6.064,7.85
12372,2018-11-17,6.4,1023.8,0.0,5.896,7.85
12373,2018-11-17,6.3,1023.4,0.0,5.636,9.2
12374,2018-11-17,6.2,1023.5,0.0,5.462000000000001,9.2
12375,2018-11-17,5.7,1023.8,0.0,4.93,9.2
12376,2018-11-17,5.4,1023.7,0.0,4.596,9.2
12377,2018-11-17,5.2,1023.2,0.0,4.48,9.2
12378,2018-11-17,4.6,1023.1,0.0,3.9339999999999997,9.2
12379,2018-11-17,4.9,1022.9,0.0,4.19,9.2
12380,2018-11-17,4.2,1023.0,0.0,3.498,9.2
12381,2018-11-17,3.7,1023.2,81.0,3.068,9.2
12382,2018-11-17,4.8,1023.4,84.0,3.9560000000000004,9.2
12383,2018-11-17,5.5,1023.5,86.0,4.49,9.2
12384,2018-11-17,6.1,1023.0,81.0,4.7219999999999995,9.2
12385,2018-11-17,6.8,1022.1,353.0,5.0,9.2
12386,2018-11-17,7.2,1021.8,304.0,5.352,9.2
12387,2018-11-17,7.6,1021.6,202.0,5.654,9.2
12388,2018-11-17,8.1,1021.5,81.0,5.79,9.2
12389,2018-11-17,7.3,1021.9,11.0,5.4479999999999995,9.2
12390,2018-11-17,6.5,1022.0,0.0,4.975,9.2
12391,2018-11-17,6.8,1021.9,0.0,5.0,9.2
12392,2018-11-17,7.1,1022.3,0.0,4.968,9.2
12393,2018-11-17,6.6,1022.3,0.0,4.63,9.2
12394,2018-11-17,6.4,1022.5,0.0,4.54,9.2
12395,2018-11-17,5.8,1022.2,0.0,4.13,9.2
12396,2018-11-18,5.2,1022.7,0.0,3.79,9.2
12397,2018-12-04,10.7,1013.2,0.0,9.683,12.8
12398,2018-12-04,10.3,1013.6,0.0,9.356,12.8
12399,2018-12-04,10.1,1014.3,0.0,9.11,12.8
12400,2018-12-04,9.8,1014.8,0.0,9.224,12.8
12401,2018-12-04,9.8,1015.0,0.0,9.32,12.8
12402,2018-12-04,10.0,1015.9,0.0,9.5,12.8
12403,2018-12-04,9.9,1016.6,0.0,9.41,12.8
12404,2018-12-04,10.1,1017.6,0.0,9.506,12.8
12405,2018-12-04,9.7,1018.8,12.0,9.23,12.8
12406,2018-12-04,9.4,1020.1,40.0,9.14,12.8
12407,2018-12-04,9.8,1020.9,148.0,9.032,12.8
12408,2018-12-04,10.2,1021.4,163.0,8.974,12.8
12409,2018-12-04,10.8,1021.4,153.0,9.0,12.8
12410,2018-11-18,4.8,1022.6,0.0,3.46,7.15
12411,2018-11-18,5.4,1022.4,0.0,3.74,7.15
12412,2018-11-18,5.0,1022.2,0.0,3.28,7.15
12413,2018-11-18,4.6,1022.1,0.0,2.8,7.15
12414,2018-11-18,3.7,1021.6,0.0,1.98,7.15
12415,2018-11-18,3.6,1021.6,0.0,1.97,7.15
12416,2018-11-18,3.2,1021.5,0.0,1.72,7.15
12417,2018-11-18,2.7,1022.0,0.0,1.4,7.15
12418,2018-11-18,3.4,1022.0,97.0,1.81,7.15
12419,2018-11-18,4.2,1022.0,40.0,2.25,7.15
12420,2018-11-18,5.1,1021.9,46.0,3.15,7.15
12421,2018-11-19,2.7,1017.6,0.0,1.46,5.5
12422,2018-11-19,2.1,1017.1,0.0,0.86,5.5
12423,2018-11-19,1.7,1016.8,0.0,0.43,5.5
12424,2018-11-19,1.3,1016.2,0.0,0.01,5.5
12425,2018-11-19,0.9,1015.8,0.0,-0.42,5.5
12426,2018-11-19,0.5,1015.4,0.0,-0.88,5.5
12427,2018-11-19,0.7,1015.2,0.0,-1.04,5.5
12428,2018-11-19,0.6,1015.1,0.0,-1.27,5.5
12429,2018-11-19,0.9,1015.2,98.0,-1.14,5.5
12430,2018-11-19,1.5,1014.8,35.0,-0.29,5.5
12431,2018-11-19,2.5,1014.5,40.0,0.68,5.5
12432,2018-11-19,3.6,1014.1,95.0,1.62,5.5
12433,2018-11-19,3.8,1013.0,127.0,1.99,5.5
12434,2018-11-19,4.8,1012.1,158.0,3.04,5.5
12435,2018-11-19,5.1,1011.2,30.0,3.43,5.5
12436,2018-11-19,5.3,1010.3,16.0,3.66,5.5
12437,2018-11-19,5.4,1009.9,0.0,3.74,5.5
12438,2018-11-19,4.9,1009.0,0.0,3.58,5.5
12439,2018-11-19,4.8,1008.5,0.0,3.39,5.5
12440,2018-11-19,4.7,1008.1,0.0,3.34,5.5
12441,2018-11-19,2.8,1007.9,0.0,2.04,5.5
12442,2018-11-19,3.4,1007.1,0.0,2.468,5.5
12443,2018-11-19,3.9,1006.5,0.0,2.5580000000000003,5.5
12444,2018-11-20,3.6,1006.0,0.0,2.378,5.5
12445,2018-11-20,3.5,1005.2,0.0,2.23,4.15
12446,2018-11-20,2.6,1004.5,0.0,1.84,4.15
12447,2018-11-20,2.2,1004.1,0.0,1.64,4.15
12448,2018-11-20,2.0,1003.8,0.0,1.41,4.15
12449,2018-11-20,2.2,1003.2,0.0,1.64,4.15
12450,2018-11-20,2.6,1002.7,0.0,1.9,4.15
12451,2018-11-20,2.7,1002.4,0.0,1.82,4.15
12452,2018-11-20,2.7,1002.4,0.0,1.88,4.15
12453,2018-11-20,2.0,1002.3,7.0,1.44,4.15
12454,2018-11-20,1.7,1002.2,11.0,1.14,4.15
12455,2018-11-20,1.6,1001.9,26.0,1.11,4.15
12456,2018-11-20,1.5,1001.6,77.0,1.08,4.15
12457,2018-11-20,1.6,1001.5,26.0,1.18,4.15
12458,2018-11-20,1.8,1001.1,44.0,1.38,4.15
12459,2018-11-20,3.1,1001.0,39.0,2.532,4.15
12460,2018-11-20,3.6,1001.2,7.0,2.9160000000000004,4.15
12461,2018-11-20,3.9,1001.6,0.0,3.11,4.15
12462,2018-11-20,3.4,1002.1,0.0,2.66,4.15
12463,2018-11-20,2.9,1002.8,0.0,2.34,4.15
12464,2018-11-20,3.4,1003.3,0.0,2.685,4.15
12465,2018-11-20,3.4,1003.9,0.0,2.734,4.15
12466,2018-11-20,3.1,1004.4,0.0,2.461,4.15
12467,2018-11-20,2.1,1004.8,0.0,1.64,4.15
12468,2018-11-21,2.4,1005.5,0.0,1.84,4.15
12469,2018-11-21,2.4,1006.2,0.0,1.84,2.35
12470,2018-11-21,2.7,1007.2,0.0,1.94,2.35
12471,2018-11-21,1.1,1007.8,0.0,0.47,2.35
12472,2018-11-21,1.1,1008.3,0.0,0.4,2.35
12473,2018-11-21,0.5,1008.8,0.0,-0.025,2.35
12474,2018-11-21,0.0,1009.2,0.0,-0.64,2.35
12475,2018-11-21,0.1,1009.8,0.0,-0.611,2.35
12476,2018-11-21,-0.7,1010.6,0.0,-1.0959999999999999,2.35
12477,2018-11-21,-0.2,1011.5,107.0,-0.884,2.35
12478,2018-11-21,0.7,1012.0,47.0,0.043,2.35
12479,2018-11-21,3.2,1012.9,86.0,2.294,2.35
12480,2018-11-21,2.9,1013.3,113.0,2.08,2.35
12481,2018-11-21,4.6,1013.5,334.0,3.412,2.35
12482,2018-11-21,6.2,1013.4,302.0,4.31,2.35
12483,2018-11-21,6.7,1013.5,116.0,4.5,2.35
12484,2018-11-21,6.5,1013.9,47.0,4.04,2.35
12485,2018-11-21,4.6,1014.1,7.0,2.94,2.35
12486,2018-11-21,3.3,1014.7,0.0,1.94,2.35
12487,2018-11-21,2.7,1015.0,0.0,1.58,2.35
12488,2018-11-21,2.4,1015.5,0.0,1.4,2.35
12489,2018-11-21,2.4,1015.5,0.0,1.58,2.35
12490,2018-11-21,2.1,1015.7,0.0,1.4,2.35
12491,2018-11-21,2.5,1015.9,0.0,1.8,2.35
12492,2018-11-22,2.7,1015.9,0.0,2.07,2.35
12493,2018-11-22,2.9,1015.8,0.0,2.27,4.15
12494,2018-11-22,3.2,1015.7,0.0,2.6239999999999997,4.15
12495,2018-11-22,3.3,1015.8,0.0,2.7889999999999997,4.15
12496,2018-11-22,4.5,1015.6,0.0,3.825,4.15
12497,2018-11-22,4.6,1015.6,0.0,3.86,4.15
12498,2018-11-22,3.4,1015.6,0.0,2.8819999999999997,4.15
12499,2018-11-22,3.5,1015.5,0.0,3.05,4.15
12500,2018-11-22,3.2,1015.9,0.0,2.7680000000000002,4.15
12501,2018-11-22,3.3,1016.2,16.0,2.7889999999999997,4.15
12502,2018-11-22,2.7,1016.3,42.0,2.21,4.15
12503,2018-11-22,2.2,1016.5,69.0,1.85,4.15
12504,2018-11-22,4.1,1016.2,70.0,3.44,4.15
12505,2018-11-22,4.2,1016.0,70.0,3.7319999999999998,4.15
12506,2018-11-22,5.0,1015.7,47.0,4.37,4.15
12507,2018-11-22,4.9,1015.1,62.0,4.224,4.15
12508,2018-11-22,5.8,1015.0,49.0,4.952,4.15
12509,2018-11-22,5.1,1014.8,7.0,4.603,4.15
12510,2018-11-22,5.4,1014.9,0.0,4.882,4.15
12511,2018-11-22,5.8,1015.2,0.0,5.254,4.15
12512,2018-11-22,6.2,1015.5,0.0,5.5329999999999995,4.15
12513,2018-11-22,6.4,1015.6,0.0,5.728,4.15
12514,2018-11-22,6.1,1015.6,0.0,5.544,4.15
12515,2018-11-22,6.3,1015.4,0.0,5.553,4.15
12516,2018-11-23,5.0,1015.6,0.0,4.51,4.15
12517,2018-11-23,3.4,1015.6,0.0,2.9560000000000004,2.7
12518,2018-11-23,5.0,1015.7,0.0,4.58,2.7
12519,2018-11-23,6.4,1015.3,0.0,5.728,2.7
12520,2018-11-23,6.7,1015.0,0.0,5.83,2.7
12521,2018-11-23,5.9,1014.6,0.0,4.9719999999999995,2.7
12522,2018-11-23,5.5,1014.4,0.0,4.685,2.7
12523,2018-11-23,5.4,1014.5,0.0,4.808,2.7
12524,2018-11-23,5.2,1014.4,0.0,4.624,2.7
12525,2018-11-23,4.4,1014.6,23.0,3.792,2.7
12526,2018-11-23,4.4,1014.2,74.0,3.8680000000000003,2.7
12527,2018-11-23,4.6,1013.7,137.0,4.082,2.7
12528,2018-11-23,4.7,1013.4,104.0,4.189,2.7
12529,2018-11-23,4.8,1012.5,134.0,4.368,2.7
12530,2018-11-23,5.6,1011.8,98.0,5.144,2.7
12531,2018-11-23,6.6,1011.1,70.0,5.912000000000001,2.7
12532,2018-11-23,5.9,1010.7,28.0,5.268,2.7
12533,2018-11-23,5.6,1010.5,0.0,5.144,2.7
12534,2018-11-23,5.1,1009.7,0.0,4.745,2.7
12535,2018-11-23,5.9,1009.7,0.0,5.584,2.7
12536,2018-11-23,6.2,1008.9,0.0,5.79,2.7
12537,2018-11-23,6.9,1008.5,0.0,6.455,2.7
12538,2018-11-23,7.4,1007.8,0.0,6.797999999999999,2.7
12539,2018-11-23,6.8,1007.6,0.0,6.4479999999999995,2.7
12540,2018-11-24,6.9,1007.5,0.0,6.544,2.7
12541,2018-11-24,7.7,1007.4,0.0,7.263999999999999,4.8
12542,2018-11-24,7.0,1007.1,0.0,6.55,4.8
12543,2018-11-24,6.9,1007.5,0.0,6.544,4.8
12544,2018-11-24,6.9,1007.6,0.0,6.455,4.8
12545,2018-11-24,6.8,1007.6,0.0,6.4479999999999995,4.8
12546,2018-11-24,7.2,1008.0,0.0,6.848,4.8
12547,2018-11-24,7.7,1008.1,0.0,7.367999999999999,4.8
12548,2018-11-24,7.6,1008.3,0.0,7.18,4.8
12549,2018-11-24,7.7,1008.9,16.0,7.285,4.8
12550,2018-11-24,7.6,1009.6,33.0,7.0120000000000005,4.8
12551,2018-11-24,7.7,1009.8,30.0,7.0360000000000005,4.8
12552,2018-11-24,8.6,1009.7,79.0,7.8,4.8
12553,2018-11-24,8.7,1009.5,47.0,8.06,4.8
12554,2018-11-24,8.7,1009.3,46.0,8.06,4.8
12555,2018-11-24,8.6,1009.3,51.0,7.96,4.8
12556,2018-11-24,9.2,1009.5,33.0,8.216000000000001,4.8
12557,2018-11-24,9.6,1009.5,0.0,8.376,4.8
12558,2018-11-24,9.2,1009.5,0.0,8.216000000000001,4.8
12559,2018-11-24,8.4,1009.4,0.0,7.518,4.8
12560,2018-11-24,8.2,1009.5,0.0,7.228,4.8
12561,2018-11-24,8.5,1009.4,0.0,7.354,4.8
12562,2018-11-24,7.7,1008.9,0.0,6.7829999999999995,4.8
12563,2018-11-24,7.7,1009.1,0.0,6.87,4.8
12564,2018-11-25,7.2,1008.9,0.0,6.32,4.8
12565,2018-11-25,6.3,1008.1,0.0,5.544,6.6
12566,2018-11-25,5.9,1007.9,0.0,5.268,6.6
12567,2018-11-25,5.9,1007.3,0.0,5.268,6.6
12568,2018-11-25,6.7,1006.7,0.0,6.256,6.6
12569,2018-11-25,6.7,1006.0,0.0,6.178,6.6
12570,2018-11-25,7.0,1005.6,0.0,6.55,6.6
12571,2018-11-25,7.2,1005.1,0.0,6.76,6.6
12572,2018-11-25,7.2,1004.8,0.0,6.76,6.6
12573,2018-11-25,7.5,1004.8,7.0,6.99,6.6
12574,2018-11-25,7.4,1004.4,33.0,6.97,6.6
12575,2018-11-25,7.6,1004.4,81.0,7.18,6.6
12576,2018-11-25,7.7,1004.2,47.0,7.285,6.6
12577,2018-11-25,7.9,1003.8,47.0,7.5760000000000005,6.6
12578,2018-11-25,8.1,1003.6,49.0,7.7,6.6
12579,2018-11-25,8.1,1003.5,42.0,7.7,6.6
12580,2018-11-25,7.9,1003.6,12.0,7.5760000000000005,6.6
12581,2018-11-25,7.6,1003.6,0.0,7.18,6.6
12582,2018-11-25,7.4,1003.8,0.0,6.97,6.6
12583,2018-11-25,7.3,1004.1,0.0,6.865,6.6
12584,2018-11-25,7.4,1004.5,0.0,6.865,6.6
12585,2018-11-25,7.3,1004.4,0.0,6.97,6.6
12586,2018-11-25,7.2,1004.3,0.0,6.76,6.6
12587,2018-11-25,6.8,1004.9,0.0,6.544,6.6
12588,2018-11-26,6.5,1005.5,0.0,6.16,6.6
12589,2018-11-26,5.5,1005.3,0.0,5.2,7.3
12590,2018-11-26,5.0,1005.1,0.0,4.79,7.3
12591,2018-11-26,4.1,1005.3,0.0,3.863,7.3
12592,2018-11-26,3.9,1005.3,0.0,3.6630000000000003,7.3
12593,2018-11-26,3.9,1005.5,0.0,3.6630000000000003,7.3
12594,2018-11-26,3.9,1005.9,0.0,3.742,7.3
12595,2018-11-26,4.0,1006.5,0.0,3.84,7.3
12596,2018-11-26,4.1,1006.8,0.0,3.9419999999999997,7.3
12597,2018-11-26,4.2,1007.5,7.0,4.044,7.3
12598,2018-11-26,4.3,1008.0,33.0,4.146,7.3
12599,2018-11-26,4.4,1009.1,44.0,4.35,7.3
12600,2018-11-26,4.5,1009.1,54.0,4.35,7.3
12601,2018-11-26,4.9,1009.4,39.0,4.656000000000001,7.3
12602,2018-11-26,5.1,1009.6,47.0,4.958,7.3
12603,2018-11-26,5.2,1010.1,19.0,5.056,7.3
12604,2018-11-26,5.2,1011.2,14.0,4.984,7.3
12605,2018-11-26,5.1,1011.7,0.0,4.958,7.3
12606,2018-11-26,5.0,1012.1,0.0,4.79,7.3
12607,2018-11-26,5.0,1012.8,0.0,4.79,7.3
12608,2018-11-26,5.3,1013.9,0.0,5.008,7.3
12609,2018-11-26,5.2,1014.4,0.0,4.912,7.3
12610,2018-11-26,5.3,1014.9,0.0,5.081,7.3
12611,2018-11-26,5.4,1015.5,0.0,5.178,7.3
12612,2018-11-27,5.5,1015.5,0.0,5.372000000000001,7.3
12613,2018-11-27,5.7,1016.1,0.0,5.468999999999999,5.95
12614,2018-11-27,5.5,1015.9,0.0,5.275,5.95
12615,2018-11-27,5.5,1016.4,0.0,5.2,5.95
12616,2018-11-27,5.5,1016.6,0.0,5.2,5.95
12617,2018-11-27,5.6,1016.8,0.0,5.296,5.95
12618,2018-11-27,5.6,1017.5,0.0,5.296,5.95
12619,2018-11-27,5.3,1017.6,0.0,5.008,5.95
12620,2018-11-27,5.1,1017.7,0.0,4.816,5.95
12621,2018-11-27,5.0,1018.0,65.0,4.72,5.95
12622,2018-11-27,5.8,1018.6,58.0,5.176,5.95
12623,2018-11-27,6.9,1018.8,53.0,6.188,5.95
12624,2018-11-27,7.7,1018.7,86.0,6.7829999999999995,5.95
12625,2018-11-27,9.2,1018.5,153.0,7.712000000000001,5.95
12626,2018-11-27,9.6,1018.2,130.0,7.836,5.95
12627,2018-11-27,9.6,1017.9,58.0,7.667999999999999,5.95
12628,2018-11-27,9.3,1017.6,16.0,8.002,5.95
12629,2018-11-27,8.2,1017.6,0.0,6.8839999999999995,5.95
12630,2018-11-27,8.4,1017.3,0.0,6.996,5.95
12631,2018-11-27,8.1,1017.1,0.0,7.02,5.95
12632,2018-11-27,8.2,1016.9,0.0,7.314,5.95
12633,2018-11-27,8.2,1016.3,0.0,7.4,5.95
12634,2018-11-27,8.6,1015.9,0.0,7.88,5.95
12635,2018-11-27,9.1,1015.4,0.0,8.362,5.95
12636,2018-11-28,9.4,1014.9,0.0,8.526,5.95
12637,2018-11-28,9.4,1014.7,0.0,8.696,6.85
12638,2018-11-28,9.4,1014.1,0.0,8.696,6.85
12639,2018-11-28,9.8,1013.9,0.0,9.032,6.85
12640,2018-11-28,9.6,1013.9,0.0,9.048,6.85
12641,2018-11-28,9.7,1014.2,0.0,9.23,6.85
12642,2018-11-28,10.2,1014.3,0.0,9.808,6.85
12643,2018-11-28,10.6,1014.6,0.0,10.224,6.85
12644,2018-11-28,10.7,1014.9,0.0,10.328,6.85
12645,2018-11-28,10.7,1015.7,7.0,10.235,6.85
12646,2018-11-28,10.9,1015.9,19.0,10.445,6.85
12647,2018-11-28,11.1,1016.1,26.0,10.645,6.85
12648,2018-11-28,11.1,1016.3,62.0,10.645,6.85
12649,2018-11-28,11.5,1016.2,90.0,10.93,6.85
12650,2018-11-28,12.5,1015.8,134.0,11.5,6.85
12651,2018-11-28,12.9,1015.8,116.0,11.58,6.85
12652,2018-11-28,12.2,1015.8,14.0,10.88,6.85
12653,2018-11-28,11.5,1016.0,0.0,10.295,6.85
12654,2018-11-28,11.7,1016.3,0.0,10.315,6.85
12655,2018-11-28,11.7,1015.9,0.0,10.315,6.85
12656,2018-11-28,11.5,1015.7,0.0,10.125,6.85
12657,2018-11-28,11.9,1016.1,0.0,10.262,6.85
12658,2018-11-28,12.0,1015.6,0.0,10.36,6.85
12659,2018-11-28,12.6,1015.2,0.0,10.694,6.85
12660,2018-11-29,12.5,1014.8,0.0,10.7,6.85
12661,2018-11-29,12.1,1014.6,0.0,10.3,9.0
12662,2018-11-29,12.4,1014.2,0.0,10.68,9.0
12663,2018-11-29,12.5,1013.8,0.0,10.78,9.0
12664,2018-11-29,12.4,1013.1,0.0,10.76,9.0
12665,2018-11-29,12.2,1012.4,0.0,10.64,9.0
12666,2018-11-29,12.2,1011.7,0.0,10.56,9.0
12667,2018-11-29,12.2,1011.5,0.0,10.38,9.0
12668,2018-11-29,12.2,1010.5,0.0,10.298,9.0
12669,2018-11-29,12.1,1010.3,12.0,10.097999999999999,9.0
12670,2018-11-29,12.8,1008.9,70.0,10.568,9.0
12671,2018-11-29,13.7,1008.5,128.0,10.972999999999999,9.0
12672,2018-11-29,14.4,1008.5,190.0,10.92,9.0
12673,2018-11-29,13.8,1008.0,116.0,10.38,9.0
12674,2018-11-29,13.7,1008.1,197.0,10.63,9.0
12675,2018-11-29,13.8,1007.4,109.0,10.86,9.0
12676,2018-11-29,13.5,1008.1,26.0,11.385,9.0
12677,2018-11-29,13.3,1008.4,0.0,11.392999999999999,9.0
12678,2018-11-29,12.5,1008.5,0.0,10.385,9.0
12679,2018-11-29,12.0,1008.7,0.0,10.0,9.0
12680,2018-11-29,11.9,1009.4,0.0,10.181000000000001,9.0
12681,2018-11-29,11.5,1009.7,0.0,10.04,9.0
12682,2018-11-29,11.5,1009.4,0.0,10.04,9.0
12683,2018-11-29,11.9,1009.6,0.0,10.343,9.0
12684,2018-11-30,11.3,1009.8,0.0,9.935,9.0
12685,2018-11-30,10.9,1009.9,0.0,9.901,11.85
12686,2018-11-30,10.4,1010.1,0.0,9.44,11.85
12687,2018-11-30,9.9,1010.1,0.0,9.116,11.85
12688,2018-11-30,9.8,1009.9,0.0,9.032,11.85
12689,2018-11-30,10.2,1009.8,0.0,9.318,11.85
12690,2018-11-30,10.0,1010.0,0.0,9.2,11.85
12691,2018-11-30,10.4,1010.3,0.0,9.44,11.85
12692,2018-11-30,10.4,1010.4,0.0,9.44,11.85
12693,2018-11-30,10.5,1011.1,9.0,9.38,11.85
12694,2018-11-30,10.1,1011.6,62.0,9.209,11.85
12695,2018-11-30,10.3,1012.0,51.0,9.138,11.85
12696,2018-11-30,10.8,1011.8,58.0,9.264,11.85
12697,2018-11-30,11.6,1011.8,350.0,9.416,11.85
12698,2018-11-30,11.7,1011.9,265.0,9.415,11.85
12699,2018-11-30,12.0,1011.8,111.0,9.5,11.85
12700,2018-11-30,11.6,1012.1,42.0,9.224,11.85
12701,2018-11-30,10.9,1012.8,5.0,9.11,11.85
12702,2018-11-30,9.9,1013.2,0.0,8.367,11.85
12703,2018-11-30,9.1,1013.7,0.0,7.925,11.85
12704,2018-11-30,8.5,1014.3,0.0,7.46,11.85
12705,2018-11-30,8.2,1014.6,0.0,7.314,11.85
12706,2018-11-30,8.2,1015.1,0.0,7.228,11.85
12707,2018-11-30,7.4,1015.2,0.0,6.626,11.85
12708,2018-12-01,7.4,1015.4,0.0,6.712000000000001,11.85
12709,2018-12-01,7.0,1015.3,0.0,6.28,11.75
12710,2018-12-01,6.5,1015.2,0.0,5.905,11.75
12711,2018-12-01,6.2,1015.4,0.0,5.707999999999999,11.75
12712,2018-12-01,6.3,1014.4,0.0,5.636,11.75
12713,2018-12-01,6.6,1014.7,0.0,5.997999999999999,11.75
12714,2018-12-01,6.9,1014.6,0.0,6.3660000000000005,11.75
12715,2018-12-01,7.4,1013.9,0.0,6.8839999999999995,11.75
12716,2018-12-01,7.7,1013.8,0.0,7.0360000000000005,11.75
12717,2018-12-01,7.8,1013.6,16.0,7.226,11.75
12718,2018-12-01,8.5,1013.3,18.0,7.78,11.75
12719,2018-12-01,9.0,1013.0,35.0,8.18,11.75
12720,2018-12-01,9.6,1011.6,53.0,8.772,11.75
12721,2018-12-01,10.1,1010.4,46.0,9.209,11.75
12722,2018-12-01,10.3,1009.5,35.0,9.33,11.75
12723,2018-12-01,10.2,1008.7,18.0,9.416,11.75
12724,2018-12-01,10.5,1007.9,11.0,9.74,11.75
12725,2018-12-01,10.6,1007.6,0.0,9.942,11.75
12726,2018-12-01,10.7,1007.2,0.0,10.049,11.75
12727,2018-12-01,10.8,1006.8,0.0,10.156,11.75
12728,2018-12-01,10.8,1006.4,0.0,10.34,11.75
12729,2018-12-01,11.0,1006.0,0.0,10.46,11.75
12730,2018-12-01,11.0,1005.7,0.0,10.55,11.75
12731,2018-12-01,11.2,1005.3,0.0,10.74,11.75
12732,2018-12-02,11.4,1004.8,0.0,10.93,11.75
12733,2018-12-02,11.4,1004.4,0.0,10.93,9.3
12734,2018-12-02,11.6,1003.6,0.0,11.12,9.3
12735,2018-12-02,11.8,1003.3,0.0,11.408,9.3
12736,2018-12-02,12.3,1002.7,0.0,11.9,9.3
12737,2018-12-02,12.8,1002.7,0.0,12.4,9.3
12738,2018-12-02,13.0,1002.3,0.0,12.7,9.3
12739,2018-12-02,13.3,1002.5,0.0,12.9,9.3
12740,2018-12-02,13.5,1002.9,0.0,13.1,9.3
12741,2018-12-02,13.8,1003.8,12.0,13.3,9.3
12742,2018-12-02,14.1,1004.2,37.0,13.5,9.3
12743,2018-12-02,14.7,1004.8,83.0,14.0,9.3
12744,2018-12-02,14.8,1004.9,118.0,14.0,9.3
12745,2018-12-02,15.1,1004.8,116.0,14.209000000000001,9.3
12746,2018-12-02,15.2,1004.7,74.0,14.318,9.3
12747,2018-12-02,14.7,1004.6,53.0,14.0,9.3
12748,2018-12-02,15.0,1004.8,11.0,14.0,9.3
12749,2018-12-02,14.7,1004.9,0.0,13.9,9.3
12750,2018-12-02,14.3,1004.8,0.0,13.7,9.3
12751,2018-12-02,14.2,1005.0,0.0,13.6,9.3
12752,2018-12-02,14.4,1004.9,0.0,13.7,9.3
12753,2018-12-02,14.2,1005.3,0.0,13.6,9.3
12754,2018-12-02,14.3,1005.4,0.0,13.7,9.3
12755,2018-12-02,14.2,1005.4,0.0,13.5,9.3
12756,2018-12-03,14.0,1005.5,0.0,13.4,9.3
12757,2018-12-03,14.2,1005.6,0.0,13.4,10.7
12758,2018-12-03,14.1,1005.6,0.0,13.2,10.7
12759,2018-12-03,13.8,1005.5,0.0,13.1,10.7
12760,2018-12-03,13.9,1005.4,0.0,13.1,10.7
12761,2018-12-03,14.0,1005.5,0.0,12.84,10.7
12762,2018-12-03,13.6,1005.3,0.0,12.44,10.7
12763,2018-12-03,13.4,1005.4,0.0,12.4,10.7
12764,2018-12-03,13.4,1005.0,0.0,12.4,10.7
12765,2018-12-03,13.5,1004.8,21.0,12.5,10.7
12766,2018-12-03,13.8,1005.0,42.0,12.72,10.7
12767,2018-12-03,13.8,1004.6,63.0,12.9,10.7
12768,2018-12-03,13.5,1004.1,109.0,12.8,10.7
12769,2018-12-03,13.8,1003.7,21.0,12.8,10.7
12770,2018-12-03,12.8,1003.4,0.0,11.9,10.7
12771,2018-12-03,11.5,1004.0,35.0,10.74,10.7
12772,2018-12-03,11.5,1004.7,58.0,10.465,10.7
12773,2018-12-03,11.2,1005.1,7.0,10.372,10.7
12774,2018-12-03,11.0,1005.8,0.0,10.19,10.7
12775,2018-12-03,11.2,1006.8,0.0,10.372,10.7
12776,2018-12-03,11.5,1008.3,0.0,10.55,10.7
12777,2018-12-03,11.9,1009.2,0.0,10.343,10.7
12778,2018-12-03,11.4,1010.3,0.0,10.116,10.7
12779,2018-12-03,11.5,1011.3,0.0,10.04,10.7
12780,2018-12-04,10.9,1012.1,0.0,9.812000000000001,10.7
12781,2018-12-04,11.0,1021.5,165.0,8.57,12.8
12782,2018-12-04,10.9,1021.5,105.0,8.566,12.8
12783,2018-12-04,11.3,1021.8,28.0,8.942,12.8
12784,2018-12-04,10.4,1022.3,0.0,8.6,12.8
12785,2018-12-04,10.3,1022.5,0.0,8.251,12.8
12786,2018-12-04,10.5,1022.9,0.0,8.615,12.8
12787,2018-12-04,10.2,1023.1,0.0,8.646,12.8
12788,2018-12-04,10.1,1023.0,0.0,8.705,12.8
12789,2018-12-04,10.2,1023.1,0.0,8.646,12.8
12790,2018-12-04,10.3,1023.1,0.0,8.832,12.8
12791,2018-12-05,10.4,1022.5,0.0,9.104,12.8
12792,2018-12-05,9.9,1022.4,0.0,8.683,11.05
12793,2018-12-05,9.5,1022.2,0.0,8.6,11.05
12794,2018-12-05,9.8,1021.9,0.0,8.684,11.05
12795,2018-12-05,9.7,1021.6,0.0,8.76,11.05
12796,2018-12-05,9.8,1021.4,0.0,8.936,11.05
12797,2018-12-05,10.0,1021.5,0.0,9.2,11.05
12798,2018-12-05,10.6,1021.0,0.0,9.754,11.05
12799,2018-12-05,10.4,1020.9,0.0,9.536,11.05
12800,2018-12-05,10.6,1020.6,11.0,9.66,11.05
12801,2018-12-05,11.1,1020.3,74.0,10.012,11.05
12802,2018-12-05,11.9,1020.3,90.0,10.424000000000001,11.05
12803,2018-12-05,12.2,1019.5,114.0,10.56,11.05
12804,2018-12-05,13.2,1018.5,192.0,11.4,11.05
12805,2018-12-05,13.4,1017.4,111.0,11.494000000000002,11.05
12806,2018-12-05,13.6,1016.4,114.0,11.696,11.05
12807,2018-12-05,13.4,1016.1,18.0,11.494000000000002,11.05
12808,2018-12-05,12.8,1015.3,0.0,11.16,11.05
12809,2018-12-05,12.1,1015.1,0.0,10.7,11.05
12810,2018-12-05,11.8,1015.0,0.0,10.492,11.05
12811,2018-12-05,12.0,1014.5,0.0,10.6,11.05
12812,2018-12-05,11.4,1014.2,0.0,10.46,11.05
12813,2018-12-05,11.1,1014.3,0.0,10.372,11.05
12814,2018-12-05,11.0,1014.4,0.0,10.46,11.05
12815,2018-12-06,11.1,1014.4,0.0,10.645,11.05
12816,2018-12-06,11.5,1014.6,0.0,11.025,11.55
12817,2018-12-06,11.7,1014.4,0.0,11.215,11.55
12818,2018-12-06,11.8,1014.6,0.0,11.31,11.55
12819,2018-12-06,11.9,1015.3,0.0,11.504000000000001,11.55
12820,2018-12-06,12.0,1015.9,0.0,11.6,11.55
12821,2018-12-06,12.0,1016.1,0.0,11.6,11.55
12822,2018-12-06,12.1,1016.6,0.0,11.7,11.55
12823,2018-12-06,11.9,1017.3,0.0,11.504000000000001,11.55
12824,2018-12-06,12.0,1018.2,12.0,11.6,11.55
12825,2018-12-06,12.0,1018.8,23.0,11.6,11.55
12826,2018-12-06,12.3,1019.5,107.0,11.9,11.55
12827,2018-12-06,12.4,1019.4,86.0,11.9,11.55
12828,2018-12-06,12.7,1019.4,116.0,12.0,11.55
12829,2018-12-06,13.1,1019.3,102.0,12.3,11.55
12830,2018-12-06,13.0,1019.1,54.0,12.1,11.55
12831,2018-12-06,13.1,1019.2,9.0,12.2,11.55
12832,2018-12-06,12.7,1019.8,0.0,11.8,11.55
12833,2018-12-06,12.2,1019.8,0.0,11.6,11.55
12834,2018-12-06,12.2,1019.7,0.0,11.5,11.55
12835,2018-12-06,12.2,1019.8,0.0,11.5,11.55
12836,2018-12-06,11.9,1019.9,0.0,11.009,11.55
12837,2018-12-06,11.8,1019.7,0.0,10.82,11.55
12838,2018-12-06,11.7,1019.6,0.0,10.647,11.55
12839,2018-12-07,11.5,1019.1,0.0,10.295,11.55
12840,2018-12-07,11.4,1018.7,0.0,10.288,11.25
12841,2018-12-07,11.8,1017.7,0.0,10.574000000000002,11.25
12842,2018-12-07,11.4,1017.1,0.0,10.554,11.25
12843,2018-12-07,11.2,1016.3,0.0,10.556,11.25
12844,2018-12-07,11.3,1014.9,0.0,10.742,11.25
12845,2018-12-07,11.3,1014.3,0.0,10.649000000000001,11.25
12846,2018-12-07,11.5,1013.6,0.0,10.74,11.25
12847,2018-12-07,11.5,1013.0,0.0,10.835,11.25
12848,2018-12-07,11.3,1012.1,11.0,10.649000000000001,11.25
12849,2018-12-07,11.3,1011.1,51.0,10.463,11.25
12850,2018-12-07,11.7,1010.0,33.0,10.481,11.25
12851,2018-12-07,11.9,1008.1,35.0,10.748,11.25
12852,2018-12-07,11.7,1006.0,46.0,10.73,11.25
12853,2018-12-07,11.7,1004.1,47.0,10.924000000000001,11.25
12854,2018-12-07,9.5,1005.1,7.0,8.956,11.25
12855,2018-12-07,8.8,1006.2,9.0,8.16,11.25
12856,2018-12-07,9.1,1007.5,0.0,7.7829999999999995,11.25
12857,2018-12-07,8.5,1009.1,0.0,6.9,11.25
12858,2018-12-07,8.1,1010.3,0.0,6.27,11.25
12859,2018-12-07,6.9,1011.5,0.0,5.457000000000001,11.25
12860,2018-12-07,7.1,1012.5,0.0,5.643,11.25
12861,2018-12-07,6.9,1013.3,0.0,5.457000000000001,11.25
12862,2018-12-07,6.9,1013.4,0.0,5.452000000000001,11.25
12863,2018-12-08,6.4,1013.7,0.0,5.1160000000000005,11.25
12864,2018-12-08,6.3,1013.8,0.0,5.105,11.55
12865,2018-12-08,6.3,1014.0,0.0,5.263999999999999,11.55
12866,2018-12-08,6.7,1014.0,0.0,5.522,11.55
12867,2018-12-08,6.9,1013.5,0.0,5.694,11.55
12868,2018-12-08,7.2,1013.3,0.0,5.91,11.55
12869,2018-12-08,7.6,1013.2,0.0,6.33,11.55
12870,2018-12-08,7.8,1013.2,0.0,6.627999999999999,11.55
12871,2018-12-08,7.6,1013.7,0.0,6.502000000000001,11.55
12872,2018-12-08,8.1,1013.9,14.0,6.9479999999999995,11.55
12873,2018-12-08,8.3,1014.4,95.0,7.164,11.55
12874,2018-12-08,9.1,1014.2,102.0,7.854,11.55
12875,2018-12-08,9.8,1014.2,144.0,8.138,11.55
12876,2018-12-08,9.8,1013.9,130.0,8.294,11.55
12877,2018-12-08,10.3,1013.0,77.0,8.583,11.55
12878,2018-12-08,10.6,1011.9,60.0,9.058,11.55
12879,2018-12-08,10.7,1010.9,12.0,9.596,11.55
12880,2018-12-08,10.4,1009.9,0.0,9.632,11.55
12881,2018-12-08,10.9,1008.7,0.0,9.99,11.55
12882,2018-12-08,10.9,1007.7,0.0,10.263,11.55
12883,2018-12-08,11.4,1006.7,0.0,10.648,11.55
12884,2018-12-08,11.7,1007.0,0.0,10.481,11.55
12885,2018-12-08,11.1,1006.9,0.0,10.012,11.55
12886,2018-12-08,10.8,1006.5,0.0,9.44,11.55
12887,2018-12-09,11.1,1006.4,0.0,9.118,11.55
12888,2018-12-09,9.8,1007.5,0.0,8.604,9.15
12889,2018-12-09,9.4,1007.8,0.0,8.224,9.15
12890,2018-12-09,8.9,1007.4,0.0,7.812,9.15
12891,2018-12-09,8.4,1007.7,0.0,7.026,9.15
12892,2018-12-09,9.1,1008.3,0.0,7.57,9.15
12893,2018-12-09,8.8,1008.5,0.0,7.4079999999999995,9.15
12894,2018-12-09,8.8,1008.6,0.0,7.334,9.15
12895,2018-12-09,8.7,1008.7,0.0,7.367999999999999,9.15
12896,2018-12-09,8.1,1009.5,18.0,7.3,9.15
12897,2018-12-09,8.4,1009.8,49.0,7.6,9.15
12898,2018-12-09,8.9,1009.9,169.0,8.027999999999999,9.15
12899,2018-12-09,9.7,1010.0,83.0,8.529,9.15
12900,2018-12-09,10.7,1010.6,211.0,9.074,9.15
12901,2018-12-09,9.4,1011.3,91.0,8.607999999999999,9.15
12902,2018-12-09,10.5,1012.0,163.0,9.125,9.15
12903,2018-12-09,10.2,1013.6,12.0,8.974,9.15
12904,2018-12-09,10.3,1014.9,0.0,8.832,9.15
12905,2018-12-09,9.9,1016.5,0.0,8.367,9.15
12906,2018-12-09,9.6,1017.9,0.0,8.527999999999999,9.15
12907,2018-12-09,8.5,1019.1,0.0,7.54,9.15
12908,2018-12-09,8.3,1020.5,0.0,7.58,9.15
12909,2018-12-09,8.3,1021.4,0.0,7.5,9.15
12910,2018-12-09,7.9,1022.1,0.0,7.171,9.15
12911,2018-12-10,7.8,1022.8,0.0,7.062,9.15
12912,2018-12-10,7.4,1023.6,0.0,6.712000000000001,8.75
12913,2018-12-10,7.6,1024.1,0.0,6.843999999999999,8.75
12914,2018-12-10,7.3,1024.4,0.0,6.604,8.75
12915,2018-12-10,7.1,1024.6,0.0,6.388,8.75
12916,2018-12-10,6.9,1024.8,0.0,6.188,8.75
12917,2018-12-10,7.3,1025.3,0.0,6.604,8.75
12918,2018-12-10,7.5,1025.6,0.0,6.797999999999999,8.75
12919,2018-12-10,7.2,1026.0,0.0,6.566,8.75
12920,2018-12-10,7.0,1026.4,14.0,6.46,8.75
12921,2018-12-10,7.0,1027.1,37.0,6.37,8.75
12922,2018-12-10,7.4,1027.7,40.0,6.54,8.75
12923,2018-12-10,8.2,1027.7,47.0,7.142,8.75
12924,2018-12-10,9.0,1027.3,62.0,7.5,8.75
12925,2018-12-10,9.6,1026.7,200.0,7.667999999999999,8.75
12926,2018-12-10,9.3,1026.8,81.0,7.362,8.75
12927,2018-12-10,9.3,1026.6,63.0,7.5360000000000005,8.75
12928,2018-12-10,8.7,1027.0,0.0,7.05,8.75
12929,2018-12-10,8.4,1027.1,0.0,6.944,8.75
12930,2018-12-10,8.2,1027.3,0.0,6.797999999999999,8.75
12931,2018-12-10,7.7,1027.2,0.0,6.435,8.75
12932,2018-12-10,6.9,1027.0,0.0,5.773,8.75
12933,2018-12-10,6.4,1027.0,0.0,5.412000000000001,8.75
12934,2018-12-10,5.9,1027.2,0.0,5.041,8.75
12935,2018-12-11,5.9,1027.0,0.0,5.189,8.75
12936,2018-12-11,5.5,1026.7,0.0,4.9,8.65
12937,2018-12-11,5.2,1026.6,0.0,4.696000000000001,8.65
12938,2018-12-11,5.2,1026.2,0.0,4.696000000000001,8.65
12939,2018-12-11,5.6,1026.2,0.0,5.0680000000000005,8.65
12940,2018-12-11,4.9,1025.9,0.0,4.474,8.65
12941,2018-12-11,3.6,1025.6,0.0,3.1439999999999997,8.65
12942,2018-12-11,3.2,1025.3,0.0,2.84,8.65
12943,2018-12-11,2.6,1025.2,0.0,2.25,8.65
12944,2018-12-11,3.3,1025.5,18.0,2.935,8.65
12945,2018-12-11,4.1,1025.5,60.0,3.784,8.65
12946,2018-12-12,6.3,1022.9,0.0,5.251,7.85
12947,2018-12-12,5.5,1022.8,0.0,4.62,7.85
12948,2018-12-12,4.5,1022.9,0.0,3.62,7.85
12949,2018-12-12,3.9,1022.7,0.0,2.99,7.85
12950,2018-12-12,3.3,1022.0,0.0,2.5069999999999997,7.85
12951,2018-12-12,2.2,1022.0,0.0,1.57,7.85
12952,2018-12-12,1.9,1022.1,0.0,1.27,7.85
12953,2018-12-12,1.7,1022.6,0.0,1.07,7.85
12954,2018-12-12,1.6,1022.8,21.0,0.97,7.85
12955,2018-12-12,1.4,1022.8,79.0,0.77,7.85
12956,2018-12-12,3.0,1022.7,49.0,1.96,7.85
12957,2018-12-12,4.1,1022.2,49.0,2.53,7.85
12958,2018-12-12,5.1,1021.5,113.0,3.36,7.85
12959,2018-12-12,5.6,1020.7,211.0,3.55,7.85
12960,2018-12-12,6.6,1020.5,69.0,4.202,7.85
12961,2018-12-12,6.2,1020.2,44.0,3.7880000000000003,7.85
12962,2018-12-12,4.4,1019.9,0.0,2.77,7.85
12963,2018-12-12,3.6,1019.6,0.0,2.246,7.85
12964,2018-12-12,3.2,1019.1,0.0,2.2319999999999998,7.85
12965,2018-12-12,2.6,1018.7,0.0,1.84,7.85
12966,2018-12-12,2.7,1019.0,0.0,1.78,7.85
12967,2018-12-12,2.6,1018.5,0.0,1.78,7.85
12968,2018-12-12,2.2,1017.9,0.0,1.38,7.85
12969,2018-12-13,1.3,1017.4,0.0,0.547,7.85
12970,2018-12-13,1.2,1016.8,0.0,0.5,4.65
12971,2018-12-13,1.4,1016.2,0.0,0.7,4.65
12972,2018-12-13,1.4,1016.2,0.0,0.5920000000000001,4.65
12973,2018-12-13,1.2,1015.2,0.0,0.547,4.65
12974,2018-12-13,1.4,1014.8,0.0,0.547,4.65
12975,2018-12-13,1.4,1014.3,0.0,0.7,4.65
12976,2018-12-13,1.2,1013.5,0.0,0.5,4.65
12977,2018-12-13,1.4,1013.3,0.0,0.7,4.65
12978,2018-12-13,1.2,1013.3,23.0,0.44799999999999995,4.65
12979,2018-12-13,1.9,1013.2,37.0,0.846,4.65
12980,2018-12-13,2.2,1013.6,54.0,1.08,4.65
12981,2018-12-13,3.0,1013.0,46.0,1.63,4.65
12982,2018-12-13,3.2,1012.5,70.0,1.65,4.65
12983,2018-12-13,3.9,1012.1,255.0,1.86,4.65
12984,2018-12-13,4.2,1012.1,70.0,1.96,4.65
12985,2018-12-13,3.6,1012.8,39.0,1.62,4.65
12986,2018-12-13,2.7,1013.4,0.0,0.998,4.65
12987,2018-12-13,1.9,1013.7,0.0,0.43,4.65
12988,2018-12-13,1.7,1014.2,0.0,0.31,4.65
12989,2018-12-13,1.4,1014.6,0.0,0.04,4.65
12990,2018-12-13,1.1,1015.3,0.0,-0.23,4.65
12991,2018-12-13,0.8,1015.7,0.0,-0.46,4.65
12992,2018-12-13,0.7,1016.0,0.0,-0.62,4.65
12993,2018-12-14,0.4,1016.4,0.0,-0.86,4.65
12994,2018-12-14,0.1,1016.9,0.0,-1.1,2.7
12995,2018-12-14,-0.2,1017.1,0.0,-1.3559999999999999,2.7
12996,2018-12-14,-0.4,1017.3,0.0,-1.504,2.7
12997,2018-12-14,-0.6,1017.2,0.0,-1.696,2.7
12998,2018-12-14,-1.1,1017.5,0.0,-2.044,2.7
12999,2018-12-14,-1.8,1017.8,0.0,-2.528,2.7
13000,2018-12-14,-2.1,1018.3,0.0,-2.75,2.7
13001,2018-12-14,-2.3,1019.1,0.0,-2.95,2.7
13002,2018-12-14,-2.1,1020.1,18.0,-2.75,2.7
13003,2018-12-14,-1.4,1020.4,39.0,-2.24,2.7
13004,2018-12-14,-0.1,1020.4,47.0,-1.3,2.7
13005,2018-12-14,0.8,1019.9,54.0,-0.7,2.7
13006,2018-12-14,2.2,1020.5,84.0,0.156,2.7
13007,2018-12-14,2.1,1021.1,97.0,-0.054000000000000006,2.7
13008,2018-12-14,1.6,1021.3,125.0,-0.58,2.7
13009,2018-12-14,1.4,1022.0,65.0,-0.5720000000000001,2.7
13010,2018-12-14,0.5,1022.2,0.0,-1.24,2.7
13011,2018-12-14,-0.2,1022.6,0.0,-1.69,2.7
13012,2018-12-14,-0.4,1023.1,0.0,-1.768,2.7
13013,2018-12-14,0.4,1022.9,0.0,-1.22,2.7
13014,2018-12-14,1.6,1023.1,0.0,-0.26,2.7
13015,2018-12-14,1.2,1024.1,0.0,-0.688,2.7
13016,2018-12-14,1.7,1023.9,0.0,-0.29600000000000004,2.7
13017,2018-12-15,1.4,1023.6,0.0,-0.5720000000000001,2.7
13018,2018-04-25,15.0,1013.0,0.0,12.2,17.9
13019,2018-04-24,15.6,1013.0,0.0,12.56,17.9
13020,2018-04-24,16.4,1013.0,0.0,12.61,17.9
13021,2018-04-24,17.7,1012.8,0.0,13.323,17.9
13022,2018-12-15,0.1,1023.4,0.0,-1.42,1.35
13023,2018-12-15,-0.7,1023.0,0.0,-2.006,1.35
13024,2018-12-15,-1.5,1022.7,0.0,-2.545,1.35
13025,2018-12-15,-2.3,1022.9,0.0,-3.1,1.35
13026,2018-12-15,-2.1,1022.5,0.0,-2.85,1.35
13027,2018-12-15,-1.3,1021.9,0.0,-2.0980000000000003,1.35
13028,2018-12-15,-0.6,1021.7,0.0,-1.7480000000000002,1.35
13029,2018-12-15,0.3,1021.3,0.0,-0.96,1.35
13030,2018-12-15,1.4,1021.1,21.0,-0.08,1.35
13031,2018-12-15,2.2,1021.0,49.0,0.466,1.35
13032,2018-12-15,2.5,1020.8,65.0,0.745,1.35
13033,2018-12-15,2.7,1020.2,97.0,0.8640000000000001,1.35
13034,2018-12-15,3.0,1018.9,63.0,1.21,1.35
13035,2018-12-15,2.8,1018.0,62.0,1.228,1.35
13036,2018-12-15,2.9,1016.8,46.0,1.6,1.35
13037,2018-12-15,2.8,1015.8,14.0,1.5,1.35
13038,2018-12-15,2.6,1014.4,0.0,1.6,1.35
13039,2018-12-15,2.6,1013.2,0.0,1.72,1.35
13040,2018-12-16,2.5,1009.5,0.0,2.08,0.8
13041,2018-12-16,2.5,1009.7,0.0,2.15,0.8
13042,2018-12-16,3.0,1010.3,0.0,2.72,0.8
13043,2018-12-16,2.9,1010.6,0.0,2.69,0.8
13044,2018-12-16,2.8,1011.0,0.0,2.59,0.8
13045,2018-12-16,3.1,1011.1,0.0,2.887,0.8
13046,2018-12-16,3.3,1011.2,0.0,3.0810000000000004,0.8
13047,2018-12-16,3.9,1011.3,0.0,3.5660000000000003,0.8
13048,2018-12-16,4.3,1011.4,7.0,4.069,0.8
13049,2018-12-16,4.7,1011.7,53.0,4.553999999999999,0.8
13050,2018-12-16,5.4,1012.3,44.0,5.252000000000001,0.8
13051,2018-12-16,6.1,1011.8,88.0,5.938,0.8
13052,2018-12-16,6.4,1011.2,93.0,6.232,0.8
13053,2018-12-16,6.7,1010.7,79.0,6.439,0.8
13054,2018-12-16,7.2,1010.5,53.0,6.936,0.8
13055,2018-12-16,7.0,1010.3,42.0,6.64,0.8
13056,2018-12-16,7.9,1010.2,0.0,7.495,0.8
13057,2018-12-16,8.1,1010.5,0.0,7.62,0.8
13058,2018-12-16,8.4,1010.7,0.0,7.84,0.8
13059,2018-12-16,8.8,1010.7,0.0,8.16,0.8
13060,2018-12-16,8.8,1010.7,0.0,8.16,0.8
13061,2018-12-16,9.1,1010.8,0.0,8.28,0.8
13062,2018-12-16,7.8,1011.5,0.0,7.308,0.8
13063,2018-12-17,7.3,1012.3,0.0,6.778,0.8
13064,2018-12-17,7.1,1012.6,0.0,6.655,3.4
13065,2018-12-17,6.9,1013.4,0.0,6.455,3.4
13066,2018-12-17,6.4,1014.3,0.0,5.896,3.4
13067,2018-12-17,5.7,1015.3,0.0,5.315,3.4
13068,2018-12-17,5.6,1016.1,0.0,5.22,3.4
13069,2018-12-17,5.2,1016.6,0.0,4.84,3.4
13070,2018-12-17,4.8,1018.2,0.0,4.44,3.4
13071,2018-12-17,4.7,1019.2,0.0,4.335,3.4
13072,2018-12-17,4.4,1020.0,18.0,4.096,3.4
13073,2018-12-17,4.8,1020.9,39.0,4.545,3.4
13074,2018-12-17,5.2,1022.0,86.0,4.912,3.4
13075,2018-12-17,5.6,1022.3,111.0,5.296,3.4
13076,2018-12-17,6.2,1022.5,190.0,5.872000000000001,3.4
13077,2018-12-17,7.9,1022.5,156.0,7.414,3.4
13078,2018-12-17,7.5,1022.9,128.0,6.82,3.4
13079,2018-12-17,7.4,1023.3,42.0,6.797999999999999,3.4
13080,2018-12-17,7.6,1023.6,0.0,6.928,3.4
13081,2018-12-17,8.2,1024.0,0.0,7.48,3.4
13082,2018-12-17,7.6,1024.3,0.0,6.928,3.4
13083,2018-12-17,7.2,1024.6,0.0,6.4079999999999995,3.4
13084,2018-12-17,7.4,1024.6,0.0,6.797999999999999,3.4
13085,2018-12-17,7.4,1024.5,0.0,6.797999999999999,3.4
13086,2018-12-17,7.2,1024.4,0.0,6.584,3.4
13087,2018-12-18,7.5,1024.1,0.0,6.99,3.4
13088,2018-12-18,7.7,1023.5,0.0,7.202000000000001,5.3
13089,2018-12-18,7.7,1023.1,0.0,7.226,5.3
13090,2018-12-18,8.1,1023.1,0.0,7.46,5.3
13091,2018-12-18,7.6,1022.7,0.0,7.096,5.3
13092,2018-12-18,7.4,1021.7,0.0,6.797999999999999,5.3
13093,2018-12-18,7.3,1020.6,0.0,6.691,5.3
13094,2018-12-18,7.9,1019.9,0.0,7.09,5.3
13095,2018-12-18,6.9,1019.6,0.0,6.02,5.3
13096,2018-12-18,6.2,1018.5,23.0,5.308,5.3
13097,2018-12-18,6.7,1018.2,63.0,5.445,5.3
13098,2018-12-18,8.2,1017.9,79.0,6.712000000000001,5.3
13099,2018-12-18,9.2,1016.3,109.0,7.287999999999999,5.3
13100,2018-12-18,9.7,1014.8,155.0,7.409,5.3
13101,2018-12-18,9.7,1013.3,125.0,7.409,5.3
13102,2018-12-18,9.6,1012.4,79.0,7.416,5.3
13103,2018-12-18,9.9,1011.5,28.0,7.563,5.3
13104,2018-12-18,9.3,1010.6,0.0,7.188,5.3
13105,2018-12-18,9.6,1010.5,0.0,7.34,5.3
13106,2018-12-18,9.4,1009.8,0.0,7.0920000000000005,5.3
13107,2018-12-18,9.3,1009.6,0.0,6.84,5.3
13108,2018-12-18,9.4,1009.3,0.0,6.824,5.3
13109,2018-12-18,9.7,1009.2,0.0,6.986000000000001,5.3
13110,2018-12-18,8.7,1009.2,0.0,7.52,5.3
13111,2018-12-19,7.9,1009.6,0.0,7.252000000000001,5.3
13112,2018-12-19,8.2,1009.5,0.0,7.64,7.15
13113,2018-12-19,8.4,1009.9,0.0,7.92,7.15
13114,2018-12-19,8.1,1010.7,0.0,7.62,7.15
13115,2018-12-19,8.1,1010.7,0.0,7.64,7.15
13116,2018-12-19,8.1,1010.7,0.0,7.44,7.15
13117,2018-12-19,8.4,1010.7,0.0,7.84,7.15
13118,2018-12-19,9.3,1010.8,0.0,8.526,7.15
13119,2018-12-19,9.3,1010.5,0.0,8.526,7.15
13120,2018-12-19,9.3,1010.8,12.0,8.367,7.15
13121,2018-12-19,9.6,1011.0,49.0,8.604,7.15
13122,2018-12-19,9.4,1011.6,172.0,8.696,7.15
13123,2018-12-19,9.6,1011.4,56.0,8.604,7.15
13124,2016-12-20,4.7,1020.0,0.0,3.592,4.0
13125,2016-12-19,4.4,1020.4,0.0,3.31,4.0
13126,2016-12-19,4.8,1020.5,0.0,3.5839999999999996,4.0
13127,2016-12-19,5.1,1020.7,0.0,3.71,4.0
13128,2016-12-19,5.3,1021.5,0.0,3.65,4.0
13129,2016-12-19,5.2,1021.6,0.0,3.58,4.0
13130,2016-12-19,5.4,1021.7,0.0,3.81,4.0
13131,2016-12-19,5.3,1022.1,0.0,3.73,4.0
13132,2016-12-19,5.8,1022.1,5.0,4.13,4.0
13133,2016-12-19,6.3,1022.4,18.0,4.68,4.0
13134,2016-12-19,6.3,1022.8,70.0,4.61,4.0
13135,2016-12-19,6.2,1023.3,241.0,4.948,4.0
13136,2016-12-19,5.1,1024.5,130.0,4.958,4.0
13137,2016-12-19,4.7,1025.4,44.0,4.627,4.0
13138,2016-12-19,4.2,1025.7,26.0,4.021,4.0
13139,2016-12-19,3.4,1025.8,0.0,3.252,4.0
13140,2016-12-19,3.2,1025.9,0.0,3.056,4.0
13141,2016-12-19,3.1,1026.7,0.0,2.958,4.0
13142,2016-12-19,2.9,1027.3,0.0,2.76,4.0
13143,2016-12-19,3.0,1027.9,0.0,2.76,4.0
13144,2016-12-19,2.9,1028.8,0.0,2.69,4.0
13145,2016-12-19,2.9,1029.4,0.0,2.79,4.0
13146,2016-12-19,3.0,1029.4,0.0,2.72,4.0
13147,2016-12-19,3.1,1030.0,0.0,2.79,4.0
13148,2016-12-21,2.1,1024.0,0.0,1.47,4.65
13149,2016-12-20,1.8,1023.8,0.0,1.17,4.65
13150,2016-12-20,2.4,1023.2,0.0,1.58,4.65
13151,2016-12-20,3.2,1022.9,0.0,2.2319999999999998,4.65
13152,2016-12-20,4.4,1022.9,0.0,3.178,4.65
13153,2016-12-20,4.9,1022.3,0.0,3.824,4.65
13154,2016-12-20,5.1,1021.8,0.0,4.046,4.65
13155,2016-12-20,4.9,1021.3,0.0,3.824,4.65
13156,2016-12-20,4.9,1020.8,25.0,4.06,4.65
13157,2016-12-20,5.2,1020.6,42.0,4.192,4.65
13158,2016-12-20,5.4,1020.2,63.0,4.404,4.65
13159,2016-12-20,6.3,1020.4,313.0,4.813,4.65
13160,2016-12-20,6.3,1020.5,149.0,4.813,4.65
13161,2016-12-20,5.9,1020.7,88.0,4.42,4.65
13162,2016-12-20,4.2,1020.5,28.0,3.148,4.65
13163,2016-12-20,5.0,1020.2,0.0,3.94,4.65
13164,2016-12-20,4.4,1019.7,0.0,3.195,4.65
13165,2016-12-20,4.1,1019.7,0.0,3.103,4.65
13166,2016-12-20,3.3,1019.4,0.0,2.5069999999999997,4.65
13167,2016-12-20,4.4,1019.7,0.0,3.4419999999999997,4.65
13168,2016-12-20,4.6,1020.0,0.0,3.6039999999999996,4.65
13169,2016-12-20,4.5,1020.3,0.0,3.425,4.65
13170,2016-12-20,4.5,1019.9,0.0,3.425,4.65
13171,2016-12-20,4.2,1019.6,0.0,3.148,4.65
13172,2016-12-22,7.5,1025.8,0.0,6.735,4.65
13173,2016-12-21,6.8,1025.9,0.0,6.184,4.65
13174,2016-12-21,7.0,1026.1,0.0,6.01,4.65
13175,2016-12-21,6.8,1026.4,0.0,5.92,4.65
13176,2016-12-21,7.1,1026.4,0.0,5.886,4.65
13177,2016-12-21,7.2,1026.4,0.0,5.643,4.65
13178,2016-12-21,7.9,1026.2,0.0,6.2,4.65
13179,2016-12-21,8.1,1026.3,0.0,6.06,4.65
13180,2016-12-21,7.7,1026.2,25.0,5.747999999999999,4.65
13181,2016-12-21,7.4,1026.0,83.0,5.466,4.65
13182,2016-12-21,6.7,1026.2,158.0,4.92,4.65
13183,2016-12-21,5.7,1027.0,253.0,4.394,4.65
13184,2016-12-21,4.9,1027.1,146.0,3.824,4.65
13185,2016-12-21,4.0,1027.5,114.0,2.99,4.65
13186,2016-12-21,2.9,1026.8,97.0,2.17,4.65
13187,2016-12-21,1.5,1026.3,14.0,1.01,4.65
13188,2016-12-21,1.4,1026.2,0.0,0.84,4.65
13189,2016-12-21,1.6,1025.7,0.0,0.94,4.65
13190,2016-12-21,1.8,1025.6,0.0,1.17,4.65
13191,2016-12-21,2.2,1025.2,0.0,1.5,4.65
13192,2016-12-21,2.6,1024.4,0.0,1.97,4.65
13193,2016-12-21,2.9,1024.0,0.0,2.14,4.65
13194,2016-12-21,3.0,1024.1,0.0,2.207,4.65
13195,2016-12-21,2.2,1023.9,0.0,1.57,4.65
13196,2016-12-23,4.4,1033.3,0.0,4.275,4.85
13197,2016-12-22,5.7,1033.8,0.0,5.644,4.85
13198,2016-12-22,6.4,1033.5,0.0,6.245,4.85
13199,2016-12-22,7.5,1032.3,0.0,7.16,4.85
13200,2016-12-22,7.9,1032.1,0.0,7.5760000000000005,4.85
13201,2016-12-22,8.2,1031.0,0.0,7.88,4.85
13202,2016-12-22,8.1,1029.9,0.0,7.68,4.85
13203,2016-12-22,8.1,1029.5,0.0,7.7,4.85
13204,2016-12-22,8.2,1028.9,14.0,7.8,4.85
13205,2016-12-22,8.1,1028.2,37.0,7.78,4.85
13206,2016-12-22,7.9,1027.8,74.0,7.657,4.85
13207,2016-12-22,8.1,1027.5,40.0,7.86,4.85
13208,2016-12-22,8.1,1027.3,35.0,7.86,4.85
13209,2016-12-22,8.0,1027.1,79.0,7.5760000000000005,4.85
13210,2016-12-22,7.7,1026.5,19.0,7.367999999999999,4.85
13211,2016-12-22,7.5,1025.7,0.0,7.16,4.85
13212,2016-12-22,7.6,1025.2,0.0,7.18,4.85
13213,2016-12-22,7.5,1024.9,0.0,7.075,4.85
13214,2016-12-22,7.4,1024.8,0.0,7.056,4.85
13215,2016-12-22,7.8,1024.3,0.0,7.308,4.85
13216,2016-12-22,8.1,1024.3,0.0,7.44,4.85
13217,2016-12-22,7.9,1024.7,0.0,7.252000000000001,4.85
13218,2016-12-22,7.3,1024.7,0.0,6.604,4.85
13219,2016-12-22,7.0,1025.3,0.0,6.37,4.85
13220,2016-12-24,6.7,1029.2,0.0,6.265,4.8
13221,2016-12-23,6.0,1029.3,0.0,5.52,4.8
13222,2016-12-23,6.1,1030.1,0.0,5.5329999999999995,4.8
13223,2016-12-23,6.3,1029.8,0.0,5.553,4.8
13224,2016-12-23,6.8,1030.1,0.0,5.8420000000000005,4.8
13225,2016-12-23,7.2,1030.1,0.0,6.2379999999999995,4.8
13226,2016-12-23,7.4,1030.7,0.0,6.54,4.8
13227,2016-12-23,7.3,1031.4,0.0,6.54,4.8
13228,2016-12-23,7.6,1031.4,18.0,7.0120000000000005,4.8
13229,2016-12-23,7.6,1031.8,37.0,6.82,4.8
13230,2016-12-23,7.3,1032.3,72.0,6.604,4.8
13231,2016-12-23,6.6,1033.4,149.0,6.245,4.8
13232,2016-12-23,5.7,1034.3,95.0,5.622999999999999,4.8
13233,2016-12-23,3.9,1035.4,72.0,3.821,4.8
13234,2016-12-23,1.8,1035.3,47.0,1.73,4.8
13235,2016-12-23,1.2,1034.8,5.0,1.13,4.8
13236,2016-12-23,0.5,1034.9,0.0,0.452,4.8
13237,2016-12-23,0.9,1034.6,0.0,0.758,4.8
13238,2016-12-23,0.4,1034.6,0.0,0.248,4.8
13239,2016-12-23,1.0,1034.7,0.0,0.86,4.8
13240,2016-12-23,1.6,1034.8,0.0,1.46,4.8
13241,2016-12-23,2.6,1034.5,0.0,2.46,4.8
13242,2016-12-23,3.1,1034.4,0.0,2.958,4.8
13243,2016-12-23,3.4,1033.9,0.0,3.252,4.8
13244,2016-12-25,7.4,1031.8,0.0,6.712000000000001,6.1
13245,2016-12-24,7.4,1032.1,0.0,6.797999999999999,6.1
13246,2016-12-24,7.4,1032.3,0.0,6.797999999999999,6.1
13247,2016-12-24,7.4,1032.0,0.0,6.797999999999999,6.1
13248,2016-12-24,7.5,1032.3,0.0,6.905,6.1
13249,2016-12-24,7.4,1032.2,0.0,6.797999999999999,6.1
13250,2016-12-24,7.7,1032.0,0.0,7.0360000000000005,6.1
13251,2016-12-24,8.3,1031.9,0.0,7.416,6.1
13252,2016-12-24,8.9,1031.6,35.0,7.956,6.1
13253,2016-12-24,9.3,1031.3,100.0,8.221,6.1
13254,2016-12-24,9.0,1031.5,118.0,8.28,6.1
13255,2016-12-24,8.6,1031.9,163.0,8.04,6.1
13256,2016-12-24,8.2,1032.2,153.0,7.72,6.1
13257,2016-12-24,7.7,1031.8,132.0,7.285,6.1
13258,2016-12-24,7.0,1031.5,88.0,6.73,6.1
13259,2016-12-24,6.9,1030.5,12.0,6.632999999999999,6.1
13260,2016-12-24,7.5,1029.6,0.0,7.16,6.1
13261,2016-12-24,8.1,1030.0,0.0,7.78,6.1
13262,2016-12-24,8.3,1029.0,0.0,8.06,6.1
13263,2016-12-24,8.2,1028.9,0.0,7.96,6.1
13264,2016-12-24,7.9,1028.9,0.0,7.657,6.1
13265,2016-12-24,7.6,1028.4,0.0,7.4510000000000005,6.1
13266,2016-12-24,7.2,1028.3,0.0,6.848,6.1
13267,2016-12-24,6.7,1028.5,0.0,6.265,6.1
13268,2016-12-26,10.2,1028.7,0.0,9.71,4.7
13269,2016-12-25,10.5,1028.8,0.0,9.835,4.7
13270,2016-12-25,10.4,1029.0,0.0,9.632,4.7
13271,2016-12-25,10.6,1029.1,0.0,9.66,4.7
13272,2016-12-25,10.4,1029.5,0.0,9.356,4.7
13273,2016-12-25,10.4,1029.4,0.0,9.427,4.7
13274,2016-12-25,10.6,1029.4,0.0,9.66,4.7
13275,2016-12-25,10.6,1029.1,0.0,9.488,4.7
13276,2016-12-25,10.4,1029.3,30.0,9.187999999999999,4.7
13277,2016-12-25,10.7,1029.2,100.0,9.422,4.7
13278,2016-12-25,10.5,1029.5,105.0,9.295,4.7
13279,2016-12-25,10.1,1030.1,107.0,8.867,4.7
13280,2016-12-25,9.4,1030.7,84.0,8.446,4.7
13281,2016-12-25,8.7,1030.9,67.0,7.9,4.7
13282,2016-12-25,8.2,1030.7,23.0,7.4,4.7
13283,2016-12-25,8.1,1030.2,5.0,7.212000000000001,4.7
13284,2016-12-25,7.7,1029.8,0.0,6.87,4.7
13285,2016-12-25,7.8,1030.0,0.0,6.892,4.7
13286,2016-12-25,7.6,1030.4,0.0,6.76,4.7
13287,2016-12-25,7.6,1031.2,0.0,6.843999999999999,4.7
13288,2016-12-25,7.3,1030.8,0.0,6.604,4.7
13289,2016-12-25,7.4,1030.8,0.0,6.712000000000001,4.7
13290,2016-12-25,7.6,1031.1,0.0,6.843999999999999,4.7
13291,2016-12-25,7.6,1031.5,0.0,6.928,4.7
13292,2016-12-27,3.8,1039.4,0.0,2.952,8.6
13293,2016-12-26,5.1,1038.5,0.0,4.207,8.6
13294,2016-12-26,5.7,1038.1,0.0,4.595,8.6
13295,2016-12-26,6.7,1037.7,0.0,5.1370000000000005,8.6
13296,2016-12-26,7.4,1037.3,0.0,5.544,8.6
13297,2016-12-26,7.8,1036.5,0.0,5.928,8.6
13298,2016-12-26,8.3,1036.0,0.0,6.48,8.6
13299,2016-12-26,9.1,1034.9,7.0,7.392,8.6
13300,2016-12-26,9.8,1034.3,37.0,7.65,8.6
13301,2016-12-26,10.0,1033.6,54.0,7.88,8.6
13302,2016-12-26,10.4,1033.0,271.0,8.516,8.6
13303,2016-12-26,9.8,1032.7,158.0,8.684,8.6
13304,2016-12-26,9.2,1032.2,144.0,8.78,8.6
13305,2016-12-26,10.5,1031.4,58.0,10.025,8.6
13306,2016-12-26,10.2,1030.2,100.0,9.808,8.6
13307,2016-12-26,10.0,1029.5,9.0,9.6,8.6
13308,2016-12-26,10.1,1029.1,0.0,9.802999999999999,8.6
13309,2016-12-26,10.0,1028.7,0.0,9.7,8.6
13310,2016-12-26,9.9,1028.1,0.0,9.7,8.6
13311,2016-12-26,10.0,1028.3,0.0,9.7,8.6
13312,2016-12-26,10.2,1028.4,0.0,9.808,8.6
13313,2016-12-26,10.2,1028.5,0.0,9.718,8.6
13314,2016-12-26,10.4,1028.3,0.0,9.824,8.6
13315,2016-12-26,10.3,1028.4,0.0,9.718,8.6
13316,2016-12-28,3.2,1043.5,0.0,2.418,8.95
13317,2016-12-27,3.6,1043.7,0.0,2.7739999999999996,8.95
13318,2016-12-27,3.5,1044.0,0.0,2.685,8.95
13319,2016-12-27,3.4,1043.7,0.0,2.596,8.95
13320,2016-12-27,4.1,1043.8,0.0,3.216,8.95
13321,2016-12-27,4.4,1043.5,0.0,3.2439999999999998,8.95
13322,2016-12-27,4.8,1043.1,0.0,3.702,8.95
13323,2016-12-27,6.0,1042.7,0.0,4.36,8.95
13324,2016-12-27,7.0,1042.1,84.0,4.824,8.95
13325,2016-12-27,8.2,1041.9,130.0,5.52,8.95
13326,2016-12-27,8.2,1042.3,237.0,5.7,8.95
13327,2016-12-27,7.9,1042.8,308.0,5.496,8.95
13328,2016-12-27,6.6,1043.2,35.0,4.91,8.95
13329,2016-12-27,4.2,1043.1,32.0,3.42,8.95
13330,2016-12-27,2.5,1042.4,28.0,2.15,8.95
13331,2016-12-27,1.2,1041.4,18.0,0.92,8.95
13332,2016-12-27,1.0,1041.1,0.0,0.79,8.95
13333,2016-12-27,0.6,1040.1,0.0,0.304,8.95
13334,2016-12-27,0.7,1040.0,0.0,0.335,8.95
13335,2016-12-27,1.6,1040.5,0.0,1.18,8.95
13336,2016-12-27,2.5,1040.3,0.0,2.01,8.95
13337,2016-12-27,3.0,1040.1,0.0,2.44,8.95
13338,2016-12-27,3.4,1039.6,0.0,2.8080000000000003,8.95
13339,2016-12-27,3.7,1039.7,0.0,3.0069999999999997,8.95
13340,2018-04-24,19.3,1013.0,72.0,13.892000000000001,17.9
13341,2018-04-24,20.6,1013.4,269.0,14.44,17.9
13342,2018-04-24,20.1,1014.4,406.0,14.04,17.9
13343,2018-04-24,20.9,1015.4,584.0,14.34,17.9
13344,2018-04-24,21.4,1016.3,652.0,14.716,17.9
13345,2018-04-24,20.9,1016.8,780.0,14.068,17.9
13346,2018-04-24,18.3,1017.7,889.0,12.98,17.9
13347,2018-04-24,18.4,1018.3,840.0,13.11,17.9
13348,2018-03-03,3.8,992.6,0.0,2.27,-2.2
13349,2018-03-02,4.5,993.0,0.0,2.96,-2.2
13350,2018-03-02,4.6,993.1,0.0,3.08,-2.2
13351,2018-03-02,4.9,992.9,0.0,3.44,-2.2
13352,2018-03-02,6.5,992.4,0.0,4.41,-2.2
13353,2018-03-02,7.2,991.9,0.0,4.688,-2.2
13354,2018-03-02,9.4,991.1,63.0,6.44,-2.2
13355,2016-12-29,2.6,1038.3,0.0,1.6,0.0
13356,2016-12-28,2.3,1041.9,0.0,1.48,5.95
13357,2016-12-28,2.5,1041.5,0.0,1.68,5.95
13358,2016-12-28,2.9,1041.8,0.0,2.08,5.95
13359,2016-12-28,2.3,1041.9,0.0,1.54,5.95
13360,2016-12-28,2.8,1042.3,0.0,2.04,5.95
13361,2016-12-28,3.0,1042.5,0.0,2.18,5.95
13362,2016-12-28,2.7,1042.4,0.0,1.94,5.95
13363,2016-12-28,2.7,1043.1,0.0,2.07,5.95
13364,2016-12-30,-1.6,1037.0,0.0,-1.7080000000000002,4.5
13365,2016-12-29,-1.2,1036.8,0.0,-1.374,4.5
13366,2016-12-29,-0.9,1036.8,0.0,-1.0859999999999999,4.5
13367,2016-12-29,-0.9,1036.7,0.0,-1.0859999999999999,4.5
13368,2016-12-29,-0.8,1036.7,0.0,-1.056,4.5
13369,2016-12-29,-0.4,1036.4,0.0,-0.688,4.5
13370,2016-12-29,0.0,1036.1,0.0,-0.48,4.5
13371,2016-12-29,1.4,1035.7,7.0,0.7,4.5
13372,2016-12-29,3.2,1035.5,76.0,2.17,4.5
13373,2016-12-29,4.4,1035.5,193.0,2.91,4.5
13374,2016-12-29,3.3,1035.7,209.0,2.318,4.5
13375,2016-12-29,1.3,1036.4,281.0,0.81,4.5
13376,2016-12-29,1.7,1037.2,139.0,1.21,4.5
13377,2016-12-29,0.7,1037.3,67.0,0.262,4.5
13378,2016-12-29,-0.2,1037.1,35.0,-0.6559999999999999,4.5
13379,2016-12-29,-0.4,1036.8,7.0,-0.76,4.5
13380,2016-12-29,-0.7,1037.0,0.0,-1.0959999999999999,4.5
13381,2016-12-29,-0.3,1037.3,0.0,-0.818,4.5
13382,2016-12-29,-0.5,1037.2,0.0,-0.99,4.5
13383,2016-12-29,-0.2,1037.3,0.0,-0.6559999999999999,4.5
13384,2016-12-29,0.3,1037.6,0.0,-0.39299999999999996,4.5
13385,2016-12-29,0.9,1038.0,0.0,0.19,4.5
13386,2016-12-29,1.8,1037.6,0.0,0.9840000000000001,4.5
13387,2016-12-29,2.4,1037.9,0.0,1.4,4.5
13388,2016-12-31,-3.3,1036.0,0.0,-3.45,3.2
13389,2016-12-30,-2.9,1036.2,0.0,-3.05,3.2
13390,2016-12-30,-3.0,1036.5,0.0,-3.15,3.2
13391,2016-12-30,-2.1,1036.6,0.0,-2.2,3.2
13392,2016-12-30,-2.3,1036.6,0.0,-2.45,3.2
13393,2016-12-30,-2.5,1036.5,0.0,-2.65,3.2
13394,2016-12-30,-2.3,1036.4,0.0,-2.5,3.2
13395,2016-12-30,-1.6,1036.4,0.0,-1.7080000000000002,3.2
13396,2016-12-30,-1.2,1036.4,33.0,-1.3159999999999998,3.2
13397,2016-12-30,-1.6,1036.3,69.0,-1.7619999999999998,3.2
13398,2016-12-30,-1.4,1036.6,132.0,-1.5119999999999998,3.2
13399,2016-12-30,-1.2,1036.9,114.0,-1.3159999999999998,3.2
13400,2016-12-30,-2.1,1037.5,118.0,-2.2,3.2
13401,2016-12-30,-2.6,1037.6,113.0,-2.75,3.2
13402,2016-12-30,-2.9,1037.7,51.0,-3.05,3.2
13403,2016-12-30,-2.9,1037.7,7.0,-3.05,3.2
13404,2016-12-30,-2.2,1037.4,0.0,-2.35,3.2
13405,2016-12-30,-1.9,1037.3,0.0,-2.053,3.2
13406,2016-12-30,-2.4,1036.7,0.0,-2.55,3.2
13407,2016-12-30,-1.8,1036.6,0.0,-1.859,3.2
13408,2016-12-30,-1.8,1036.7,0.0,-1.956,3.2
13409,2016-12-30,-1.9,1036.7,0.0,-2.053,3.2
13410,2016-12-30,-1.4,1036.7,0.0,-1.5119999999999998,3.2
13411,2016-12-30,-1.6,1037.0,0.0,-1.7619999999999998,3.2
13412,2018-03-02,1.2,988.3,0.0,-0.7559999999999999,-3.8
13413,2018-03-01,1.2,988.6,0.0,-0.731,-3.8
13414,2018-03-01,1.6,989.3,0.0,-0.38799999999999996,-3.8
13415,2018-03-01,1.7,990.0,0.0,-0.29600000000000004,-3.8
13416,2018-03-01,1.8,990.3,0.0,-0.08,-3.8
13417,2018-03-01,1.9,990.3,0.0,0.19,-3.8
13418,2018-03-01,2.0,990.9,12.0,0.46,-3.8
13419,2018-03-01,2.2,991.1,56.0,0.652,-3.8
13420,2018-03-01,2.1,991.6,130.0,0.556,-3.8
13421,2018-03-01,1.9,992.4,202.0,0.37,-3.8
13422,2018-03-01,1.2,993.5,287.0,-0.2,-3.8
13423,2018-03-01,0.2,994.0,178.0,-1.0,-3.8
13424,2018-03-01,-0.6,995.1,199.0,-1.7380000000000002,-3.8
13425,2018-03-01,-1.7,995.5,193.0,-2.495,-3.8
13426,2018-03-01,-2.4,996.0,109.0,-3.1,-3.8
13427,2018-03-01,-3.0,996.4,44.0,-3.7,-3.8
13428,2018-03-01,-3.4,996.7,19.0,-4.0,-3.8
13429,2018-03-01,-3.5,997.2,0.0,-4.15,-3.8
13430,2018-03-01,-3.9,997.5,0.0,-4.5,-3.8
13431,2018-03-01,-4.0,998.0,0.0,-4.6,-3.8
13432,2018-03-01,-3.8,998.7,0.0,-4.45,-3.8
13433,2018-03-01,-2.9,999.6,0.0,-4.002,-3.8
13434,2018-03-01,-2.7,1000.4,0.0,-4.177,-3.8
13435,2017-01-01,-3.4,1027.7,0.0,-3.65,0.0
13436,2017-01-02,0.7,1021.2,0.0,0.48100000000000004,-0.8
13437,2017-01-01,0.6,1021.0,0.0,0.37799999999999995,-0.8
13438,2017-01-01,0.3,1021.0,0.0,0.069,-0.8
13439,2017-01-01,0.1,1020.6,0.0,-0.13699999999999998,-0.8
13440,2017-01-01,0.0,1020.4,0.0,-0.24,-0.8
13441,2017-01-01,0.0,1020.2,0.0,-0.24,-0.8
13442,2017-01-01,0.0,1019.9,0.0,-0.24,-0.8
13443,2017-01-01,0.1,1019.6,0.0,-0.13699999999999998,-0.8
13444,2017-01-01,0.2,1019.5,28.0,-0.11199999999999999,-0.8
13445,2017-01-01,-0.5,1020.0,63.0,-0.78,-0.8
13446,2017-01-01,0.1,1019.9,98.0,-0.21600000000000003,-0.8
13447,2017-01-01,-0.5,1020.6,69.0,-0.71,-0.8
13448,2017-01-01,-1.2,1021.4,62.0,-1.374,-0.8
13449,2017-01-01,-1.8,1021.8,49.0,-1.956,-0.8
13450,2017-01-01,-2.6,1022.0,28.0,-2.8,-0.8
13451,2017-01-01,-3.2,1022.4,0.0,-3.35,-0.8
13452,2017-01-01,-3.9,1022.7,0.0,-4.1,-0.8
13453,2017-01-01,-3.9,1023.2,0.0,-4.1,-0.8
13454,2017-01-01,-3.9,1023.6,0.0,-4.1,-0.8
13455,2017-01-01,-3.7,1024.5,0.0,-3.85,-0.8
13456,2017-01-01,-3.5,1025.2,0.0,-3.65,-0.8
13457,2017-01-01,-3.6,1025.8,0.0,-3.75,-0.8
13458,2017-01-01,-3.4,1026.6,0.0,-3.55,-0.8
13459,2017-01-01,-3.3,1027.3,0.0,-3.45,-0.8
13460,2018-03-01,-2.5,1000.8,0.0,-4.215,-3.8
13461,2018-03-01,-2.8,1001.6,0.0,-4.216,-3.3
13462,2018-02-28,-2.3,1002.7,0.0,-4.212,-3.3
13463,2018-02-28,-1.7,1003.2,0.0,-4.46,-3.3
13464,2018-02-28,-1.8,1003.9,0.0,-4.64,-3.3
13465,2018-02-28,-1.7,1004.7,0.0,-4.61,-3.3
13466,2018-02-28,-1.7,1004.9,0.0,-4.61,-3.3
13467,2018-02-28,-1.6,1005.8,26.0,-4.53,-3.3
13468,2017-04-02,11.2,1013.2,0.0,9.032,14.45
13469,2017-04-01,12.1,1012.9,0.0,9.391,14.45
13470,2017-04-01,12.3,1012.6,0.0,9.218,14.45
13471,2017-04-01,13.3,1011.8,0.0,9.7,14.45
13472,2017-04-01,15.3,1011.1,12.0,10.23,14.45
13473,2017-04-01,16.3,1010.6,54.0,10.466,14.45
13474,2017-04-01,16.8,1010.3,330.0,10.48,14.45
13475,2017-04-01,15.8,1010.5,204.0,10.8,14.45
13476,2017-04-01,16.7,1010.6,754.0,11.26,14.45
13477,2017-04-01,16.2,1010.7,441.0,10.684000000000001,14.45
13478,2017-01-03,1.4,1028.7,0.0,1.26,0.0
13479,2017-01-02,1.3,1021.2,0.0,1.09,-1.5
13480,2017-01-02,1.3,1021.2,0.0,1.02,-1.5
13481,2017-01-02,1.3,1021.4,0.0,1.02,-1.5
13482,2017-01-02,1.1,1021.2,0.0,0.89,-1.5
13483,2017-01-02,0.8,1021.2,0.0,0.584,-1.5
13484,2017-01-04,0.0,1026.7,0.0,-0.08,1.2
13485,2017-01-03,0.0,1027.4,0.0,-0.08,1.2
13486,2017-01-03,0.0,1028.2,0.0,-0.08,1.2
13487,2017-01-03,-0.1,1028.2,0.0,-0.17800000000000002,1.2
13488,2017-01-03,0.1,1028.6,0.0,0.021,1.2
13489,2017-01-03,0.1,1028.6,0.0,0.021,1.2
13490,2017-01-03,0.1,1028.7,0.0,0.021,1.2
13491,2017-01-03,0.6,1028.7,5.0,0.526,1.2
13492,2017-01-03,0.9,1028.9,37.0,0.8290000000000001,1.2
13493,2017-01-03,1.0,1028.7,62.0,0.8290000000000001,1.2
13494,2017-01-03,0.6,1029.1,113.0,0.526,1.2
13495,2017-01-03,0.3,1029.6,132.0,0.324,1.2
13496,2017-01-03,0.0,1030.2,95.0,-0.08,1.2
13497,2017-01-03,0.1,1030.4,91.0,0.021,1.2
13498,2017-01-03,-0.1,1029.9,40.0,-0.17800000000000002,1.2
13499,2017-01-03,0.4,1029.9,5.0,0.324,1.2
13500,2017-01-03,0.3,1029.4,0.0,0.223,1.2
13501,2017-01-03,0.6,1029.5,0.0,0.526,1.2
13502,2017-01-03,0.7,1029.3,0.0,0.627,1.2
13503,2017-01-03,0.7,1029.1,0.0,0.627,1.2
13504,2017-01-03,0.6,1029.1,0.0,0.452,1.2
13505,2017-01-03,0.7,1029.1,0.0,0.6559999999999999,1.2
13506,2017-01-03,1.0,1028.6,0.0,0.86,1.2
13507,2017-01-03,1.3,1028.7,0.0,1.16,1.2
13508,2017-01-05,2.6,1026.5,0.0,1.9,1.0
13509,2017-01-04,3.0,1026.1,0.0,2.37,1.0
13510,2017-01-04,3.3,1025.7,0.0,2.716,1.0
13511,2017-01-04,4.2,1025.1,0.0,3.3960000000000004,1.0
13512,2017-01-04,4.7,1024.7,0.0,4.043,1.0
13513,2017-01-04,5.0,1023.7,0.0,4.65,1.0
13514,2017-01-04,5.6,1023.5,0.0,5.4479999999999995,1.0
13515,2017-01-04,5.2,1023.0,0.0,5.056,1.0
13516,2017-01-04,4.8,1022.5,23.0,4.584,1.0
13517,2017-01-04,4.6,1022.6,79.0,4.23,1.0
13518,2017-01-04,4.5,1022.5,62.0,3.792,1.0
13519,2017-01-04,4.4,1023.2,70.0,3.716,1.0
13520,2017-01-04,4.2,1023.4,70.0,3.498,1.0
13521,2017-01-04,3.2,1024.0,72.0,2.7680000000000002,1.0
13522,2017-01-04,2.4,1023.7,26.0,2.05,1.0
13523,2017-01-04,2.2,1023.4,0.0,1.85,1.0
13524,2017-01-04,1.8,1023.6,0.0,1.45,1.0
13525,2017-01-04,1.9,1023.2,0.0,1.55,1.0
13526,2017-01-04,1.7,1023.8,0.0,1.35,1.0
13527,2017-01-04,1.3,1024.6,0.0,1.02,1.0
13528,2017-01-04,0.9,1024.9,0.0,0.616,1.0
13529,2017-01-04,0.5,1025.6,0.0,0.172,1.0
13530,2017-01-04,0.0,1026.3,0.0,-0.16,1.0
13531,2017-01-04,-0.1,1026.4,0.0,-0.256,1.0
13532,2017-01-06,1.9,1036.5,0.0,0.905,2.6
13533,2017-01-05,2.1,1036.1,0.0,1.68,2.6
13534,2017-01-05,2.1,1035.3,0.0,1.75,2.6
13535,2017-01-05,2.3,1034.7,0.0,1.88,2.6
13536,2017-01-05,2.6,1034.1,0.0,2.11,2.6
13537,2017-01-05,3.3,1033.6,0.0,2.6430000000000002,2.6
13538,2017-01-05,3.6,1033.0,0.0,2.7739999999999996,2.6
13539,2017-01-05,4.5,1032.7,14.0,3.555,2.6
13540,2017-01-05,5.4,1032.3,35.0,4.23,2.6
13541,2017-01-05,5.1,1031.6,190.0,4.146,2.6
13542,2017-01-05,5.0,1031.5,130.0,4.06,2.6
13543,2017-01-05,4.5,1031.3,163.0,3.685,2.6
13544,2017-01-05,3.7,1031.5,139.0,2.992,2.6
13545,2017-01-05,2.5,1031.1,56.0,2.08,2.6
13546,2017-01-05,1.6,1030.7,63.0,1.25,2.6
13547,2017-01-05,1.0,1030.1,9.0,0.72,2.6
13548,2017-01-05,1.1,1029.4,0.0,0.75,2.6
13549,2017-01-05,1.1,1028.8,0.0,0.75,2.6
13550,2017-01-05,1.0,1028.6,0.0,0.65,2.6
13551,2017-01-05,1.3,1028.4,0.0,0.88,2.6
13552,2017-01-05,1.4,1027.9,0.0,0.98,2.6
13553,2017-01-05,1.4,1027.7,0.0,0.91,2.6
13554,2017-01-05,1.6,1027.1,0.0,1.04,2.6
13555,2017-01-05,2.3,1026.8,0.0,1.6,2.6
13556,2017-01-07,-3.3,1037.1,0.0,-4.0,2.8
13557,2017-01-06,-3.1,1037.4,0.0,-3.75,2.8
13558,2017-01-06,-2.4,1037.3,0.0,-3.2,2.8
13559,2017-01-06,-1.7,1037.3,0.0,-2.654,2.8
13560,2017-01-06,-1.4,1037.4,0.0,-2.464,2.8
13561,2017-01-06,-1.3,1037.4,0.0,-2.44,2.8
13562,2017-01-06,-0.3,1037.4,0.0,-2.271,2.8
13563,2017-01-06,0.7,1037.1,9.0,-1.38,2.8
13564,2017-01-06,3.0,1037.1,100.0,0.441,2.8
13565,2017-01-06,3.1,1037.0,229.0,0.512,2.8
13566,2017-01-06,1.7,1037.7,100.0,-0.29600000000000004,2.8
13567,2017-01-06,1.1,1038.1,343.0,-0.6,2.8
13568,2017-01-06,1.3,1038.2,53.0,-0.17,2.8
13569,2017-01-06,1.2,1038.4,46.0,-0.29,2.8
13570,2017-01-06,-0.8,1038.7,39.0,-1.8319999999999999,2.8
13571,2017-01-06,-2.4,1038.2,30.0,-3.0,2.8
13572,2017-01-06,-2.2,1037.7,0.0,-2.85,2.8
13573,2017-01-06,-1.9,1037.4,0.0,-2.614,2.8
13574,2017-01-06,-0.9,1037.3,0.0,-1.868,2.8
13575,2017-01-06,-0.8,1036.8,0.0,-1.72,2.8
13576,2017-01-06,-0.3,1036.6,0.0,-1.3619999999999999,2.8
13577,2017-01-06,0.0,1036.5,0.0,-1.04,2.8
13578,2017-01-06,0.5,1036.1,0.0,-0.52,2.8
13579,2017-01-06,1.1,1036.3,0.0,0.196,2.8
13580,2017-01-08,3.2,1032.0,0.0,3.056,2.1
13581,2017-01-07,2.3,1032.2,0.0,2.16,2.1
13582,2017-01-07,1.6,1032.4,0.0,1.46,2.1
13583,2017-01-07,1.3,1032.3,0.0,1.09,2.1
13584,2017-01-07,1.1,1032.2,0.0,0.89,2.1
13585,2017-01-07,1.1,1032.2,0.0,0.89,2.1
13586,2017-01-07,0.9,1032.3,0.0,0.616,2.1
13587,2017-01-07,1.0,1032.5,0.0,0.72,2.1
13588,2017-01-07,0.8,1032.6,18.0,0.44,2.1
13589,2017-01-07,0.6,1032.6,51.0,0.156,2.1
13590,2017-01-07,0.3,1033.2,51.0,-0.316,2.1
13591,2017-01-07,0.4,1034.0,67.0,-0.624,2.1
13592,2017-01-07,0.5,1034.3,83.0,-1.51,2.1
13593,2017-01-07,0.0,1034.7,69.0,-1.5,2.1
13594,2017-01-07,-0.9,1035.2,28.0,-2.1,2.1
13595,2017-01-07,-1.6,1035.3,7.0,-2.572,2.1
13596,2017-01-07,-1.9,1035.2,0.0,-2.767,2.1
13597,2017-01-07,-2.0,1034.9,0.0,-2.9,2.1
13598,2017-01-07,-2.7,1035.4,0.0,-3.45,2.1
13599,2017-01-07,-3.2,1035.6,0.0,-3.9,2.1
13600,2017-01-07,-3.8,1035.6,0.0,-4.4,2.1
13601,2017-01-07,-3.3,1036.1,0.0,-4.1,2.1
13602,2017-01-07,-3.8,1036.1,0.0,-4.25,2.1
13603,2017-01-07,-3.6,1036.5,0.0,-4.25,2.1
13604,2017-01-09,5.5,1030.8,0.0,5.35,-0.1
13605,2017-01-08,5.5,1031.0,0.0,5.35,-0.1
13606,2017-01-08,5.9,1031.0,0.0,5.742000000000001,-0.1
13607,2017-01-08,6.3,1031.2,0.0,6.1339999999999995,-0.1
13608,2017-01-08,6.5,1031.3,0.0,6.245,-0.1
13609,2017-01-08,6.8,1031.5,0.0,6.5360000000000005,-0.1
13610,2017-01-08,6.9,1031.8,0.0,6.632999999999999,-0.1
13611,2017-01-08,7.2,1031.6,0.0,6.952000000000001,-0.1
13612,2017-01-08,7.4,1031.6,26.0,7.056,-0.1
13613,2017-01-08,7.3,1031.4,105.0,7.126,-0.1
13614,2017-01-08,6.8,1031.6,229.0,6.712000000000001,-0.1
13615,2017-01-08,6.4,1032.2,121.0,6.316,-0.1
13616,2017-01-08,5.9,1032.7,95.0,5.821000000000001,-0.1
13617,2017-01-08,5.7,1032.7,44.0,5.622999999999999,-0.1
13618,2017-01-08,4.9,1032.6,26.0,4.829,-0.1
13619,2017-01-08,4.5,1032.4,9.0,4.425,-0.1
13620,2017-01-08,4.4,1032.0,0.0,4.324,-0.1
13621,2017-01-08,4.8,1031.5,0.0,4.627,-0.1
13622,2017-01-08,4.4,1031.6,0.0,4.324,-0.1
13623,2017-01-08,4.3,1031.4,0.0,4.223,-0.1
13624,2017-01-08,4.2,1031.6,0.0,4.044,-0.1
13625,2017-01-08,4.0,1031.7,0.0,3.821,-0.1
13626,2017-01-08,3.9,1031.5,0.0,3.742,-0.1
13627,2017-01-08,3.6,1031.9,0.0,3.448,-0.1
13628,2017-01-10,7.7,1011.7,0.0,7.348,1.85
13629,2017-01-09,7.3,1013.2,0.0,6.952000000000001,1.85
13630,2017-01-09,7.7,1014.7,0.0,7.472,1.85
13631,2017-01-09,7.4,1016.4,0.0,7.056,1.85
13632,2017-01-09,7.5,1017.4,0.0,7.075,1.85
13633,2017-01-09,7.9,1018.9,0.0,7.495,1.85
13634,2017-01-09,8.1,1019.7,0.0,7.72,1.85
13635,2017-01-09,8.1,1020.6,0.0,7.7,1.85
13636,2017-01-09,8.3,1021.5,16.0,7.9,1.85
13637,2017-01-09,8.1,1022.3,42.0,7.78,1.85
13638,2017-01-09,7.6,1023.5,90.0,7.348,1.85
13639,2017-01-09,7.6,1024.3,91.0,7.432,1.85
13640,2017-01-09,6.9,1025.5,107.0,6.811,1.85
13641,2017-01-09,6.2,1026.0,63.0,6.117999999999999,1.85
13642,2017-01-09,5.8,1026.4,37.0,5.722,1.85
13643,2017-01-09,5.6,1027.0,0.0,5.524,1.85
13644,2017-01-09,5.7,1027.0,0.0,5.622999999999999,1.85
13645,2017-01-09,5.8,1027.3,0.0,5.821000000000001,1.85
13646,2017-01-09,5.7,1028.0,0.0,5.622999999999999,1.85
13647,2017-01-09,6.0,1028.3,0.0,5.92,1.85
13648,2017-01-09,5.5,1029.1,0.0,5.425,1.85
13649,2017-01-09,5.5,1029.3,0.0,5.3260000000000005,1.85
13650,2017-01-09,5.6,1029.9,0.0,5.524,1.85
13651,2017-01-09,5.4,1030.5,0.0,5.252000000000001,1.85
13652,2017-01-11,5.8,1014.8,0.0,5.41,5.9
13653,2017-01-10,5.8,1014.5,0.0,5.41,5.9
13654,2017-01-10,6.0,1014.5,0.0,5.6,5.9
13655,2017-01-10,6.1,1014.2,0.0,5.614,5.9
13656,2017-01-10,6.3,1014.0,0.0,5.718999999999999,5.9
13657,2017-01-10,6.6,1013.5,0.0,5.8260000000000005,5.9
13658,2017-01-10,6.8,1013.1,0.0,5.763999999999999,5.9
13659,2017-01-10,6.9,1012.3,11.0,5.852,5.9
13660,2017-01-10,7.1,1011.7,16.0,6.2989999999999995,5.9
13661,2017-01-10,7.3,1010.8,88.0,6.181,5.9
13662,2017-01-10,6.9,1010.9,49.0,6.01,5.9
13663,2017-01-10,6.6,1011.3,107.0,5.8260000000000005,5.9
13664,2017-01-10,6.0,1011.4,121.0,5.44,5.9
13665,2017-01-10,5.2,1011.6,113.0,4.84,5.9
13666,2017-01-10,4.6,1011.1,25.0,4.23,5.9
13667,2017-01-10,4.6,1010.3,9.0,4.303999999999999,5.9
13668,2017-01-10,4.6,1010.2,0.0,4.303999999999999,5.9
13669,2017-01-10,4.9,1010.4,0.0,4.6160000000000005,5.9
13670,2017-01-10,4.6,1010.4,0.0,4.303999999999999,5.9
13671,2017-01-10,4.8,1010.6,0.0,4.584,5.9
13672,2017-01-10,5.2,1010.9,0.0,4.912,5.9
13673,2017-01-10,5.4,1011.3,0.0,4.956,5.9
13674,2017-01-10,6.3,1011.5,0.0,5.718999999999999,5.9
13675,2017-01-10,6.1,1012.1,0.0,5.872000000000001,5.9
13676,2017-01-12,6.9,1017.3,0.0,5.377999999999999,6.5
13677,2017-01-11,7.4,1016.9,0.0,5.784,6.5
13678,2017-01-11,7.3,1016.3,0.0,6.181,6.5
13679,2017-01-11,7.4,1015.8,0.0,6.12,6.5
13680,2017-01-11,7.7,1015.1,0.0,6.452000000000001,6.5
13681,2017-01-11,8.4,1014.5,0.0,7.108,6.5
13682,2017-01-11,8.9,1013.7,0.0,7.596,6.5
13683,2017-01-11,10.2,1012.8,7.0,8.417,6.5
13684,2017-01-11,10.4,1012.3,39.0,9.02,6.5
13685,2017-01-11,10.2,1011.4,67.0,9.416,6.5
13686,2017-01-11,9.7,1011.6,44.0,9.418,6.5
13687,2017-01-11,9.3,1011.6,86.0,9.042,6.5
13688,2017-01-11,8.1,1012.1,53.0,7.96,6.5
13689,2017-01-11,7.4,1012.6,72.0,7.142,6.5
13690,2017-01-11,7.2,1012.6,23.0,6.848,6.5
13691,2017-01-11,6.7,1012.8,0.0,6.439,6.5
13692,2017-01-11,6.2,1012.7,0.0,5.954,6.5
13693,2017-01-11,6.2,1012.8,0.0,5.776,6.5
13694,2017-01-11,5.6,1012.8,0.0,5.144,6.5
13695,2017-01-11,5.2,1013.4,0.0,4.84,6.5
13696,2017-01-11,4.7,1014.2,0.0,4.408,6.5
13697,2017-01-11,4.8,1014.4,0.0,4.512,6.5
13698,2017-01-11,5.5,1014.7,0.0,5.2,6.5
13699,2017-01-11,5.8,1014.6,0.0,5.4879999999999995,6.5
13700,2017-01-13,5.2,996.9,0.0,4.046,7.45
13701,2017-01-12,5.2,996.9,0.0,4.046,7.45
13702,2017-01-12,5.3,995.8,0.0,4.066,7.45
13703,2017-01-12,6.5,994.0,0.0,4.975,7.45
13704,2017-01-12,7.4,993.0,0.0,5.885,7.45
13705,2017-01-12,8.2,993.1,0.0,7.66,7.45
13706,2017-01-12,8.2,995.8,0.0,7.38,7.45
13707,2017-01-12,7.1,999.6,5.0,6.477,7.45
13708,2017-01-12,7.4,1002.3,14.0,6.712000000000001,7.45
13709,2017-01-12,7.8,1005.2,23.0,7.062,7.45
13710,2017-01-12,7.4,1008.0,46.0,6.712000000000001,7.45
13711,2017-01-12,7.2,1010.4,60.0,6.566,7.45
13712,2017-01-12,7.1,1012.3,107.0,6.477,7.45
13713,2017-01-12,6.3,1014.3,79.0,5.718999999999999,7.45
13714,2017-01-12,5.9,1015.1,21.0,5.268,7.45
13715,2017-01-12,5.9,1015.4,5.0,5.041,7.45
13716,2017-01-12,5.9,1016.0,0.0,4.834,7.45
13717,2017-01-12,5.8,1016.4,0.0,4.748,7.45
13718,2017-01-12,5.8,1016.7,0.0,4.748,7.45
13719,2017-01-12,5.8,1017.4,0.0,4.748,7.45
13720,2017-01-12,5.9,1017.8,0.0,4.696000000000001,7.45
13721,2017-01-12,6.3,1018.0,0.0,4.886,7.45
13722,2017-01-12,6.4,1017.9,0.0,5.042,7.45
13723,2017-01-12,6.7,1017.9,0.0,5.2139999999999995,7.45
13724,2017-01-14,3.2,1014.7,0.0,2.48,6.55
13725,2017-01-13,3.7,1014.1,0.0,2.7960000000000003,6.55
13726,2017-01-13,4.0,1013.5,0.0,2.85,6.55
13727,2017-01-13,3.9,1013.2,0.0,2.903,6.55
13728,2017-01-13,3.2,1012.6,0.0,2.552,6.55
13729,2017-01-13,3.3,1012.2,0.0,2.6430000000000002,6.55
13730,2017-01-13,0.0,0.0,32767.0,0.0,6.55
13731,2017-01-13,5.2,996.9,0.0,4.046,6.55
13732,2017-01-13,5.2,996.9,0.0,4.046,6.55
13733,2017-01-13,5.2,996.9,0.0,4.046,6.55
13734,2017-01-13,5.2,996.9,0.0,4.046,6.55
13735,2017-01-13,5.2,996.9,0.0,4.046,6.55
13736,2017-01-13,5.2,996.9,0.0,4.046,6.55
13737,2017-01-13,5.2,996.9,0.0,4.046,6.55
13738,2017-01-13,5.2,996.9,0.0,4.046,6.55
13739,2017-01-13,5.2,996.9,0.0,4.046,6.55
13740,2017-01-13,5.2,996.9,0.0,4.046,6.55
13741,2017-01-13,5.2,996.9,0.0,4.046,6.55
13742,2017-01-13,5.2,996.9,0.0,4.046,6.55
13743,2017-01-13,5.2,996.9,0.0,4.046,6.55
13744,2017-01-13,5.2,996.9,0.0,4.046,6.55
13745,2017-01-13,5.2,996.9,0.0,4.046,6.55
13746,2017-01-13,5.2,996.9,0.0,4.046,6.55
13747,2017-01-13,5.2,996.9,0.0,4.046,6.55
13748,2017-01-15,1.3,1021.4,0.0,0.92,5.2
13749,2017-01-14,1.5,1021.5,0.0,1.29,5.2
13750,2017-01-14,1.6,1021.1,0.0,1.39,5.2
13751,2017-01-14,1.8,1020.8,0.0,1.52,5.2
13752,2017-01-14,1.4,1018.0,0.0,0.5920000000000001,5.2
13753,2017-01-14,1.4,1018.0,0.0,0.5920000000000001,5.2
13754,2017-01-14,1.4,1018.0,0.0,0.5920000000000001,5.2
13755,2017-01-14,1.4,1018.0,0.0,0.5920000000000001,5.2
13756,2017-01-14,1.4,1018.0,0.0,0.5920000000000001,5.2
13757,2017-01-14,1.4,1018.0,0.0,0.5920000000000001,5.2
13758,2017-01-14,1.4,1018.0,0.0,0.5920000000000001,5.2
13759,2017-01-14,1.4,1018.0,0.0,0.5920000000000001,5.2
13760,2017-01-14,1.4,1018.0,0.0,0.5920000000000001,5.2
13761,2017-01-14,1.4,1018.0,0.0,0.5920000000000001,5.2
13762,2017-01-14,1.4,1018.0,0.0,0.5920000000000001,5.2
13763,2017-01-14,1.4,1018.0,0.0,0.5920000000000001,5.2
13764,2017-01-14,1.4,1018.0,0.0,0.5920000000000001,5.2
13765,2017-01-14,1.4,1018.0,0.0,0.5920000000000001,5.2
13766,2017-01-14,1.6,1017.8,0.0,0.732,5.2
13767,2017-01-14,1.8,1017.4,0.0,0.9840000000000001,5.2
13768,2017-01-14,2.3,1016.8,0.0,1.48,5.2
13769,2017-01-14,2.6,1016.3,0.0,1.9,5.2
13770,2017-01-14,2.5,1015.8,0.0,1.87,5.2
13771,2017-01-14,2.9,1015.2,0.0,2.2,5.2
13772,2017-01-16,1.8,1020.6,0.0,1.52,18.05
13773,2017-01-15,1.8,1020.4,0.0,1.62,18.05
13774,2017-01-15,1.9,1020.0,0.0,1.69,18.05
13775,2017-01-15,2.2,1020.2,0.0,1.85,18.05
13776,2017-01-15,1.7,1020.5,0.0,1.35,18.05
13777,2017-01-15,1.5,1020.9,0.0,1.15,18.05
13778,2017-01-15,1.2,1021.3,0.0,0.92,18.05
13779,2017-01-15,2.1,1021.7,0.0,1.75,18.05
13780,2017-01-15,2.8,1022.0,21.0,2.48,18.05
13781,2017-01-15,2.6,1022.7,46.0,2.25,18.05
13782,2017-01-15,2.3,1023.2,74.0,1.95,18.05
13783,2017-01-15,2.4,1023.6,141.0,1.91,18.05
13784,2017-01-15,3.2,1023.9,149.0,2.48,18.05
13785,2017-01-15,1.8,1023.9,74.0,1.45,18.05
13786,2017-01-15,1.5,1024.1,33.0,1.05,18.05
13787,2017-01-15,1.2,1023.8,7.0,0.92,18.05
13788,2017-01-15,1.1,1023.4,0.0,0.82,18.05
13789,2017-01-15,1.1,1023.1,0.0,0.82,18.05
13790,2017-01-15,0.9,1022.6,0.0,0.687,18.05
13791,2017-01-15,0.9,1022.8,0.0,0.616,18.05
13792,2017-01-15,0.8,1022.7,0.0,0.408,18.05
13793,2017-01-15,0.9,1022.5,0.0,0.616,18.05
13794,2017-01-15,0.8,1021.9,0.0,0.512,18.05
13795,2017-01-15,1.0,1021.9,0.0,0.75,18.05
13796,2017-01-17,2.8,1025.9,32.0,1.8,2.25
13797,2017-01-16,2.8,1025.9,32.0,1.8,2.25
13798,2017-01-16,2.8,1025.9,32.0,1.8,2.25
13799,2017-01-16,2.8,1025.9,32.0,1.8,2.25
13800,2017-01-16,2.8,1025.9,32.0,1.8,2.25
13801,2017-01-16,2.8,1025.9,32.0,1.8,2.25
13802,2017-01-16,2.8,1025.9,32.0,1.8,2.25
13803,2017-01-16,2.8,1025.9,32.0,1.8,2.25
13804,2017-01-16,2.8,1025.8,51.0,1.74,2.25
13805,2017-01-16,3.0,1025.9,111.0,2.12,2.25
13806,2017-01-16,3.2,1025.5,128.0,2.294,2.25
13807,2017-01-16,3.0,1025.7,105.0,2.12,2.25
13808,2017-01-16,3.0,1025.8,153.0,2.08,2.25
13809,2017-01-16,2.2,1025.8,120.0,1.78,2.25
13810,2017-01-16,1.8,1025.3,76.0,1.45,2.25
13811,2017-01-16,1.8,1024.8,18.0,1.45,2.25
13812,2017-01-16,1.9,1024.6,0.0,1.52,2.25
13813,2017-01-16,1.7,1023.9,0.0,1.49,2.25
13814,2017-01-16,1.6,1023.4,0.0,1.39,2.25
13815,2017-01-16,1.7,1022.7,0.0,1.56,2.25
13816,2017-01-16,1.8,1022.2,0.0,1.66,2.25
13817,2017-01-16,1.9,1022.0,0.0,1.76,2.25
13818,2017-01-16,1.7,1021.4,0.0,1.49,2.25
13819,2017-01-16,1.4,1020.6,0.0,1.12,2.25
13820,2017-01-18,-2.2,1034.2,0.0,-3.15,2.15
13821,2017-01-17,-2.1,1034.2,0.0,-2.95,2.15
13822,2017-01-17,-1.8,1034.4,0.0,-2.6839999999999997,2.15
13823,2017-01-17,-1.6,1034.2,0.0,-2.5180000000000002,2.15
13824,2017-01-17,-1.2,1034.2,0.0,-2.044,2.15
13825,2017-01-17,-1.3,1034.0,0.0,-2.269,2.15
13826,2017-01-17,-1.0,1033.5,0.0,-1.96,2.15
13827,2017-01-17,-0.4,1033.2,21.0,-1.6,2.15
13828,2017-01-17,-0.1,1033.0,132.0,-1.4769999999999999,2.15
13829,2017-01-17,0.3,1032.9,255.0,-0.96,2.15
13830,2017-01-17,-0.2,1033.2,353.0,-1.516,2.15
13831,2017-01-17,-0.4,1033.5,345.0,-1.36,2.15
13832,2017-01-17,-1.1,1033.8,67.0,-1.867,2.15
13833,2017-01-17,-1.7,1033.7,77.0,-2.0709999999999997,2.15
13834,2017-01-17,-2.3,1033.4,114.0,-2.55,2.15
13835,2017-01-17,-2.2,1033.1,18.0,-2.45,2.15
13836,2017-01-17,-2.1,1032.3,0.0,-2.4,2.15
13837,2017-01-17,-1.5,1032.0,0.0,-1.775,2.15
13838,2017-01-17,-1.6,1031.3,0.0,-1.87,2.15
13839,2017-01-17,2.8,1025.9,32.0,1.8,2.15
13840,2017-01-17,2.8,1025.9,32.0,1.8,2.15
13841,2017-01-17,2.8,1025.9,32.0,1.8,2.15
13842,2017-01-17,2.8,1025.9,32.0,1.8,2.15
13843,2017-01-17,2.8,1025.9,32.0,1.8,2.15
13844,2017-01-19,-1.4,1032.8,0.0,-2.844,14.5
13845,2017-01-18,-1.2,1033.0,0.0,-2.7239999999999998,14.5
13846,2017-01-18,-0.7,1032.7,0.0,-2.324,14.5
13847,2017-01-18,-0.7,1032.9,0.0,-2.178,14.5
13848,2017-01-18,-0.6,1032.9,0.0,-2.07,14.5
13849,2017-01-18,-0.2,1032.8,0.0,-1.806,14.5
13850,2017-01-18,0.0,1032.7,0.0,-1.8,14.5
13851,2017-01-18,0.3,1032.5,19.0,-1.78,14.5
13852,2017-01-18,0.5,1032.6,155.0,-1.79,14.5
13853,2017-01-18,0.4,1032.3,223.0,-1.68,14.5
13854,2017-01-18,0.0,1032.7,374.0,-1.87,14.5
13855,2017-01-18,-0.8,1033.0,403.0,-2.416,14.5
13856,2017-01-18,-1.6,1033.7,44.0,-2.8480000000000003,14.5
13857,2017-01-18,-2.4,1034.0,42.0,-3.3569999999999998,14.5
13858,2017-01-18,-2.9,1034.0,37.0,-3.8,14.5
13859,2017-01-18,-3.1,1034.0,26.0,-4.1,14.5
13860,2017-01-18,-3.3,1033.6,0.0,-4.2,14.5
13861,2017-01-18,-3.1,1033.5,0.0,-4.0,14.5
13862,2017-01-18,-3.2,1033.3,0.0,-4.05,14.5
13863,2017-01-18,-3.1,1033.6,0.0,-3.95,14.5
13864,2017-01-18,-2.9,1033.8,0.0,-3.75,14.5
13865,2017-01-18,-2.7,1034.1,0.0,-3.55,14.5
13866,2017-01-18,-2.5,1034.0,0.0,-3.35,14.5
13867,2017-01-18,-2.4,1034.1,0.0,-3.25,14.5
13868,2017-01-20,-1.7,1031.5,0.0,-2.6010000000000004,-0.85
13869,2017-01-19,-1.7,1031.5,0.0,-2.6010000000000004,-0.85
13870,2017-01-19,-1.7,1031.5,0.0,-2.6010000000000004,-0.85
13871,2017-01-19,-0.7,1031.6,0.0,-1.962,-0.85
13872,2017-01-19,-0.2,1031.5,0.0,-1.69,-0.85
13873,2017-01-19,-0.3,1031.3,0.0,-1.7280000000000002,-0.85
13874,2017-01-19,-0.1,1031.3,0.0,-1.6540000000000001,-0.85
13875,2017-01-19,0.5,1031.1,23.0,-1.3,-0.85
13876,2017-01-19,0.8,1031.1,135.0,-1.17,-0.85
13877,2017-01-19,0.2,1031.5,274.0,-1.74,-0.85
13878,2017-01-19,-0.1,1031.8,359.0,-2.028,-0.85
13879,2017-01-19,-0.7,1032.3,374.0,-2.4930000000000003,-0.85
13880,2017-01-19,-0.7,1032.7,70.0,-2.43,-0.85
13881,2017-01-19,-1.8,1032.6,53.0,-3.2739999999999996,-0.85
13882,2017-01-19,-2.4,1032.5,95.0,-3.68,-0.85
13883,2017-01-19,-3.2,1032.1,25.0,-4.246,-0.85
13884,2017-01-19,-3.2,1031.9,0.0,-4.148,-0.85
13885,2017-01-19,-3.1,1031.8,0.0,-4.246,-0.85
13886,2017-01-19,-3.1,1031.6,0.0,-4.196000000000001,-0.85
13887,2017-01-19,-2.9,1032.0,0.0,-4.002,-0.85
13888,2017-01-19,-2.6,1032.2,0.0,-3.665,-0.85
13889,2017-01-19,-2.2,1032.4,0.0,-3.49,-0.85
13890,2017-01-19,-2.0,1032.2,0.0,-3.36,-0.85
13891,2017-01-19,-1.8,1032.5,0.0,-3.188,-0.85
13892,2017-01-21,-2.3,1027.8,0.0,-3.1,-1.3
13893,2017-01-20,-1.8,1028.0,0.0,-2.736,-1.3
13894,2017-01-20,-1.8,1028.1,0.0,-2.707,-1.3
13895,2017-01-20,-1.1,1028.3,0.0,-2.331,-1.3
13896,2017-01-20,-1.1,1028.4,0.0,-2.3,-1.3
13897,2017-01-20,-0.2,1028.4,0.0,-1.69,-1.3
13898,2017-01-20,0.0,1028.5,0.0,-1.56,-1.3
13899,2017-01-20,1.0,1028.4,25.0,-0.87,-1.3
13900,2017-01-20,1.8,1028.4,137.0,-0.39,-1.3
13901,2017-01-20,1.7,1028.3,271.0,-0.42200000000000004,-1.3
13902,2017-01-20,0.8,1028.5,362.0,-1.24,-1.3
13903,2017-01-20,0.1,1029.3,373.0,-1.8,-1.3
13904,2017-01-20,-0.6,1029.7,83.0,-2.286,-1.3
13905,2017-01-20,-1.1,1030.0,54.0,-2.739,-1.3
13906,2017-01-20,-1.3,1030.0,127.0,-2.898,-1.3
13907,2017-01-20,-2.6,1029.8,25.0,-3.8160000000000003,-1.3
13908,2017-01-20,-2.2,1029.5,0.0,-3.548,-1.3
13909,2017-01-20,-2.3,1029.6,0.0,-3.585,-1.3
13910,2017-01-20,-1.7,1031.5,0.0,-2.6010000000000004,-1.3
13911,2017-01-20,-1.7,1031.5,0.0,-2.6010000000000004,-1.3
13912,2017-01-20,-1.7,1031.5,0.0,-2.6010000000000004,-1.3
13913,2017-01-20,-1.7,1031.5,0.0,-2.6010000000000004,-1.3
13914,2017-01-20,-1.7,1031.5,0.0,-2.6010000000000004,-1.3
13915,2017-01-20,-1.7,1031.5,0.0,-2.6010000000000004,-1.3
13916,2017-01-22,-0.6,1026.6,95.0,-1.5919999999999999,-0.8
13917,2017-01-21,-0.6,1026.6,95.0,-1.5919999999999999,-0.8
13918,2017-01-21,-0.6,1026.6,95.0,-1.5919999999999999,-0.8
13919,2017-01-21,-0.6,1026.6,95.0,-1.5919999999999999,-0.8
13920,2017-01-21,-0.6,1026.6,95.0,-1.5919999999999999,-0.8
13921,2017-01-21,-0.6,1026.6,95.0,-1.5919999999999999,-0.8
13922,2017-01-21,-0.6,1026.6,95.0,-1.5919999999999999,-0.8
13923,2017-01-21,-0.6,1026.6,95.0,-1.5919999999999999,-0.8
13924,2017-01-21,-0.6,1026.6,95.0,-1.5919999999999999,-0.8
13925,2017-01-21,-0.6,1026.6,95.0,-1.5919999999999999,-0.8
13926,2017-01-21,-0.6,1026.6,95.0,-1.5919999999999999,-0.8
13927,2017-01-21,-0.6,1026.6,95.0,-1.5919999999999999,-0.8
13928,2017-01-21,-1.0,1026.8,93.0,-1.985,-0.8
13929,2017-01-21,-2.8,1027.0,81.0,-3.45,-0.8
13930,2017-01-21,-3.6,1026.8,160.0,-4.25,-0.8
13931,2017-01-21,-5.3,1026.6,32.0,-5.78,-0.8
13932,2017-01-21,-5.4,1026.2,0.0,-5.84,-0.8
13933,2017-01-21,-4.7,1026.0,0.0,-5.23,-0.8
13934,2017-01-21,-4.0,1026.4,0.0,-4.65,-0.8
13935,2017-01-21,-3.8,1026.5,0.0,-4.5,-0.8
13936,2017-01-21,-3.6,1026.9,0.0,-4.35,-0.8
13937,2017-01-21,-2.9,1027.0,0.0,-3.65,-0.8
13938,2017-01-21,-2.7,1027.2,0.0,-3.55,-0.8
13939,2017-01-21,-2.5,1027.4,0.0,-3.35,-0.8
13940,2017-01-23,-0.6,1026.6,95.0,-1.5919999999999999,-2.3
13941,2017-01-22,-0.6,1026.6,95.0,-1.5919999999999999,-2.3
13942,2017-01-22,-0.6,1026.6,95.0,-1.5919999999999999,-2.3
13943,2017-01-22,-0.6,1026.6,95.0,-1.5919999999999999,-2.3
13944,2017-01-22,-0.6,1026.6,95.0,-1.5919999999999999,-2.3
13945,2017-01-22,-0.6,1026.6,95.0,-1.5919999999999999,-2.3
13946,2017-01-22,-0.6,1026.6,95.0,-1.5919999999999999,-2.3
13947,2017-01-22,-0.6,1026.6,95.0,-1.5919999999999999,-2.3
13948,2017-01-22,-0.6,1026.6,95.0,-1.5919999999999999,-2.3
13949,2017-01-22,-0.6,1026.6,95.0,-1.5919999999999999,-2.3
13950,2017-01-22,-0.6,1026.6,95.0,-1.5919999999999999,-2.3
13951,2017-01-22,-0.6,1026.6,95.0,-1.5919999999999999,-2.3
13952,2017-01-22,-0.6,1026.6,95.0,-1.5919999999999999,-2.3
13953,2017-01-22,-0.6,1026.6,95.0,-1.5919999999999999,-2.3
13954,2017-01-22,-0.6,1026.6,95.0,-1.5919999999999999,-2.3
13955,2017-01-22,-0.6,1026.6,95.0,-1.5919999999999999,-2.3
13956,2017-01-22,-0.6,1026.6,95.0,-1.5919999999999999,-2.3
13957,2017-01-22,-0.6,1026.6,95.0,-1.5919999999999999,-2.3
13958,2017-01-22,-0.6,1026.6,95.0,-1.5919999999999999,-2.3
13959,2017-01-22,-0.6,1026.6,95.0,-1.5919999999999999,-2.3
13960,2017-01-22,-0.6,1026.6,95.0,-1.5919999999999999,-2.3
13961,2017-01-22,-0.6,1026.6,95.0,-1.5919999999999999,-2.3
13962,2017-01-22,-0.6,1026.6,95.0,-1.5919999999999999,-2.3
13963,2017-01-22,-0.6,1026.6,95.0,-1.5919999999999999,-2.3
13964,2017-01-24,-2.8,1027.2,0.0,-2.85,-3.1
13965,2017-01-23,-2.5,1027.1,0.0,-2.65,-3.1
13966,2017-01-23,-1.9,1027.2,0.0,-2.053,-3.1
13967,2017-01-23,-2.0,1027.0,0.0,-2.15,-3.1
13968,2017-01-23,-1.6,1026.7,0.0,-1.8159999999999998,-3.1
13969,2017-01-23,-1.3,1026.8,0.0,-1.585,-3.1
13970,2017-01-23,-0.8,1026.4,0.0,-1.248,-3.1
13971,2017-01-23,-0.1,1026.4,35.0,-0.922,-3.1
13972,2017-01-23,0.2,1025.9,148.0,-0.664,-3.1
13973,2017-01-23,0.2,1026.3,244.0,-0.748,-3.1
13974,2017-01-23,-0.1,1026.3,339.0,-1.006,-3.1
13975,2017-01-23,0.1,1026.7,202.0,-0.8540000000000001,-3.1
13976,2017-01-23,0.1,1027.1,95.0,-0.8540000000000001,-3.1
13977,2017-01-23,-0.5,1026.9,76.0,-1.3319999999999999,-3.1
13978,2017-01-23,-1.3,1026.7,139.0,-1.984,-3.1
13979,2017-01-23,-1.6,1026.3,26.0,-2.336,-3.1
13980,2017-01-23,-1.9,1026.0,0.0,-2.461,-3.1
13981,2017-01-23,-2.0,1025.8,0.0,-2.5,-3.1
13982,2017-01-23,-4.0,0.0,32767.0,-3.92,-3.1
13983,2017-01-23,-0.6,1026.6,95.0,-1.5919999999999999,-3.1
13984,2017-01-23,-0.6,1026.6,95.0,-1.5919999999999999,-3.1
13985,2017-01-23,-0.6,1026.6,95.0,-1.5919999999999999,-3.1
13986,2017-01-23,-0.6,1026.6,95.0,-1.5919999999999999,-3.1
13987,2017-01-23,-0.6,1026.6,95.0,-1.5919999999999999,-3.1
13988,2017-04-01,14.5,1010.9,139.0,10.64,14.45
13989,2017-04-01,15.3,1011.3,320.0,11.421,14.45
13990,2017-04-01,11.9,1011.6,448.0,9.704,14.45
13991,2017-04-01,10.6,1011.7,274.0,9.058,14.45
13992,2017-04-01,9.9,1011.2,339.0,9.017999999999999,14.45
13993,2017-03-30,14.3,1024.5,0.0,11.32,13.7
13994,2017-03-29,15.9,1024.6,0.0,11.832,13.7
13995,2017-03-29,15.7,1024.3,0.0,11.856,13.7
13996,2017-02-11,-0.1,1019.3,0.0,-1.1320000000000001,4.1
13997,2017-01-25,0.3,1028.5,0.0,-0.008,0.0
13998,2017-01-24,0.9,1027.9,65.0,0.758,0.05
13999,2017-01-24,0.2,1028.5,37.0,0.044000000000000004,0.05
14000,2017-01-24,0.1,1028.7,40.0,-0.057999999999999996,0.05
14001,2017-01-24,-0.3,1028.4,40.0,-0.44799999999999995,0.05
14002,2017-01-24,-0.9,1027.9,25.0,-1.024,0.05
14003,2017-01-24,-1.7,1027.7,7.0,-1.859,0.05
14004,2017-01-24,-2.2,1027.2,0.0,-2.35,0.05
14005,2017-01-24,-2.4,1026.9,0.0,-2.55,0.05
14006,2017-01-24,-3.1,1027.1,0.0,-3.25,0.05
14007,2017-01-24,-3.6,1027.3,0.0,-3.75,0.05
14008,2017-01-24,-4.2,1027.1,0.0,-4.3919999999999995,0.05
14009,2017-01-24,-3.9,1027.1,0.0,-4.1,0.05
14010,2017-01-24,-3.4,1027.0,0.0,-3.6,0.05
14011,2017-01-24,-3.2,1027.0,0.0,-3.4,0.05
14012,2017-01-26,-2.3,1024.7,0.0,-3.2,0.95
14013,2017-01-25,-2.4,1024.7,0.0,-3.25,0.95
14014,2017-01-25,-1.3,1024.9,0.0,-2.296,0.95
14015,2017-01-25,-1.7,1025.1,0.0,-2.495,0.95
14016,2017-01-25,-0.9,1025.2,0.0,-1.7519999999999998,0.95
14017,2017-01-25,-0.1,1025.2,0.0,-1.1740000000000002,0.95
14018,2017-01-25,-0.1,1025.1,0.0,-1.08,0.95
14019,2017-01-25,0.8,1025.0,12.0,-0.36,0.95
14020,2017-01-25,0.0,1025.3,30.0,-1.04,0.95
14021,2017-01-25,0.7,1025.4,90.0,-0.5,0.95
14022,2017-01-25,0.3,1026.1,79.0,-0.6679999999999999,0.95
14023,2017-01-25,0.6,1026.6,98.0,-0.312,0.95
14024,2017-01-25,0.0,1027.2,88.0,-0.895,0.95
14025,2017-01-25,0.1,1027.9,60.0,-0.8540000000000001,0.95
14026,2017-01-25,0.0,1027.6,33.0,-0.92,0.95
14027,2017-01-25,0.0,1027.8,7.0,-0.8,0.95
14028,2017-01-25,-0.5,1027.7,0.0,-0.85,0.95
14029,2017-01-25,-0.6,1027.4,0.0,-0.94,0.95
14030,2017-01-25,-0.6,1027.6,0.0,-0.94,0.95
14031,2017-01-25,-0.6,1027.6,0.0,-1.008,0.95
14032,2017-01-25,-0.6,1027.8,0.0,-0.94,0.95
14033,2017-01-25,-0.2,1027.8,0.0,-0.6559999999999999,0.95
14034,2017-01-25,0.5,1027.8,0.0,0.08199999999999999,0.95
14035,2017-01-25,0.5,1028.3,0.0,0.2,0.95
14036,2017-01-27,1.2,1014.8,0.0,-0.23,0.95
14037,2017-01-26,1.2,1015.3,0.0,-0.44,0.95
14038,2017-01-26,0.2,1015.5,0.0,-1.14,0.95
14039,2017-01-26,1.1,1015.8,0.0,-0.53,0.95
14040,2017-01-26,0.8,1016.5,0.0,-0.7,0.95
14041,2017-01-26,1.6,1016.7,0.0,-0.08,0.95
14042,2017-01-26,1.8,1017.7,0.0,0.1,0.95
14043,2017-01-26,2.7,1017.9,35.0,0.64,0.95
14044,2017-01-26,4.3,1018.1,169.0,1.56,0.95
14045,2017-01-26,2.8,1018.6,308.0,0.5479999999999999,0.95
14046,2017-01-26,3.3,1019.2,383.0,0.7290000000000001,0.95
14047,2017-01-26,0.1,1019.8,260.0,-1.64,0.95
14048,2017-01-26,-1.2,1020.6,83.0,-2.568,0.95
14049,2017-01-26,-1.1,1021.0,86.0,-2.535,0.95
14050,2017-01-26,-3.5,1021.4,160.0,-4.4,0.95
14051,2017-01-26,-4.1,1021.8,28.0,-4.84,0.95
14052,2017-01-26,-3.9,1021.6,0.0,-4.7,0.95
14053,2017-01-26,-3.1,1022.1,0.0,-3.95,0.95
14054,2017-01-26,-1.3,1022.3,0.0,-2.546,0.95
14055,2017-01-26,-2.8,1022.8,0.0,-3.6,0.95
14056,2017-01-26,-0.9,1023.1,0.0,-2.202,0.95
14057,2017-01-26,-2.9,1023.6,0.0,-3.65,0.95
14058,2017-01-26,-3.0,1024.0,0.0,-3.7,0.95
14059,2017-01-26,-2.2,1024.4,0.0,-3.05,0.95
14060,2017-01-28,10.5,1012.0,0.0,7.85,0.95
14061,2017-01-27,10.7,1011.9,0.0,7.545,0.95
14062,2017-01-27,10.2,1011.7,0.0,7.212000000000001,0.95
14063,2017-01-27,8.9,1011.7,0.0,6.57,0.95
14064,2017-01-27,10.6,1011.6,0.0,7.642,0.95
14065,2017-01-27,10.4,1011.8,0.0,7.666,0.95
14066,2017-01-27,8.3,1011.5,0.0,6.3,0.95
14067,2017-01-27,9.9,1011.4,19.0,7.401,0.95
14068,2017-01-27,9.4,1011.3,33.0,7.263999999999999,0.95
14069,2017-01-27,10.4,1011.3,69.0,7.76,0.95
14070,2017-01-27,8.4,1011.6,135.0,6.42,0.95
14071,2017-01-27,7.1,1012.2,223.0,5.327999999999999,0.95
14072,2017-01-27,5.9,1012.5,186.0,4.489,0.95
14073,2017-01-27,3.0,1013.0,139.0,2.06,0.95
14074,2017-01-27,1.6,1012.9,72.0,0.7879999999999999,0.95
14075,2017-01-27,0.7,1012.2,26.0,-0.175,0.95
14076,2017-01-27,0.0,1011.7,0.0,-0.92,0.95
14077,2017-01-27,0.1,1011.6,0.0,-0.813,0.95
14078,2017-01-27,-0.6,1011.5,0.0,-1.4140000000000001,0.95
14079,2017-01-27,0.0,1011.7,0.0,-0.96,0.95
14080,2017-01-27,-0.3,1012.0,0.0,-1.27,0.95
14081,2017-01-27,1.8,1012.6,0.0,0.4,0.95
14082,2017-01-27,2.0,1013.4,0.0,0.55,0.95
14083,2017-01-27,1.6,1013.9,0.0,0.564,0.95
14084,2017-01-29,5.6,1017.8,0.0,4.708,3.25
14085,2017-01-28,6.0,1017.7,0.0,4.92,3.25
14086,2017-01-28,6.2,1017.7,0.0,5.02,3.25
14087,2017-01-28,6.3,1017.5,0.0,5.263999999999999,3.25
14088,2017-01-28,7.3,1017.0,0.0,5.849,3.25
14089,2017-01-28,7.3,1016.6,0.0,5.766,3.25
14090,2017-01-28,7.7,1016.0,0.0,6.0,3.25
14091,2017-01-28,9.6,1015.5,72.0,7.5,3.25
14092,2017-01-28,9.8,1014.9,204.0,7.978,3.25
14093,2017-01-28,8.4,1014.6,211.0,7.19,3.25
14094,2017-01-28,8.3,1014.2,135.0,6.912000000000001,3.25
14095,2017-01-28,8.6,1014.2,90.0,7.444,3.25
14096,2017-01-28,8.4,1014.3,135.0,7.19,3.25
14097,2017-01-28,9.2,1014.0,72.0,7.287999999999999,3.25
14098,2017-01-28,8.9,1013.2,37.0,6.93,3.25
14099,2017-01-28,9.1,1012.7,18.0,7.0360000000000005,3.25
14100,2017-01-28,9.9,1012.4,0.0,7.48,3.25
14101,2017-01-28,10.6,1012.0,0.0,7.843999999999999,3.25
14102,2017-01-28,10.5,1011.7,0.0,7.66,3.25
14103,2017-01-28,10.6,1011.3,0.0,7.652,3.25
14104,2017-01-28,10.9,1011.3,0.0,7.814,3.25
14105,2017-01-28,11.0,1011.3,0.0,7.8,3.25
14106,2017-01-28,10.6,1011.3,0.0,7.652,3.25
14107,2017-01-28,10.1,1011.7,0.0,7.571000000000001,3.25
14108,2017-01-30,8.8,1013.6,0.0,7.29,5.2
14109,2017-01-29,9.1,1013.9,0.0,7.641,5.2
14110,2017-01-29,7.8,1014.7,0.0,6.627999999999999,5.2
14111,2017-01-29,8.7,1015.3,0.0,7.444,5.2
14112,2017-01-29,7.9,1015.8,0.0,6.645,5.2
14113,2017-01-29,7.2,1016.2,0.0,6.32,5.2
14114,2017-01-29,8.6,1016.4,0.0,7.38,5.2
14115,2017-01-29,9.5,1016.9,72.0,8.148,5.2
14116,2017-01-29,7.9,1017.1,39.0,6.912000000000001,5.2
14117,2017-01-29,8.3,1017.5,35.0,7.164,5.2
14118,2017-01-29,7.1,1018.2,90.0,6.2379999999999995,5.2
14119,2017-01-29,6.0,1018.8,134.0,5.36,5.2
14120,2017-01-29,5.0,1019.4,98.0,4.65,5.2
14121,2017-01-29,4.3,1019.5,79.0,3.992,5.2
14122,2017-01-29,3.8,1019.5,53.0,3.392,5.2
14123,2017-01-29,3.6,1019.6,19.0,3.2960000000000003,5.2
14124,2017-01-29,3.6,1019.3,0.0,3.315,5.2
14125,2017-01-29,3.6,1019.0,0.0,3.1439999999999997,5.2
14126,2017-01-29,3.9,1018.1,0.0,3.2539999999999996,5.2
14127,2017-01-29,4.6,1018.0,0.0,3.9339999999999997,5.2
14128,2017-01-29,5.2,1017.7,0.0,4.418,5.2
14129,2017-01-29,5.0,1017.7,0.0,4.24,5.2
14130,2017-01-29,5.4,1017.7,0.0,4.555,5.2
14131,2017-01-29,5.5,1017.6,0.0,4.708,5.2
14132,2017-01-31,10.2,1012.7,0.0,9.906,7.45
14133,2017-01-30,9.9,1012.7,0.0,9.606,7.45
14134,2017-01-30,10.0,1012.8,0.0,9.7,7.45
14135,2017-01-30,10.2,1012.9,0.0,9.906,7.45
14136,2017-01-30,10.3,1012.8,0.0,10.009,7.45
14137,2017-01-30,10.5,1012.4,0.0,10.12,7.45
14138,2017-01-30,10.6,1012.1,0.0,10.224,7.45
14139,2017-01-30,10.9,1011.8,7.0,10.354000000000001,7.45
14140,2017-01-30,11.0,1011.7,40.0,10.37,7.45
14141,2017-01-30,10.9,1011.6,148.0,10.354000000000001,7.45
14142,2017-01-30,10.4,1011.8,181.0,9.92,7.45
14143,2017-01-30,9.9,1012.1,81.0,9.5,7.45
14144,2017-01-30,9.4,1012.5,102.0,9.048,7.45
14145,2017-01-30,8.7,1012.6,53.0,8.38,7.45
14146,2017-01-30,8.5,1012.2,21.0,8.1,7.45
14147,2017-01-30,8.4,1011.9,5.0,7.92,7.45
14148,2017-01-30,8.2,1011.6,0.0,7.72,7.45
14149,2017-01-30,8.1,1011.4,0.0,7.46,7.45
14150,2017-01-30,8.0,1011.8,0.0,7.171,7.45
14151,2017-01-30,7.9,1011.6,0.0,6.8229999999999995,7.45
14152,2017-01-30,7.8,1012.0,0.0,6.627999999999999,7.45
14153,2017-01-30,8.2,1012.3,0.0,6.996,7.45
14154,2017-01-30,9.2,1012.2,0.0,7.4639999999999995,7.45
14155,2017-01-30,9.0,1012.9,0.0,7.41,7.45
14156,2017-02-01,11.6,1013.2,0.0,10.832,7.2
14157,2017-01-31,12.0,1013.3,0.0,11.2,7.2
14158,2017-01-31,11.2,1013.6,0.0,10.554,7.2
14159,2017-01-31,11.8,1013.3,0.0,11.015999999999998,7.2
14160,2017-01-31,12.6,1013.6,0.0,11.7,7.2
14161,2017-01-31,12.7,1013.7,0.0,11.7,7.2
14162,2017-01-31,13.6,1013.6,0.0,12.44,7.2
14163,2017-01-31,13.7,1013.1,19.0,12.54,7.2
14164,2017-01-31,13.9,1013.1,40.0,12.66,7.2
14165,2017-01-31,13.9,1012.9,165.0,12.74,7.2
14166,2017-01-31,12.7,1013.2,84.0,12.3,7.2
14167,2017-01-31,11.1,1013.7,107.0,11.015999999999998,7.2
14168,2017-01-31,10.6,1013.8,128.0,10.412,7.2
14169,2017-01-31,10.3,1013.6,107.0,10.106,7.2
14170,2017-01-31,9.9,1013.1,42.0,9.704,7.2
14171,2017-01-31,9.9,1012.7,5.0,9.704,7.2
14172,2017-01-31,10.1,1012.3,0.0,9.902000000000001,7.2
14173,2017-01-31,10.1,1012.1,0.0,9.802999999999999,7.2
14174,2017-01-31,10.3,1012.0,0.0,10.106,7.2
14175,2017-01-31,10.2,1012.1,0.0,10.004,7.2
14176,2017-01-31,10.3,1012.2,0.0,10.106,7.2
14177,2017-01-31,10.3,1012.3,0.0,10.106,7.2
14178,2017-01-31,10.4,1012.3,0.0,10.208,7.2
14179,2017-01-31,10.3,1012.5,0.0,10.106,7.2
14180,2017-02-02,9.3,1008.5,0.0,8.526,10.85
14181,2017-02-01,9.3,1008.9,0.0,8.526,10.85
14182,2017-02-01,10.5,1008.9,0.0,9.38,10.85
14183,2017-02-01,11.0,1009.2,0.0,9.92,10.85
14184,2017-02-01,11.1,1009.2,0.0,10.012,10.85
14185,2017-02-01,10.9,1009.3,0.0,9.901,10.85
14186,2017-02-01,11.5,1009.1,0.0,10.21,10.85
14187,2017-02-01,12.0,1008.8,23.0,10.44,10.85
14188,2017-02-01,13.2,1008.6,83.0,11.4,10.85
14189,2017-02-01,12.5,1008.6,88.0,10.94,10.85
14190,2017-02-01,12.7,1009.3,88.0,11.14,10.85
14191,2017-02-01,12.9,1010.0,90.0,11.26,10.85
14192,2017-02-01,12.5,1010.5,165.0,10.94,10.85
14193,2017-02-01,11.5,1010.7,195.0,10.21,10.85
14194,2017-02-01,10.9,1010.9,229.0,9.901,10.85
14195,2017-02-01,9.4,1011.3,47.0,8.696,10.85
14196,2017-02-01,10.5,1011.2,0.0,9.74,10.85
14197,2017-02-01,10.5,1011.4,0.0,9.942,10.85
14198,2017-02-01,10.8,1011.5,0.0,10.049,10.85
14199,2017-02-01,10.6,1011.7,0.0,10.036,10.85
14200,2017-02-01,10.8,1012.0,0.0,10.156,10.85
14201,2017-02-01,11.5,1012.4,0.0,10.742,10.85
14202,2017-02-01,11.4,1012.7,0.0,10.742,10.85
14203,2017-02-01,11.4,1013.0,0.0,10.742,10.85
14204,2017-02-03,9.6,1002.2,0.0,8.68,11.55
14205,2017-02-02,10.0,1002.0,0.0,9.0,11.55
14206,2017-02-02,10.3,1001.1,0.0,9.247,11.55
14207,2017-02-02,10.8,1001.2,0.0,9.792,11.55
14208,2017-02-02,11.8,1000.8,0.0,10.655999999999999,11.55
14209,2017-02-02,12.2,1000.7,0.0,10.8,11.55
14210,2017-02-02,13.4,1000.5,0.0,11.6,11.55
14211,2017-02-02,13.3,1000.3,9.0,11.392999999999999,11.55
14212,2017-02-02,13.2,1000.5,54.0,11.292,11.55
14213,2017-02-02,13.0,1000.5,28.0,10.87,11.55
14214,2017-02-02,13.4,1001.0,86.0,10.752,11.55
14215,2017-02-02,13.8,1001.6,149.0,10.86,11.55
14216,2017-02-02,14.7,1002.0,199.0,11.04,11.55
14217,2017-02-02,12.7,1002.7,169.0,10.151,11.55
14218,2017-02-02,11.4,1003.2,95.0,9.221,11.55
14219,2017-02-02,10.7,1003.6,12.0,8.9,11.55
14220,2017-02-02,10.7,1003.9,0.0,9.161,11.55
14221,2017-02-02,10.3,1004.4,0.0,8.832,11.55
14222,2017-02-02,9.9,1005.1,0.0,8.604,11.55
14223,2017-02-02,9.6,1005.8,0.0,8.527999999999999,11.55
14224,2017-02-02,10.3,1006.0,0.0,8.998,11.55
14225,2017-02-02,10.1,1006.8,0.0,8.867,11.55
14226,2017-02-02,10.5,1007.4,0.0,9.21,11.55
14227,2017-02-02,10.5,1008.1,0.0,9.295,11.55
14228,2017-02-04,6.8,1000.7,0.0,5.686,12.05
14229,2017-02-03,6.7,1000.4,0.0,5.676,12.05
14230,2017-02-03,6.8,999.9,0.0,5.763999999999999,12.05
14231,2017-02-03,6.8,999.8,0.0,5.686,12.05
14232,2017-02-03,7.7,997.2,0.0,6.609,12.05
14233,2017-02-03,8.2,994.8,0.0,7.48,12.05
14234,2017-02-03,9.2,994.3,0.0,8.144,12.05
14235,2017-02-03,8.7,995.2,14.0,7.52,12.05
14236,2017-02-03,9.5,996.3,33.0,8.0,12.05
14237,2017-02-03,8.9,997.5,70.0,7.596,12.05
14238,2017-02-03,11.8,998.3,49.0,9.001,12.05
14239,2017-02-03,12.1,999.6,104.0,9.29,12.05
14240,2017-02-03,11.8,1001.1,70.0,9.314,12.05
14241,2017-02-03,9.8,1001.6,70.0,8.372,12.05
14242,2017-02-03,8.6,1002.2,97.0,7.566,12.05
14243,2017-02-03,8.6,1002.4,62.0,7.46,12.05
14244,2017-02-03,8.1,1002.8,0.0,7.212000000000001,12.05
14245,2017-02-03,8.0,1002.7,0.0,7.11,12.05
14246,2017-02-03,8.9,1002.9,0.0,8.027999999999999,12.05
14247,2017-02-03,8.8,1002.7,0.0,8.08,12.05
14248,2017-02-03,9.2,1002.6,0.0,8.443999999999999,12.05
14249,2017-02-03,9.4,1002.7,0.0,8.526,12.05
14250,2017-02-03,9.6,1002.8,0.0,8.68,12.05
14251,2017-02-03,9.7,1002.5,0.0,8.76,12.05
14252,2017-02-05,7.7,1000.5,0.0,6.348,10.9
14253,2017-02-04,6.9,1001.3,0.0,5.5360000000000005,10.9
14254,2017-02-04,5.2,1002.1,0.0,4.356,10.9
14255,2017-02-04,5.3,1002.4,0.0,4.444,10.9
14256,2017-02-04,5.7,1002.5,0.0,4.729,10.9
14257,2017-02-04,6.1,1002.4,0.0,5.148,10.9
14258,2017-02-04,6.8,1002.2,0.0,5.763999999999999,10.9
14259,2017-02-04,7.0,1001.2,86.0,6.28,10.9
14260,2017-02-04,6.0,999.9,25.0,5.28,10.9
14261,2017-02-04,5.7,997.7,188.0,4.93,10.9
14262,2017-02-04,4.9,995.6,105.0,4.4030000000000005,10.9
14263,2017-02-04,6.7,993.2,105.0,6.272,10.9
14264,2017-02-04,7.9,991.7,97.0,7.171,10.9
14265,2017-02-04,7.4,990.6,86.0,6.8839999999999995,10.9
14266,2017-02-04,7.1,989.6,72.0,6.388,10.9
14267,2017-02-04,7.2,989.9,12.0,6.496,10.9
14268,2017-02-04,6.7,990.0,0.0,5.917000000000001,10.9
14269,2017-02-04,5.8,991.7,0.0,5.098,10.9
14270,2017-02-04,6.8,993.8,0.0,5.92,10.9
14271,2017-02-04,6.2,995.4,0.0,5.397,10.9
14272,2017-02-04,7.6,996.7,0.0,6.587999999999999,10.9
14273,2017-02-04,6.5,997.6,0.0,5.65,10.9
14274,2017-02-04,7.5,999.2,0.0,6.204,10.9
14275,2017-02-04,6.7,1000.0,0.0,5.599,10.9
14276,2017-02-06,4.7,1008.8,0.0,4.335,7.25
14277,2017-02-05,6.2,1006.7,0.0,5.79,7.25
14278,2017-02-05,7.1,1005.3,0.0,6.388,7.25
14279,2017-02-05,7.3,1003.7,0.0,6.347,7.25
14280,2017-02-05,7.8,1002.5,0.0,6.627999999999999,7.25
14281,2017-02-05,7.7,1001.3,0.0,6.435,7.25
14282,2017-02-05,9.2,999.9,0.0,7.5360000000000005,7.25
14283,2017-02-05,9.8,998.4,72.0,7.732,7.25
14284,2017-02-05,10.2,997.5,264.0,8.057,7.25
14285,2017-02-05,10.2,996.5,241.0,7.99,7.25
14286,2017-02-05,10.6,996.4,183.0,8.628,7.25
14287,2017-02-05,9.3,996.0,230.0,8.075,7.25
14288,2017-02-05,7.9,995.4,169.0,6.912000000000001,7.25
14289,2017-02-05,8.2,994.8,107.0,7.48,7.25
14290,2017-02-05,7.0,994.1,19.0,6.46,7.25
14291,2017-02-05,7.9,994.1,5.0,7.171,7.25
14292,2017-02-05,6.9,994.5,0.0,6.188,7.25
14293,2017-02-05,6.4,995.2,0.0,5.812,7.25
14294,2017-02-05,7.3,996.1,0.0,6.496,7.25
14295,2017-02-05,6.7,996.8,0.0,5.92,7.25
14296,2017-02-05,6.2,997.8,0.0,5.462000000000001,7.25
14297,2017-02-05,7.5,998.6,0.0,6.395,7.25
14298,2017-02-05,7.2,999.4,0.0,6.074,7.25
14299,2017-02-05,6.2,1000.3,0.0,5.38,7.25
14300,2017-02-07,8.2,1015.4,0.0,6.27,7.95
14301,2017-02-06,7.7,1016.1,0.0,5.916,7.95
14302,2017-02-06,7.8,1017.1,0.0,6.013999999999999,7.95
14303,2017-02-06,7.2,1017.5,0.0,5.352,7.95
14304,2017-02-06,7.1,1018.1,0.0,5.327999999999999,7.95
14305,2017-02-06,7.5,1018.2,0.0,5.466,7.95
14306,2017-02-06,7.8,1018.5,0.0,5.412000000000001,7.95
14307,2017-02-06,7.9,1018.3,76.0,5.584,7.95
14308,2017-02-06,8.1,1018.0,107.0,5.438,7.95
14309,2017-02-06,7.7,1018.1,197.0,5.58,7.95
14310,2017-02-06,7.7,1018.2,397.0,5.832000000000001,7.95
14311,2017-02-06,7.0,1018.3,130.0,5.4,7.95
14312,2017-02-06,6.5,1018.9,130.0,5.275,7.95
14313,2017-02-06,5.4,1018.6,121.0,4.66,7.95
14314,2017-02-06,5.1,1018.1,40.0,4.552,7.95
14315,2017-02-06,5.2,1017.8,46.0,4.624,7.95
14316,2017-02-06,5.4,1017.2,0.0,4.734,7.95
14317,2017-02-06,5.6,1016.0,0.0,4.84,7.95
14318,2017-02-06,5.5,1015.5,0.0,4.9,7.95
14319,2017-02-06,5.3,1014.5,0.0,4.789,7.95
14320,2017-02-06,4.9,1013.7,0.0,4.4030000000000005,7.95
14321,2017-02-06,4.2,1012.6,0.0,3.7319999999999998,7.95
14322,2017-02-06,4.5,1011.7,0.0,3.825,7.95
14323,2017-02-06,4.2,1010.3,0.0,3.838,7.95
14324,2017-02-08,5.6,1017.2,0.0,4.708,6.4
14325,2017-02-07,5.9,1016.6,0.0,4.9030000000000005,6.4
14326,2017-02-07,6.3,1016.3,0.0,4.959,6.4
14327,2017-02-07,6.8,1016.2,0.0,4.93,6.4
14328,2017-02-07,7.1,1016.2,0.0,5.04,6.4
14329,2017-02-07,7.9,1016.0,0.0,5.584,6.4
14330,2017-02-07,8.7,1015.4,0.0,6.0520000000000005,6.4
14331,2017-02-07,9.6,1014.8,67.0,6.516,6.4
14332,2017-02-07,10.2,1014.4,225.0,6.936,6.4
14333,2017-02-07,10.2,1014.0,371.0,8.138,6.4
14334,2017-02-07,10.2,1014.0,606.0,8.318,6.4
14335,2017-02-07,9.7,1013.8,269.0,8.452,6.4
14336,2017-02-07,9.1,1013.7,114.0,8.526,6.4
14337,2017-02-07,8.4,1013.3,90.0,8.16,6.4
14338,2017-02-07,6.3,1012.9,35.0,5.968,6.4
14339,2017-02-07,6.1,1013.0,12.0,5.695,6.4
14340,2017-02-07,6.3,1012.8,0.0,5.718999999999999,6.4
14341,2017-02-07,6.3,1012.8,0.0,5.8020000000000005,6.4
14342,2017-02-07,6.3,1012.8,0.0,5.636,6.4
14343,2017-02-07,6.1,1012.7,0.0,5.452000000000001,6.4
14344,2017-02-07,6.9,1012.8,0.0,5.931,6.4
14345,2017-02-07,6.6,1013.5,0.0,5.5120000000000005,6.4
14346,2017-02-07,6.9,1014.2,0.0,5.694,6.4
14347,2017-02-07,8.2,1015.1,0.0,6.09,6.4
14348,2017-02-09,3.6,1025.5,0.0,2.992,7.25
14349,2017-02-08,4.2,1025.3,0.0,3.53,7.25
14350,2017-02-08,4.6,1025.5,0.0,3.7960000000000003,7.25
14351,2017-02-08,5.1,1025.3,0.0,4.146,7.25
14352,2017-02-08,5.7,1025.0,0.0,4.595,7.25
14353,2017-02-08,6.2,1024.4,0.0,4.732,7.25
14354,2017-02-08,6.6,1024.0,0.0,4.91,7.25
14355,2017-02-08,7.2,1023.4,40.0,5.204,7.25
14356,2017-02-08,7.3,1022.9,60.0,5.4479999999999995,7.25
14357,2017-02-08,7.1,1022.6,47.0,5.4,7.25
14358,2017-02-08,7.1,1022.5,174.0,5.4,7.25
14359,2017-02-08,6.9,1022.6,98.0,5.2989999999999995,7.25
14360,2017-02-08,7.2,1022.5,471.0,5.582000000000001,7.25
14361,2017-02-08,6.2,1022.0,144.0,5.164,7.25
14362,2017-02-08,5.0,1021.6,186.0,4.51,7.25
14363,2017-02-08,5.0,1021.4,16.0,4.65,7.25
14364,2017-02-08,4.8,1020.3,0.0,4.512,7.25
14365,2017-02-08,4.6,1019.8,0.0,4.303999999999999,7.25
14366,2017-02-08,5.2,1019.2,0.0,4.912,7.25
14367,2017-02-08,4.4,1018.4,0.0,4.02,7.25
14368,2017-02-08,4.3,1017.9,0.0,3.915,7.25
14369,2017-02-08,4.4,1017.8,0.0,3.8680000000000003,7.25
14370,2017-02-08,4.9,1017.6,0.0,4.261,7.25
14371,2017-02-08,5.1,1017.6,0.0,4.39,7.25
14372,2017-02-10,2.3,1019.6,0.0,1.18,6.4
14373,2017-02-09,2.2,1019.8,0.0,1.26,6.4
14374,2017-02-09,1.4,1020.1,0.0,1.05,6.4
14375,2017-02-09,1.9,1020.5,0.0,1.55,6.4
14376,2017-02-09,2.4,1020.6,0.0,1.91,6.4
14377,2017-02-09,2.9,1020.6,0.0,2.27,6.4
14378,2017-02-09,3.7,1020.5,7.0,2.7960000000000003,6.4
14379,2017-02-09,4.4,1020.8,86.0,3.31,6.4
14380,2017-02-09,4.3,1021.3,123.0,3.262,6.4
14381,2017-02-09,3.7,1021.9,70.0,3.0069999999999997,6.4
14382,2017-02-09,3.4,1022.3,67.0,2.8819999999999997,6.4
14383,2017-02-09,3.7,1022.8,95.0,3.0069999999999997,6.4
14384,2017-02-09,3.7,1023.3,90.0,3.0069999999999997,6.4
14385,2017-02-09,3.2,1023.8,88.0,2.48,6.4
14386,2017-02-09,3.1,1024.0,62.0,2.24,6.4
14387,2017-02-09,2.8,1024.5,18.0,2.1,6.4
14388,2017-02-09,2.7,1024.3,0.0,2.0,6.4
14389,2017-02-09,2.7,1024.7,0.0,2.0,6.4
14390,2017-02-09,2.8,1024.7,0.0,2.1,6.4
14391,2017-02-09,2.9,1024.9,0.0,2.14,6.4
14392,2017-02-09,3.1,1024.9,0.0,2.329,6.4
14393,2017-02-09,3.2,1025.5,0.0,2.418,6.4
14394,2017-02-09,3.3,1025.4,0.0,2.57,6.4
14395,2017-02-09,3.4,1025.7,0.0,2.8080000000000003,6.4
14396,2017-02-10,0.1,1019.0,0.0,-0.9359999999999999,4.1
14397,2017-02-10,0.6,1019.0,0.0,-0.324,4.1
14398,2017-02-10,0.9,1018.8,0.0,-0.064,4.1
14399,2017-02-10,0.4,1018.8,0.0,-0.20800000000000002,4.1
14400,2017-02-10,0.7,1018.4,0.0,0.043,4.1
14401,2017-02-10,1.1,1018.4,0.0,0.47,4.1
14402,2017-02-10,1.2,1018.1,16.0,0.64,4.1
14403,2017-02-10,1.4,1018.0,97.0,0.77,4.1
14404,2017-02-10,1.8,1018.0,162.0,0.81,4.1
14405,2017-02-10,2.2,1018.1,181.0,0.9,4.1
14406,2017-02-10,2.6,1018.3,218.0,1.036,4.1
14407,2017-02-10,2.6,1018.4,183.0,1.036,4.1
14408,2017-02-10,1.6,1018.5,158.0,0.452,4.1
14409,2017-02-10,1.4,1018.2,123.0,0.322,4.1
14410,2017-02-10,1.1,1018.3,33.0,-0.059000000000000004,4.1
14411,2017-02-10,0.7,1018.2,0.0,-0.359,4.1
14412,2017-02-10,0.9,1018.0,0.0,-0.36,4.1
14413,2017-02-10,1.1,1017.9,0.0,-0.059000000000000004,4.1
14414,2017-02-10,1.5,1017.9,0.0,0.525,4.1
14415,2017-02-10,1.2,1018.2,0.0,0.57,4.1
14416,2017-02-10,1.1,1018.8,0.0,0.64,4.1
14417,2017-02-10,1.3,1019.1,0.0,0.88,4.1
14418,2017-02-10,1.9,1019.7,0.0,0.88,4.1
14419,2017-02-12,0.5,1018.0,0.0,-0.1,2.1
14420,2017-02-11,0.5,1018.2,0.0,-0.1,2.1
14421,2017-02-11,0.5,1018.3,0.0,-0.25,2.1
14422,2017-02-11,0.4,1018.2,0.0,-0.36,2.1
14423,2017-02-11,0.3,1018.4,0.0,-0.47,2.1
14424,2017-02-11,0.2,1018.1,0.0,-0.58,2.1
14425,2017-02-11,0.3,1017.8,0.0,-0.513,2.1
14426,2017-02-11,0.6,1017.6,30.0,-0.324,2.1
14427,2017-02-11,0.4,1017.8,107.0,-0.49200000000000005,2.1
14428,2017-02-11,0.4,1017.8,81.0,-0.58,2.1
14429,2017-02-11,0.5,1018.2,116.0,-0.655,2.1
14430,2017-02-11,0.2,1018.5,93.0,-0.8320000000000001,2.1
14431,2017-02-11,-0.1,1018.4,120.0,-1.09,2.1
14432,2017-02-11,-0.3,1018.4,97.0,-1.3159999999999998,2.1
14433,2017-02-11,-0.6,1018.6,62.0,-1.4880000000000002,2.1
14434,2017-02-11,-0.8,1018.7,35.0,-1.608,2.1
14435,2017-02-11,-0.8,1018.5,0.0,-1.5519999999999998,2.1
14436,2017-02-11,-1.1,1018.3,0.0,-1.69,2.1
14437,2017-02-11,-1.4,1018.5,0.0,-1.9040000000000001,2.1
14438,2017-02-11,-1.5,1018.5,0.0,-1.995,2.1
14439,2017-02-11,-1.4,1018.5,0.0,-2.016,2.1
14440,2017-02-11,-1.1,1018.7,0.0,-1.749,2.1
14441,2017-02-11,-0.9,1019.0,0.0,-1.694,2.1
14442,2017-02-11,-0.6,1019.2,0.0,-1.54,2.1
14443,2017-03-29,17.1,1024.2,0.0,12.237,13.7
14444,2017-02-13,8.0,1018.2,0.0,6.772,0.2
14445,2017-02-12,8.1,1018.1,0.0,6.9479999999999995,0.2
14446,2017-02-12,8.7,1017.7,0.0,7.52,0.2
14447,2017-02-12,8.4,1017.6,0.0,7.19,0.2
14448,2017-02-12,8.4,1017.3,0.0,7.272,0.2
14449,2017-02-12,7.4,1017.1,0.0,6.456,0.2
14450,2017-02-12,7.3,1016.9,5.0,6.263999999999999,0.2
14451,2017-02-12,7.1,1016.6,63.0,6.047999999999999,0.2
14452,2017-02-12,5.6,1016.6,72.0,4.774,0.2
14453,2017-02-12,4.7,1016.8,114.0,4.043,0.2
14454,2017-02-12,3.1,1017.5,213.0,2.461,0.2
14455,2017-02-12,3.3,1017.9,172.0,2.381,0.2
14456,2017-02-12,2.6,1018.4,90.0,1.3,0.2
14457,2017-02-12,1.7,1018.5,100.0,0.37,0.2
14458,2017-02-12,1.3,1018.5,47.0,0.12300000000000001,0.2
14459,2017-02-12,0.9,1018.5,12.0,0.043,0.2
14460,2017-02-12,0.4,1018.0,0.0,-0.20800000000000002,0.2
14461,2017-02-12,0.0,1018.2,0.0,-0.56,0.2
14462,2017-02-12,0.0,1018.5,0.0,-0.56,0.2
14463,2017-02-12,0.3,1018.2,0.0,-0.316,0.2
14464,2017-02-12,1.1,1018.2,0.0,0.54,0.2
14465,2017-02-12,0.8,1018.2,0.0,0.29600000000000004,0.2
14466,2017-02-12,0.6,1018.3,0.0,0.08199999999999999,0.2
14467,2017-02-12,0.6,1018.2,0.0,0.008,0.2
14468,2017-02-14,4.7,1018.2,0.0,3.403,3.7
14469,2017-02-13,5.5,1018.0,0.0,4.1,3.7
14470,2017-02-13,5.4,1017.9,0.0,4.02,3.7
14471,2017-02-13,6.4,1017.5,0.0,4.68,3.7
14472,2017-02-13,6.3,1017.4,0.0,4.75,3.7
14473,2017-02-13,7.5,1017.0,0.0,5.4,3.7
14474,2017-02-13,8.8,1016.4,7.0,6.54,3.7
14475,2017-02-13,9.8,1016.2,86.0,6.974,3.7
14476,2017-02-13,10.1,1016.5,269.0,6.944,3.7
14477,2017-02-13,10.6,1016.6,392.0,7.172000000000001,3.7
14478,2017-02-13,10.0,1017.0,487.0,6.86,3.7
14479,2017-02-13,8.8,1017.8,513.0,6.072,3.7
14480,2017-02-13,7.4,1018.7,475.0,4.998,3.7
14481,2017-02-13,5.3,1019.0,77.0,3.73,3.7
14482,2017-02-13,4.3,1019.1,229.0,2.79,3.7
14483,2017-02-13,3.6,1018.6,76.0,2.165,3.7
14484,2017-02-13,4.1,1018.1,0.0,2.6889999999999996,3.7
14485,2017-02-13,4.1,1018.0,0.0,2.827,3.7
14486,2017-02-13,5.1,1018.4,0.0,3.82,3.7
14487,2017-02-13,5.2,1018.4,0.0,3.984,3.7
14488,2017-02-13,6.1,1018.3,0.0,4.58,3.7
14489,2017-02-13,6.1,1018.5,0.0,4.7219999999999995,3.7
14490,2017-02-13,7.2,1018.5,0.0,5.582000000000001,3.7
14491,2017-02-13,7.2,1018.7,0.0,5.827999999999999,3.7
14492,2017-02-15,10.3,1027.6,0.0,8.251,5.25
14493,2017-02-14,11.0,1027.4,0.0,8.75,5.25
14494,2017-02-14,10.9,1027.2,0.0,8.75,5.25
14495,2017-02-14,11.7,1026.8,0.0,9.415,5.25
14496,2017-02-14,12.3,1026.5,0.0,10.088,5.25
14497,2017-02-14,13.0,1026.0,0.0,10.54,5.25
14498,2017-02-14,13.5,1025.3,0.0,11.07,5.25
14499,2017-02-14,13.7,1024.7,30.0,11.282,5.25
14500,2017-02-14,13.2,1024.4,123.0,10.752,5.25
14501,2017-02-14,12.3,1024.0,134.0,9.882,5.25
14502,2017-02-14,10.4,1023.8,171.0,8.516,5.25
14503,2017-02-14,8.1,1023.8,135.0,6.9479999999999995,5.25
14504,2017-02-14,7.1,1023.8,132.0,5.724,5.25
14505,2017-02-14,8.1,1023.4,116.0,6.42,5.25
14506,2017-02-14,5.9,1022.8,70.0,4.696000000000001,5.25
14507,2017-02-14,5.8,1022.2,46.0,4.627,5.25
14508,2017-02-14,5.0,1021.3,0.0,4.007,5.25
14509,2017-02-14,5.9,1020.5,0.0,4.544,5.25
14510,2017-02-14,5.6,1020.3,0.0,4.246,5.25
14511,2017-02-14,5.6,1019.7,0.0,4.11,5.25
14512,2017-02-14,6.0,1019.4,0.0,4.36,5.25
14513,2017-02-14,4.7,1019.3,0.0,3.466,5.25
14514,2017-02-14,5.8,1018.8,0.0,4.27,5.25
14515,2017-02-14,5.1,1018.5,0.0,3.86,5.25
14516,2017-02-16,11.6,1031.0,0.0,10.125,8.75
14517,2017-02-15,11.7,1030.9,0.0,10.149,8.75
14518,2017-02-15,12.0,1030.9,0.0,10.36,8.75
14519,2017-02-15,12.6,1030.6,0.0,10.8,8.75
14520,2017-02-15,12.8,1030.4,0.0,10.991,8.75
14521,2017-02-15,13.7,1030.1,0.0,11.488,8.75
14522,2017-02-15,14.7,1029.9,5.0,11.96,8.75
14523,2017-02-15,15.7,1029.6,56.0,12.334000000000001,8.75
14524,2017-02-15,16.0,1029.7,137.0,12.25,8.75
14525,2017-02-15,16.9,1029.3,420.0,12.675999999999998,8.75
14526,2017-02-15,16.3,1029.6,503.0,12.404000000000002,8.75
14527,2017-02-15,15.5,1029.9,557.0,11.972000000000001,8.75
14528,2017-02-15,14.9,1030.0,380.0,11.56,8.75
14529,2017-02-15,14.3,1030.0,47.0,11.2,8.75
14530,2017-02-15,11.7,1030.0,281.0,9.512,8.75
14531,2017-02-15,9.4,1030.0,33.0,7.854,8.75
14532,2017-02-15,9.2,1029.3,0.0,7.64,8.75
14533,2017-02-15,8.6,1029.0,0.0,7.22,8.75
14534,2017-02-15,8.2,1028.8,0.0,6.712000000000001,8.75
14535,2017-02-15,8.4,1028.4,0.0,6.862,8.75
14536,2017-02-15,8.8,1028.0,0.0,7.2,8.75
14537,2017-02-15,7.8,1027.9,0.0,6.364,8.75
14538,2017-02-15,9.5,1028.0,0.0,7.68,8.75
14539,2017-02-15,9.6,1027.9,0.0,7.765,8.75
14540,2017-02-17,6.7,1029.0,0.0,6.439,10.65
14541,2017-02-16,7.3,1029.1,0.0,6.952000000000001,10.65
14542,2017-02-16,8.3,1029.0,0.0,8.08,10.65
14543,2017-02-16,8.5,1028.9,0.0,8.18,10.65
14544,2017-02-16,8.8,1028.8,0.0,8.4,10.65
14545,2017-02-16,9.7,1028.6,0.0,9.042,10.65
14546,2017-02-16,9.4,1030.4,102.0,9.136000000000001,10.65
14547,2017-02-16,9.4,1030.4,102.0,9.136000000000001,10.65
14548,2017-02-16,9.4,1030.4,102.0,9.136000000000001,10.65
14549,2017-02-16,9.4,1030.4,102.0,9.136000000000001,10.65
14550,2017-02-16,9.4,1030.4,102.0,9.136000000000001,10.65
14551,2017-02-16,9.4,1030.4,102.0,9.136000000000001,10.65
14552,2017-02-16,9.4,1030.4,102.0,9.136000000000001,10.65
14553,2017-02-16,9.4,1030.4,102.0,9.136000000000001,10.65
14554,2017-02-16,9.2,1030.5,62.0,8.863999999999999,10.65
14555,2017-02-16,8.6,1030.6,30.0,8.36,10.65
14556,2017-02-16,8.1,1030.3,0.0,7.78,10.65
14557,2017-02-16,8.1,1030.2,0.0,7.78,10.65
14558,2017-02-16,9.2,1030.6,0.0,8.863999999999999,10.65
14559,2017-02-16,7.7,1030.8,0.0,7.119,10.65
14560,2017-02-16,8.1,1030.8,0.0,7.62,10.65
14561,2017-02-16,7.9,1030.9,0.0,7.414,10.65
14562,2017-02-16,8.2,1031.1,0.0,7.64,10.65
14563,2017-02-16,9.4,1031.1,0.0,8.446,10.65
14564,2017-02-18,5.1,1027.1,0.0,4.6739999999999995,9.25
14565,2017-02-17,7.1,1027.5,0.0,6.2989999999999995,9.25
14566,2017-02-17,5.4,1027.7,0.0,5.03,9.25
14567,2017-02-17,6.5,1027.7,0.0,5.99,9.25
14568,2017-02-17,6.5,1027.7,0.0,5.905,9.25
14569,2017-02-17,7.4,1027.4,0.0,6.54,9.25
14570,2017-02-17,8.9,1027.0,14.0,7.596,9.25
14571,2017-02-17,9.9,1027.0,128.0,8.06,9.25
14572,2017-02-17,9.4,1027.4,81.0,8.372,9.25
14573,2017-02-17,9.6,1027.6,443.0,8.527999999999999,9.25
14574,2017-02-17,7.8,1028.0,559.0,7.636,9.25
14575,2017-02-17,6.8,1028.3,246.0,6.712000000000001,9.25
14576,2017-02-17,6.2,1028.7,160.0,6.117999999999999,9.25
14577,2017-02-17,5.3,1028.9,190.0,5.227,9.25
14578,2017-02-17,4.8,1028.7,91.0,4.758,9.25
14579,2017-02-17,4.1,1028.7,51.0,4.044,9.25
14580,2017-02-17,3.9,1028.4,0.0,3.742,9.25
14581,2017-02-17,4.3,1028.0,0.0,4.146,9.25
14582,2017-02-17,4.6,1028.0,0.0,4.452,9.25
14583,2017-02-17,4.6,1028.2,0.0,4.452,9.25
14584,2017-02-17,5.3,1028.2,0.0,5.154,9.25
14585,2017-02-17,5.4,1028.3,0.0,5.178,9.25
14586,2017-02-17,5.7,1028.5,0.0,5.468999999999999,9.25
14587,2017-02-17,5.8,1028.8,0.0,5.4879999999999995,9.25
14588,2017-02-19,4.9,1024.3,0.0,4.474,5.05
14589,2017-02-18,4.5,1024.6,0.0,3.975,5.05
14590,2017-02-18,5.8,1024.5,0.0,4.9719999999999995,5.05
14591,2017-02-18,7.7,1024.3,0.0,5.736000000000001,5.05
14592,2017-02-18,7.6,1024.4,0.0,5.4079999999999995,5.05
14593,2017-02-18,8.7,1024.0,0.0,6.51,5.05
14594,2017-02-18,11.4,1023.6,16.0,8.452,5.05
14595,2017-02-18,12.5,1023.4,156.0,8.96,5.05
14596,2017-02-18,11.9,1023.9,318.0,8.892000000000001,5.05
14597,2017-02-18,11.7,1024.1,459.0,9.02,5.05
14598,2017-02-18,11.3,1024.6,543.0,9.128,5.05
14599,2017-02-18,9.9,1025.5,543.0,8.367,5.05
14600,2017-02-18,7.3,1026.1,181.0,6.952000000000001,5.05
14601,2017-02-18,6.1,1026.0,218.0,5.938,5.05
14602,2017-02-18,4.3,1025.9,102.0,4.146,5.05
14603,2017-02-18,2.2,1025.8,46.0,2.06,5.05
14604,2017-02-18,1.7,1025.7,5.0,1.56,5.05
14605,2017-02-18,1.7,1025.7,0.0,1.49,5.05
14606,2017-02-18,2.8,1025.7,0.0,2.69,5.05
14607,2017-02-18,3.7,1025.7,0.0,3.469,5.05
14608,2017-02-18,3.2,1025.9,0.0,2.984,5.05
14609,2017-02-18,2.3,1026.6,0.0,1.99,5.05
14610,2017-02-18,3.0,1026.6,0.0,2.8160000000000003,5.05
14611,2017-02-18,3.5,1026.8,0.0,3.2,5.05
14612,2017-02-20,8.7,1024.4,0.0,7.216,8.2
14613,2017-02-19,8.9,1024.3,0.0,7.452000000000001,8.2
14614,2017-02-19,9.1,1024.3,0.0,7.712000000000001,8.2
14615,2017-02-19,9.4,1024.1,0.0,7.928,8.2
14616,2017-02-19,9.6,1024.2,0.0,8.072000000000001,8.2
14617,2017-02-19,9.8,1024.1,0.0,8.06,8.2
14618,2017-02-19,9.9,1023.8,0.0,8.049,8.2
14619,2017-02-19,10.1,1023.9,18.0,8.057,8.2
14620,2017-02-19,10.3,1023.9,56.0,8.251,8.2
14621,2017-02-19,11.1,1023.7,469.0,7.986000000000001,8.2
14622,2017-02-19,10.6,1023.9,355.0,8.112,8.2
14623,2017-02-19,9.0,1024.7,454.0,6.96,8.2
14624,2017-02-19,8.1,1025.3,288.0,6.42,8.2
14625,2017-02-19,6.0,1024.8,195.0,5.28,8.2
14626,2017-02-19,4.3,1025.2,134.0,3.888,8.2
14627,2017-02-19,2.7,1024.7,116.0,2.46,8.2
14628,2017-02-19,0.5,1024.4,11.0,0.096,8.2
14629,2017-02-19,0.5,1024.1,0.0,0.2,8.2
14630,2017-02-19,1.0,1023.6,0.0,0.82,8.2
14631,2017-02-19,1.2,1023.6,0.0,0.92,8.2
14632,2017-02-19,1.8,1023.9,0.0,1.45,8.2
14633,2017-02-19,2.1,1024.4,0.0,1.82,8.2
14634,2017-02-19,2.4,1024.5,0.0,2.05,8.2
14635,2017-02-19,3.0,1024.5,0.0,2.51,8.2
14636,2017-02-21,11.3,1020.7,0.0,10.742,6.4
14637,2017-02-20,11.4,1020.9,0.0,10.93,6.4
14638,2017-02-20,11.5,1020.9,0.0,11.025,6.4
14639,2017-02-20,11.3,1021.0,0.0,10.927999999999999,6.4
14640,2017-02-20,11.1,1021.2,0.0,10.735999999999999,6.4
14641,2017-02-20,11.2,1021.0,0.0,10.74,6.4
14642,2017-02-20,11.2,1020.6,9.0,10.556,6.4
14643,2017-02-20,11.3,1020.5,37.0,10.556,6.4
14644,2017-02-20,11.3,1020.6,90.0,10.37,6.4
14645,2017-02-20,10.9,1020.9,123.0,9.99,6.4
14646,2017-02-20,10.1,1021.4,149.0,9.308,6.4
14647,2017-02-20,10.1,1021.8,123.0,9.0,6.4
14648,2017-02-20,9.4,1022.5,98.0,8.446,6.4
14649,2017-02-20,9.1,1022.4,151.0,8.209,6.4
14650,2017-02-20,8.9,1022.2,155.0,8.1,6.4
14651,2017-02-20,8.6,1022.5,62.0,7.722,6.4
14652,2017-02-20,8.0,1022.3,5.0,7.2,6.4
14653,2017-02-20,7.9,1022.0,0.0,7.09,6.4
14654,2017-02-20,8.1,1022.5,0.0,7.2,6.4
14655,2017-02-20,8.4,1022.9,0.0,7.436,6.4
14656,2017-02-20,8.3,1022.9,0.0,7.164,6.4
14657,2017-02-20,8.1,1023.5,0.0,6.772,6.4
14658,2017-02-20,8.2,1023.7,0.0,6.996,6.4
14659,2017-02-20,8.4,1024.1,0.0,7.026,6.4
14660,2017-03-29,18.9,1023.6,16.0,12.879000000000001,13.7
14661,2017-03-29,20.1,1023.4,84.0,13.414000000000001,13.7
14662,2017-03-21,10.3,1009.3,0.0,8.998,9.7
14663,2017-03-20,10.6,1009.4,0.0,9.161,9.7
14664,2017-03-20,11.0,1009.6,0.0,9.29,9.7
14665,2017-03-20,11.1,1009.7,0.0,9.389,9.7
14666,2017-03-20,11.3,1009.4,0.0,9.407,9.7
14667,2017-03-20,11.7,1009.5,0.0,9.706,9.7
14668,2017-03-20,11.8,1009.6,21.0,9.512,9.7
14669,2017-03-20,12.1,1009.5,98.0,9.593,9.7
14670,2017-03-20,11.5,1010.2,51.0,9.035,9.7
14671,2017-03-20,11.6,1009.9,123.0,8.936,9.7
14672,2017-03-20,11.4,1010.4,127.0,8.942,9.7
14673,2017-03-20,11.8,1010.7,163.0,9.314,9.7
14674,2017-03-20,11.5,1011.1,174.0,9.035,9.7
14675,2017-03-20,11.3,1011.4,214.0,9.128,9.7
14676,2017-03-20,10.7,1011.5,93.0,8.552,9.7
14677,2017-02-22,10.9,1018.7,0.0,9.812000000000001,0.0
14678,2017-02-21,10.1,1020.1,0.0,9.704,6.0
14679,2017-02-21,10.2,1020.1,0.0,9.71,6.0
14680,2017-02-21,10.4,1020.1,0.0,9.92,6.0
14681,2017-02-21,10.6,1020.4,0.0,10.13,6.0
14682,2017-02-21,10.8,1020.5,0.0,10.34,6.0
14683,2017-02-21,11.0,1020.9,0.0,10.46,6.0
14684,2017-02-23,10.1,1013.1,0.0,8.543,6.35
14685,2017-02-22,10.3,1013.4,0.0,8.666,6.35
14686,2017-02-22,10.4,1013.6,0.0,8.767999999999999,6.35
14687,2017-02-22,10.7,1013.9,0.0,8.987,6.35
14688,2017-02-22,10.9,1014.0,0.0,9.011000000000001,6.35
14689,2017-02-22,11.1,1014.2,0.0,9.02,6.35
14690,2017-02-22,11.2,1014.6,7.0,9.216000000000001,6.35
14691,2017-02-22,11.4,1014.5,33.0,9.412,6.35
14692,2017-02-22,11.4,1014.8,81.0,9.318,6.35
14693,2017-02-22,11.4,1015.4,51.0,9.51,6.35
14694,2017-02-22,11.5,1015.7,114.0,9.51,6.35
14695,2017-02-22,11.4,1016.0,220.0,9.6,6.35
14696,2017-02-22,10.5,1016.5,102.0,8.955,6.35
14697,2017-02-22,10.3,1016.7,58.0,8.832,6.35
14698,2017-02-22,9.9,1016.6,51.0,8.604,6.35
14699,2017-02-22,9.7,1016.6,26.0,8.529,6.35
14700,2017-02-22,9.8,1016.6,0.0,8.527999999999999,6.35
14701,2017-02-22,9.9,1016.2,0.0,8.6,6.35
14702,2017-02-22,10.2,1016.5,0.0,8.728,6.35
14703,2017-02-22,10.3,1016.6,0.0,8.749,6.35
14704,2017-02-22,10.2,1016.7,0.0,8.974,6.35
14705,2017-02-22,10.3,1017.3,0.0,9.247,6.35
14706,2017-02-22,10.6,1017.7,0.0,9.574,6.35
14707,2017-02-22,10.8,1018.2,0.0,9.792,6.35
14708,2017-02-24,7.2,1009.0,0.0,5.13,10.65
14709,2017-02-23,7.7,1008.1,0.0,5.412000000000001,10.65
14710,2017-02-23,7.9,1007.4,0.0,5.584,10.65
14711,2017-02-23,7.5,1006.7,0.0,5.72,10.65
14712,2017-02-23,9.0,1005.7,0.0,6.4,10.65
14713,2017-02-23,9.7,1005.0,0.0,6.602,10.65
14714,2017-02-23,10.6,1003.9,23.0,7.0760000000000005,10.65
14715,2017-02-23,11.4,1002.9,153.0,7.524,10.65
14716,2017-02-23,11.5,1002.4,316.0,9.225,10.65
14717,2017-02-23,9.9,1002.4,47.0,9.214,10.65
14718,2017-02-23,10.7,1002.3,111.0,9.335,10.65
14719,2017-02-23,10.4,1003.2,91.0,8.852,10.65
14720,2017-02-23,10.3,1004.2,77.0,8.666,10.65
14721,2017-02-23,9.8,1004.6,65.0,8.294,10.65
14722,2017-02-23,9.4,1004.8,67.0,8.002,10.65
14723,2017-02-23,9.1,1005.8,35.0,7.925,10.65
14724,2017-02-23,8.8,1006.0,0.0,7.778,10.65
14725,2017-02-23,8.7,1007.1,0.0,7.747999999999999,10.65
14726,2017-02-23,8.8,1008.0,0.0,7.778,10.65
14727,2017-02-23,9.2,1009.1,0.0,8.072000000000001,10.65
14728,2017-02-23,9.1,1009.8,0.0,7.925,10.65
14729,2017-02-23,9.4,1010.9,0.0,8.076,10.65
14730,2017-02-23,9.8,1011.8,0.0,8.216000000000001,10.65
14731,2017-02-23,9.9,1012.3,0.0,8.367,10.65
14732,2017-02-25,1.8,1021.6,0.0,0.6940000000000001,10.85
14733,2017-02-24,2.6,1021.8,0.0,1.3,10.85
14734,2017-02-24,3.7,1021.3,0.0,1.92,10.85
14735,2017-02-24,4.9,1020.7,0.0,2.8,10.85
14736,2017-02-24,5.6,1020.5,0.0,3.136,10.85
14737,2017-02-24,6.6,1019.5,0.0,3.5780000000000003,10.85
14738,2017-02-24,7.3,1018.5,18.0,3.9219999999999997,10.85
14739,2017-02-24,8.1,1017.6,76.0,4.538,10.85
14740,2017-02-24,7.4,1017.3,338.0,4.698,10.85
14741,2017-02-24,5.3,1014.8,332.0,4.255,10.85
14742,2017-02-24,5.3,1014.8,332.0,4.255,10.85
14743,2017-02-24,5.3,1014.8,332.0,4.255,10.85
14744,2017-02-24,5.3,1014.8,332.0,4.255,10.85
14745,2017-02-24,5.3,1014.8,332.0,4.255,10.85
14746,2017-02-24,5.3,1014.8,332.0,4.255,10.85
14747,2017-02-24,4.9,1014.5,181.0,3.8939999999999997,10.85
14748,2017-02-24,4.7,1013.8,16.0,3.718,10.85
14749,2017-02-24,5.0,1012.9,0.0,4.06,10.85
14750,2017-02-24,5.1,1012.4,0.0,4.085,10.85
14751,2017-02-24,5.3,1011.9,0.0,4.192,10.85
14752,2017-02-24,5.5,1011.3,0.0,4.212,10.85
14753,2017-02-24,6.0,1011.1,0.0,4.57,10.85
14754,2017-02-24,6.4,1010.5,0.0,4.75,10.85
14755,2017-02-24,6.8,1009.8,0.0,4.93,10.85
14756,2017-02-26,7.2,1016.3,0.0,4.688,7.6
14757,2017-02-25,7.4,1016.4,0.0,4.772,7.6
14758,2017-02-25,8.4,1016.4,0.0,5.352,7.6
14759,2017-02-25,8.9,1016.5,0.0,5.794,7.6
14760,2017-02-25,9.0,1016.9,0.0,6.1,7.6
14761,2017-02-25,9.9,1016.9,0.0,6.5920000000000005,7.6
14762,2017-02-25,10.8,1016.9,25.0,7.2379999999999995,7.6
14763,2017-02-25,11.5,1017.0,107.0,7.415,7.6
14764,2017-02-25,11.5,1017.9,292.0,7.415,7.6
14765,2017-02-25,11.5,1018.5,397.0,7.51,7.6
14766,2017-02-25,11.9,1019.2,411.0,7.747000000000001,7.6
14767,2017-02-25,11.1,1020.5,543.0,7.2,7.6
14768,2017-02-25,9.6,1021.3,366.0,6.234,7.6
14769,2017-02-25,7.1,1021.7,330.0,4.538,7.6
14770,2017-02-25,5.1,1021.5,320.0,3.57,7.6
14771,2017-02-25,3.8,1021.3,113.0,2.2,7.6
14772,2017-02-25,2.3,1021.1,37.0,1.06,7.6
14773,2017-02-25,2.2,1020.7,0.0,0.9,7.6
14774,2017-02-25,0.7,1020.7,0.0,-0.265,7.6
14775,2017-02-25,0.8,1020.9,0.0,-0.064,7.6
14776,2017-02-25,0.2,1021.0,0.0,-0.642,7.6
14777,2017-02-25,0.2,1021.5,0.0,-0.622,7.6
14778,2017-02-25,0.8,1021.8,0.0,-0.064,7.6
14779,2017-02-25,1.1,1021.9,0.0,0.196,7.6
14780,2017-02-27,7.2,1016.3,0.0,4.688,7.1
14781,2017-02-26,7.2,1016.3,0.0,4.688,7.1
14782,2017-02-26,7.2,1016.3,0.0,4.688,7.1
14783,2017-02-26,7.2,1016.3,0.0,4.688,7.1
14784,2017-02-26,7.2,1016.3,0.0,4.688,7.1
14785,2017-02-26,7.2,1016.3,0.0,4.688,7.1
14786,2017-02-26,7.2,1016.3,0.0,4.688,7.1
14787,2017-02-26,7.2,1016.3,0.0,4.688,7.1
14788,2017-02-26,7.2,1016.3,0.0,4.688,7.1
14789,2017-02-26,7.2,1016.3,0.0,4.688,7.1
14790,2017-02-26,7.2,1016.3,0.0,4.688,7.1
14791,2017-02-26,7.2,1016.3,0.0,4.688,7.1
14792,2017-02-26,7.2,1016.3,0.0,4.688,7.1
14793,2017-02-26,7.2,1016.3,0.0,4.688,7.1
14794,2017-02-26,7.2,1016.3,0.0,4.688,7.1
14795,2017-02-26,7.2,1016.3,0.0,4.688,7.1
14796,2017-02-26,7.2,1016.3,0.0,4.688,7.1
14797,2017-02-26,7.2,1016.3,0.0,4.688,7.1
14798,2017-02-26,7.2,1016.3,0.0,4.688,7.1
14799,2017-02-26,7.2,1016.3,0.0,4.688,7.1
14800,2017-02-26,7.2,1016.3,0.0,4.688,7.1
14801,2017-02-26,7.2,1016.3,0.0,4.688,7.1
14802,2017-02-26,7.2,1016.3,0.0,4.688,7.1
14803,2017-02-26,7.2,1016.3,0.0,4.688,7.1
14804,2017-02-28,4.8,993.6,0.0,3.6460000000000004,3.3
14805,2017-02-27,5.2,993.7,0.0,3.86,3.3
14806,2017-02-27,6.7,993.9,0.0,5.06,3.3
14807,2017-02-27,6.9,993.6,0.0,5.62,3.3
14808,2017-02-27,7.1,993.8,0.0,5.481,3.3
14809,2017-02-27,8.0,993.2,0.0,5.97,3.3
14810,2017-02-27,8.5,993.1,14.0,6.54,3.3
14811,2017-02-27,8.6,993.6,84.0,7.098,3.3
14812,2017-02-27,7.9,994.0,72.0,6.8229999999999995,3.3
14813,2017-02-27,10.7,993.6,32.0,9.161,3.3
14814,2017-02-27,9.9,994.5,120.0,8.6,3.3
14815,2017-02-27,11.4,996.5,79.0,10.03,3.3
14816,2017-02-27,7.2,1016.3,0.0,4.688,3.3
14817,2017-02-27,7.2,1016.3,0.0,4.688,3.3
14818,2017-02-27,7.2,1016.3,0.0,4.688,3.3
14819,2017-02-27,7.2,1016.3,0.0,4.688,3.3
14820,2017-02-27,7.2,1016.3,0.0,4.688,3.3
14821,2017-02-27,7.2,1016.3,0.0,4.688,3.3
14822,2017-02-27,7.2,1016.3,0.0,4.688,3.3
14823,2017-02-27,7.2,1016.3,0.0,4.688,3.3
14824,2017-02-27,7.2,1016.3,0.0,4.688,3.3
14825,2017-02-27,7.2,1016.3,0.0,4.688,3.3
14826,2017-02-27,7.2,1016.3,0.0,4.688,3.3
14827,2017-02-27,7.2,1016.3,0.0,4.688,3.3
14828,2017-03-01,5.7,1001.1,0.0,4.796,9.5
14829,2017-02-28,5.4,1000.6,0.0,4.66,9.5
14830,2017-02-28,5.0,1000.4,0.0,4.3,9.5
14831,2017-02-28,6.2,999.8,0.0,4.66,9.5
14832,2017-02-28,6.5,999.1,0.0,4.62,9.5
14833,2017-02-28,6.6,998.4,0.0,4.56,9.5
14834,2017-02-28,6.9,997.3,23.0,4.73,9.5
14835,2017-02-28,7.6,995.9,69.0,4.7,9.5
14836,2017-02-28,7.8,994.3,462.0,5.084,9.5
14837,2017-02-28,7.7,992.7,318.0,5.3260000000000005,9.5
14838,2017-02-28,6.9,991.6,195.0,4.8,9.5
14839,2017-02-28,6.5,990.6,91.0,5.2,9.5
14840,2017-02-28,5.4,990.1,105.0,4.66,9.5
14841,2017-02-28,4.9,990.1,93.0,4.19,9.5
14842,2017-02-28,5.8,990.4,44.0,4.816,9.5
14843,2017-02-28,5.5,990.8,58.0,4.425,9.5
14844,2017-02-28,4.7,992.2,19.0,3.718,9.5
14845,2017-02-28,5.1,992.4,0.0,4.085,9.5
14846,2017-02-28,4.4,993.0,0.0,3.31,9.5
14847,2017-02-28,4.8,993.4,0.0,3.708,9.5
14848,2017-02-28,5.1,993.6,0.0,3.88,9.5
14849,2017-02-28,5.0,993.6,0.0,3.763,9.5
14850,2017-02-28,4.4,993.4,0.0,3.31,9.5
14851,2017-02-28,4.5,993.7,0.0,3.295,9.5
14852,2017-03-02,8.6,1006.6,0.0,7.02,6.4
14853,2017-03-01,8.7,1005.6,0.0,7.482,6.4
14854,2017-03-01,9.6,1004.3,0.0,7.996,6.4
14855,2017-03-01,10.3,1003.1,0.0,9.524,6.4
14856,2017-03-01,10.7,1002.0,0.0,10.235,6.4
14857,2017-03-01,10.2,1001.8,0.0,9.71,6.4
14858,2017-03-01,11.4,1000.6,7.0,10.93,6.4
14859,2017-03-01,11.2,1000.5,23.0,10.648,6.4
14860,2017-03-01,10.2,1000.9,46.0,9.71,6.4
14861,2017-03-01,9.1,1001.4,35.0,8.526,6.4
14862,2017-03-01,8.8,1001.9,51.0,8.0,6.4
14863,2017-03-01,8.7,1003.5,74.0,7.9,6.4
14864,2017-03-01,8.1,1005.0,107.0,7.124,6.4
14865,2017-03-01,8.5,1005.3,84.0,7.46,6.4
14866,2017-03-01,7.7,1005.6,58.0,6.609,6.4
14867,2017-03-01,7.0,1005.6,97.0,5.94,6.4
14868,2017-03-01,6.4,1005.2,26.0,5.412000000000001,6.4
14869,2017-03-01,6.6,1004.5,0.0,5.5120000000000005,6.4
14870,2017-03-01,6.2,1004.0,0.0,5.164,6.4
14871,2017-03-01,6.1,1003.4,0.0,5.077,6.4
14872,2017-03-01,5.9,1002.8,0.0,4.9719999999999995,6.4
14873,2017-03-01,5.9,1002.5,0.0,4.9719999999999995,6.4
14874,2017-03-01,5.7,1001.9,0.0,4.796,6.4
14875,2017-03-01,5.9,1001.4,0.0,4.9030000000000005,6.4
14876,2017-03-03,7.4,1013.9,0.0,5.466,7.85
14877,2017-03-02,8.1,1014.1,0.0,5.82,7.85
14878,2017-03-02,8.3,1014.7,0.0,5.94,7.85
14879,2017-03-02,8.4,1015.6,0.0,6.18,7.85
14880,2017-03-02,9.1,1015.8,0.0,6.581,7.85
14881,2017-03-02,9.4,1015.9,0.0,6.44,7.85
14882,2017-03-02,10.4,1015.5,39.0,6.8,7.85
14883,2017-03-02,11.8,1015.7,213.0,7.572,7.85
14884,2017-03-02,11.9,1015.8,144.0,7.656000000000001,7.85
14885,2017-03-02,12.1,1015.7,476.0,7.91,7.85
14886,2017-03-02,10.7,1015.9,276.0,7.157,7.85
14887,2017-03-02,10.8,1016.2,610.0,7.22,7.85
14888,2017-03-02,9.8,1016.1,652.0,6.596,7.85
14889,2017-03-02,8.9,1015.5,517.0,6.382000000000001,7.85
14890,2017-03-02,7.4,1014.7,369.0,5.544,7.85
14891,2017-03-02,6.2,1014.3,197.0,4.876,7.85
14892,2017-03-02,5.5,1013.3,35.0,4.468,7.85
14893,2017-03-02,5.5,1012.1,0.0,4.62,7.85
14894,2017-03-02,5.7,1011.5,0.0,4.662,7.85
14895,2017-03-02,6.0,1010.6,0.0,4.85,7.85
14896,2017-03-02,6.6,1010.2,0.0,5.056,7.85
14897,2017-03-02,7.4,1009.6,0.0,5.784,7.85
14898,2017-03-02,8.1,1008.7,0.0,6.42,7.85
14899,2017-03-02,8.2,1007.7,0.0,6.54,7.85
14900,2017-03-04,13.8,992.9,0.0,11.49,9.0
14901,2017-03-03,13.3,993.4,0.0,11.072000000000001,9.0
14902,2017-03-03,14.2,993.6,0.0,11.36,9.0
14903,2017-03-03,13.8,993.9,0.0,11.388,9.0
14904,2017-03-03,13.7,994.4,0.0,11.179,9.0
14905,2017-03-03,14.2,994.5,0.0,11.36,9.0
14906,2017-03-03,15.5,995.2,26.0,11.71,9.0
14907,2017-03-03,16.2,996.0,93.0,12.202,9.0
14908,2017-03-03,16.1,996.7,209.0,11.892000000000001,9.0
14909,2017-03-03,16.3,997.5,253.0,11.94,9.0
14910,2017-03-03,15.7,998.3,290.0,11.655999999999999,9.0
14911,2017-03-03,15.3,999.8,322.0,11.304,9.0
14912,2017-03-03,13.5,1000.9,439.0,10.29,9.0
14913,2017-03-03,11.6,1002.2,109.0,9.128,9.0
14914,2017-03-03,9.1,1002.9,148.0,7.41,9.0
14915,2017-03-03,9.1,1004.3,91.0,7.125,9.0
14916,2017-03-03,8.9,1005.0,21.0,6.84,9.0
14917,2017-03-03,8.7,1005.8,0.0,6.6,9.0
14918,2017-03-03,8.7,1007.0,0.0,6.33,9.0
14919,2017-03-03,8.2,1007.7,0.0,5.82,9.0
14920,2017-03-03,7.9,1009.3,0.0,5.76,9.0
14921,2017-03-03,7.6,1010.5,0.0,5.736000000000001,9.0
14922,2017-03-03,6.7,1011.9,0.0,5.1370000000000005,9.0
14923,2017-03-03,7.6,1013.0,0.0,5.818,9.0
14924,2017-03-05,6.4,999.1,0.0,5.56,10.9
14925,2017-03-04,6.9,998.1,0.0,5.852,10.9
14926,2017-03-04,6.9,997.1,0.0,5.931,10.9
14927,2017-03-04,6.9,996.0,0.0,6.099,10.9
14928,2017-03-04,6.8,995.3,0.0,6.007999999999999,10.9
14929,2017-03-04,7.6,994.3,0.0,6.76,10.9
14930,2017-03-04,7.4,993.1,35.0,6.626,10.9
14931,2017-03-04,8.6,992.4,16.0,7.96,10.9
14932,2017-03-04,7.9,991.7,97.0,7.332999999999999,10.9
14933,2017-03-04,7.6,990.9,51.0,6.928,10.9
14934,2017-03-04,7.7,990.4,77.0,7.202000000000001,10.9
14935,2017-03-04,8.2,990.5,26.0,7.8,10.9
14936,2017-03-04,8.2,990.2,88.0,7.88,10.9
14937,2017-03-04,7.9,990.1,86.0,7.5760000000000005,10.9
14938,2017-03-04,7.8,990.0,60.0,7.39,10.9
14939,2017-03-04,8.4,990.0,21.0,7.84,10.9
14940,2017-03-04,9.6,990.0,0.0,8.956,10.9
14941,2017-03-04,9.2,990.1,0.0,8.612,10.9
14942,2017-03-04,10.2,990.4,0.0,9.427,10.9
14943,2017-03-04,10.9,990.5,0.0,9.704,10.9
14944,2017-03-04,11.3,990.8,0.0,10.196,10.9
14945,2017-03-04,11.4,991.6,0.0,10.202,10.9
14946,2017-03-04,11.8,992.6,0.0,10.41,10.9
14947,2017-03-04,13.7,992.5,0.0,10.972999999999999,10.9
14948,2017-03-06,7.3,1002.8,0.0,5.296,10.05
14949,2017-03-05,7.3,1002.8,0.0,5.296,10.05
14950,2017-03-05,7.2,1002.6,0.0,5.204,10.05
14951,2017-03-05,7.1,1002.1,0.0,5.056,10.05
14952,2017-03-05,7.8,1001.4,0.0,5.497999999999999,10.05
14953,2017-03-05,8.1,1000.5,0.0,5.52,10.05
14954,2017-03-05,7.9,999.0,40.0,5.936,10.05
14955,2017-03-05,7.2,998.3,60.0,5.5,10.05
14956,2017-03-05,9.3,996.6,155.0,7.013999999999999,10.05
14957,2017-03-05,9.2,995.8,316.0,7.784,10.05
14958,2017-03-05,7.1,995.3,199.0,6.047999999999999,10.05
14959,2017-03-05,8.0,994.9,102.0,7.28,10.05
14960,2017-03-05,7.2,995.4,76.0,6.32,10.05
14961,2017-03-05,6.3,996.5,54.0,5.324,10.05
14962,2017-03-05,6.7,997.7,42.0,5.587999999999999,10.05
14963,2017-03-05,6.6,999.3,9.0,5.436,10.05
14964,2017-03-05,5.8,999.3,21.0,4.8839999999999995,10.05
14965,2017-03-05,5.2,1000.4,0.0,4.552,10.05
14966,2017-03-05,4.6,1000.9,0.0,4.008,10.05
14967,2017-03-05,4.8,1001.2,0.0,4.332,10.05
14968,2017-03-05,5.3,1000.9,0.0,4.643,10.05
14969,2017-03-05,5.6,1000.6,0.0,4.992,10.05
14970,2017-03-05,5.9,1000.5,0.0,5.11,10.05
14971,2017-03-05,6.5,1000.1,0.0,5.5,10.05
14972,2017-03-07,5.8,1012.9,0.0,5.268,8.1
14973,2017-03-06,5.0,0.0,32767.0,4.9,8.1
14974,2017-03-06,5.0,0.0,32767.0,4.9,8.1
14975,2017-03-06,6.6,1009.4,42.0,5.664,8.1
14976,2017-03-06,6.6,1009.4,42.0,5.664,8.1
14977,2017-03-06,6.6,1009.4,42.0,5.664,8.1
14978,2017-03-06,6.5,1009.1,47.0,5.575,8.1
14979,2017-03-06,6.1,1008.0,74.0,5.371,8.1
14980,2017-03-06,5.7,1006.0,128.0,5.0680000000000005,8.1
14981,2017-03-06,4.7,1004.4,98.0,4.262,8.1
14982,2017-03-06,4.4,1001.9,90.0,3.944,8.1
14983,2017-03-06,3.4,999.7,165.0,3.03,8.1
14984,2017-03-06,3.2,998.6,28.0,2.6239999999999997,8.1
14985,2017-03-06,5.5,998.6,11.0,4.825,8.1
14986,2017-03-06,5.7,999.3,44.0,5.007,8.1
14987,2017-03-06,6.7,1000.6,9.0,5.599,8.1
14988,2017-03-06,6.4,1002.2,11.0,5.263999999999999,8.1
14989,2017-03-06,6.3,1003.5,0.0,5.178,8.1
14990,2017-03-06,7.3,1002.8,0.0,5.296,8.1
14991,2017-03-06,7.3,1002.8,0.0,5.296,8.1
14992,2017-03-06,7.3,1002.8,0.0,5.296,8.1
14993,2017-03-06,7.3,1002.8,0.0,5.296,8.1
14994,2017-03-06,7.3,1002.8,0.0,5.296,8.1
14995,2017-03-06,7.3,1002.8,0.0,5.296,8.1
14996,2017-03-08,6.7,1020.4,0.0,5.599,23.15
14997,2017-03-07,6.4,1019.8,0.0,5.042,23.15
14998,2017-03-07,6.4,1019.8,0.0,4.894,23.15
14999,2017-03-07,6.4,1019.7,0.0,4.54,23.15
15000,2017-03-07,7.1,1019.7,0.0,4.834,23.15
15001,2017-03-07,8.3,1019.5,0.0,5.416,23.15
15002,2017-03-07,9.1,1018.6,46.0,5.888,23.15
15003,2017-03-07,9.3,1018.3,149.0,5.87,23.15
15004,2017-03-07,9.2,1018.6,202.0,5.877999999999999,23.15
15005,2017-03-07,9.1,1018.1,705.0,5.987,23.15
15006,2017-03-07,8.7,1017.9,429.0,5.864,23.15
15007,2017-03-07,8.2,1018.6,311.0,5.472,23.15
15008,2017-03-07,7.4,1017.8,341.0,5.466,23.15
15009,2017-03-07,7.0,1017.9,417.0,5.38,23.15
15010,2017-03-07,6.3,1017.8,265.0,5.032,23.15
15011,2017-03-07,6.0,1017.4,98.0,4.85,23.15
15012,2017-03-07,5.7,1016.7,21.0,4.796,23.15
15013,2017-03-07,5.8,1015.9,0.0,4.8839999999999995,23.15
15014,2017-03-07,5.8,1015.6,0.0,4.952,23.15
15015,2017-03-07,5.9,1014.7,0.0,5.041,23.15
15016,2017-03-07,5.9,1014.6,0.0,5.268,23.15
15017,2017-03-07,5.9,1014.3,0.0,5.347,23.15
15018,2017-03-07,5.9,1014.0,0.0,5.268,23.15
15019,2017-03-07,5.8,1013.5,0.0,5.176,23.15
15020,2017-03-09,11.7,1020.1,0.0,11.215,4.7
15021,2017-03-08,11.7,1019.9,0.0,11.312000000000001,4.7
15022,2017-03-08,11.9,1019.7,0.0,11.405,4.7
15023,2017-03-08,12.4,1019.2,0.0,11.7,4.7
15024,2017-03-08,12.5,1018.8,0.0,11.9,4.7
15025,2017-03-08,12.4,1018.3,0.0,11.9,4.7
15026,2017-03-08,12.3,1017.7,14.0,11.9,4.7
15027,2017-03-08,12.3,1017.9,26.0,11.8,4.7
15028,2017-03-08,12.9,1017.3,46.0,11.9,4.7
15029,2017-03-08,13.3,1016.8,95.0,12.06,4.7
15030,2017-03-08,12.9,1017.4,153.0,11.74,4.7
15031,2017-03-08,13.2,1017.5,105.0,11.96,4.7
15032,2017-03-08,12.4,1017.7,127.0,11.32,4.7
15033,2017-03-08,10.8,1017.3,223.0,10.248,4.7
15034,2017-03-08,9.5,1016.8,158.0,9.05,4.7
15035,2017-03-08,8.4,1016.8,42.0,8.0,4.7
15036,2017-03-08,7.4,1017.2,5.0,6.97,4.7
15037,2017-03-08,7.4,1016.8,0.0,6.8839999999999995,4.7
15038,2017-03-08,7.5,1017.3,0.0,6.82,4.7
15039,2017-03-08,7.5,1017.5,0.0,6.735,4.7
15040,2017-03-08,7.4,1018.4,0.0,6.54,4.7
15041,2017-03-08,7.7,1019.1,0.0,6.609,4.7
15042,2017-03-08,7.2,1019.9,0.0,6.156000000000001,4.7
15043,2017-03-08,6.5,1020.3,0.0,5.56,4.7
15044,2017-03-10,10.5,1025.5,0.0,9.74,9.5
15045,2017-03-09,11.2,1025.2,0.0,10.556,9.5
15046,2017-03-09,11.4,1024.8,0.0,11.024000000000001,9.5
15047,2017-03-09,12.0,1024.3,0.0,11.5,9.5
15048,2017-03-09,12.5,1024.0,0.0,11.8,9.5
15049,2017-03-09,13.0,1023.7,0.0,12.2,9.5
15050,2017-03-09,13.3,1022.7,44.0,12.4,9.5
15051,2017-03-09,13.2,1022.5,93.0,12.6,9.5
15052,2017-03-09,12.7,1022.5,62.0,12.2,9.5
15053,2017-03-09,12.7,1022.3,84.0,12.1,9.5
15054,2017-03-09,12.8,1022.4,153.0,11.9,9.5
15055,2017-03-09,12.8,1022.4,125.0,11.8,9.5
15056,2017-03-09,12.5,1022.3,127.0,11.7,9.5
15057,2017-03-09,12.2,1021.9,54.0,11.4,9.5
15058,2017-03-09,12.2,1021.2,70.0,11.4,9.5
15059,2017-03-09,11.8,1021.1,56.0,11.114,9.5
15060,2017-03-09,11.5,1020.8,25.0,10.93,9.5
15061,2017-03-09,11.4,1020.4,0.0,10.835,9.5
15062,2017-03-09,11.2,1020.5,0.0,10.74,9.5
15063,2017-03-09,11.4,1020.6,0.0,10.835999999999999,9.5
15064,2017-03-09,11.6,1020.3,0.0,11.024000000000001,9.5
15065,2017-03-09,11.7,1020.6,0.0,11.118,9.5
15066,2017-03-09,11.7,1020.8,0.0,11.118,9.5
15067,2017-03-09,11.8,1020.4,0.0,11.212,9.5
15068,2017-03-11,7.1,1022.3,0.0,6.744,9.9
15069,2017-03-10,7.0,1022.6,0.0,6.64,9.9
15070,2017-03-10,6.9,1023.0,0.0,6.455,9.9
15071,2017-03-10,7.5,1023.4,0.0,6.99,9.9
15072,2017-03-10,8.0,1023.6,0.0,7.44,9.9
15073,2017-03-10,8.8,1023.5,0.0,7.926,9.9
15074,2017-03-10,11.2,1023.3,44.0,9.576,9.9
15075,2017-03-10,11.8,1023.6,79.0,10.164,9.9
15076,2017-03-10,12.0,1024.1,139.0,10.36,9.9
15077,2017-03-10,12.1,1024.5,241.0,10.46,9.9
15078,2017-03-10,11.4,1025.2,225.0,9.943999999999999,9.9
15079,2017-03-10,10.8,1025.6,163.0,9.704,9.9
15080,2017-03-10,10.6,1026.0,156.0,9.488,9.9
15081,2017-03-10,10.2,1026.4,179.0,9.22,9.9
15082,2017-03-10,9.8,1026.6,91.0,8.948,9.9
15083,2017-03-10,10.0,1026.2,56.0,9.1,9.9
15084,2017-03-10,9.6,1025.9,14.0,8.956,9.9
15085,2017-03-10,9.1,1025.7,0.0,8.696,9.9
15086,2017-03-10,9.2,1025.6,0.0,8.863999999999999,9.9
15087,2017-03-10,8.2,1025.4,0.0,7.96,9.9
15088,2017-03-10,8.0,1025.5,0.0,7.76,9.9
15089,2017-03-10,8.4,1025.8,0.0,8.08,9.9
15090,2017-03-10,8.5,1025.8,0.0,8.1,9.9
15091,2017-03-10,9.7,1025.7,0.0,9.042,9.9
15092,2017-03-12,9.8,1013.5,0.0,7.568,11.25
15093,2017-03-11,11.1,1013.9,0.0,8.187999999999999,11.25
15094,2017-03-11,12.7,1014.3,0.0,8.47,11.25
15095,2017-03-11,13.8,1014.5,0.0,8.72,11.25
15096,2017-03-11,14.3,1014.6,0.0,8.876,11.25
15097,2017-03-11,15.5,1014.7,0.0,9.716000000000001,11.25
15098,2017-03-11,17.3,1014.2,60.0,9.502,11.25
15099,2017-03-11,18.0,1014.6,262.0,10.02,11.25
15100,2017-03-11,17.5,1014.9,425.0,9.525,11.25
15101,2017-03-11,16.9,1015.6,564.0,9.552999999999999,11.25
15102,2017-03-11,16.2,1016.3,418.0,9.556000000000001,11.25
15103,2017-03-11,15.4,1016.9,679.0,10.2,11.25
15104,2017-03-11,13.7,1017.6,657.0,9.566,11.25
15105,2017-03-11,11.5,1018.1,369.0,8.225,11.25
15106,2017-03-11,9.9,1018.6,267.0,7.725,11.25
15107,2017-03-11,9.2,1018.7,399.0,7.376,11.25
15108,2017-03-11,6.2,1019.2,58.0,4.876,11.25
15109,2017-03-11,5.4,1019.4,0.0,4.404,11.25
15110,2017-03-11,5.9,1019.3,0.0,4.834,11.25
15111,2017-03-11,6.8,1019.8,0.0,5.53,11.25
15112,2017-03-11,6.5,1020.3,0.0,5.5,11.25
15113,2017-03-11,6.8,1021.1,0.0,6.007999999999999,11.25
15114,2017-03-11,7.1,1021.6,0.0,6.2989999999999995,11.25
15115,2017-03-11,7.9,1021.9,0.0,7.2,11.25
15116,2017-03-13,9.1,1017.2,0.0,8.526,12.55
15117,2017-03-12,9.2,1016.5,0.0,8.527999999999999,12.55
15118,2017-03-12,10.0,1015.8,0.0,9.0,12.55
15119,2017-03-12,11.0,1015.1,0.0,10.1,12.55
15120,2017-03-12,11.3,1014.4,0.0,10.283,12.55
15121,2017-03-12,11.8,1013.4,0.0,10.492,12.55
15122,2017-03-12,12.7,1012.2,60.0,11.14,12.55
15123,2017-03-12,13.4,1011.4,179.0,11.78,12.55
15124,2017-03-12,16.0,1010.7,513.0,11.7,12.55
15125,2017-03-12,15.8,1010.6,392.0,11.04,12.55
15126,2017-03-12,15.7,1010.7,696.0,10.23,12.55
15127,2017-03-12,15.0,1010.8,729.0,9.96,12.55
15128,2017-03-12,14.3,1011.1,605.0,9.675,12.55
15129,2017-03-12,12.5,1011.1,599.0,9.104,12.55
15130,2017-03-12,9.9,1011.4,239.0,7.968,12.55
15131,2017-03-12,8.2,1011.3,200.0,6.8839999999999995,12.55
15132,2017-03-12,7.1,1010.9,65.0,5.886,12.55
15133,2017-03-12,7.6,1010.9,0.0,6.33,12.55
15134,2017-03-12,7.8,1011.1,0.0,6.364,12.55
15135,2017-03-12,8.0,1011.2,0.0,6.57,12.55
15136,2017-03-12,7.6,1011.4,0.0,6.244,12.55
15137,2017-03-12,8.3,1012.1,0.0,6.944,12.55
15138,2017-03-12,8.8,1012.7,0.0,7.17,12.55
15139,2017-03-12,9.4,1013.1,0.0,7.436,12.55
15140,2017-03-14,8.6,1032.4,0.0,7.8,10.7
15141,2017-03-13,8.9,1032.0,0.0,8.027999999999999,10.7
15142,2017-03-13,9.7,1031.5,0.0,8.606,10.7
15143,2017-03-13,10.9,1030.9,0.0,9.456,10.7
15144,2017-03-13,12.0,1030.0,0.0,10.0,10.7
15145,2017-03-13,12.6,1029.3,0.0,10.472000000000001,10.7
15146,2017-03-13,13.3,1028.6,21.0,10.857999999999999,10.7
15147,2017-03-13,13.7,1028.1,72.0,11.072000000000001,10.7
15148,2017-03-13,13.8,1027.7,142.0,11.292,10.7
15149,2017-03-13,14.1,1027.1,299.0,11.36,10.7
15150,2017-03-13,13.6,1026.7,299.0,11.175999999999998,10.7
15151,2017-03-13,12.6,1026.8,158.0,10.588,10.7
15152,2017-03-13,13.1,1026.3,854.0,10.752,10.7
15153,2017-03-13,11.1,1025.8,265.0,9.478,10.7
15154,2017-03-13,10.3,1025.0,427.0,8.583,10.7
15155,2017-03-13,9.1,1023.8,264.0,8.443999999999999,10.7
15156,2017-03-13,8.2,1022.8,70.0,7.72,10.7
15157,2017-03-13,7.7,1021.8,0.0,7.285,10.7
15158,2017-03-13,8.0,1021.3,0.0,7.6,10.7
15159,2017-03-13,7.9,1020.6,0.0,7.414,10.7
15160,2017-03-13,8.1,1019.8,0.0,7.62,10.7
15161,2017-03-13,8.4,1019.4,0.0,7.84,10.7
15162,2017-03-13,8.7,1018.9,0.0,8.22,10.7
15163,2017-03-13,8.8,1018.2,0.0,8.32,10.7
15164,2017-03-15,9.5,1033.2,0.0,8.375,10.6
15165,2017-03-14,9.6,1033.5,0.0,8.452,10.6
15166,2017-03-14,9.8,1033.2,0.0,8.606,10.6
15167,2017-03-14,10.3,1033.2,0.0,8.915,10.6
15168,2017-03-14,10.6,1033.1,0.0,9.144,10.6
15169,2017-03-14,10.5,1033.1,7.0,8.87,10.6
15170,2017-03-14,11.2,1032.7,113.0,9.4,10.6
15171,2017-03-14,12.2,1032.3,253.0,10.094,10.6
15172,2017-03-14,12.7,1032.3,206.0,10.472000000000001,10.6
15173,2017-03-14,13.3,1032.4,635.0,10.644,10.6
15174,2017-03-14,13.2,1032.8,728.0,10.08,10.6
15175,2017-03-14,12.5,1033.3,789.0,9.755,10.6
15176,2017-03-14,11.8,1033.5,281.0,9.607999999999999,10.6
15177,2017-03-14,10.1,1033.7,339.0,8.543,10.6
15178,2017-03-14,9.1,1033.6,454.0,7.7829999999999995,10.6
15179,2017-03-14,6.8,1033.2,306.0,6.096,10.6
15180,2017-03-14,5.3,1033.0,97.0,4.862,10.6
15181,2017-03-14,5.0,1032.7,0.0,4.745,10.6
15182,2017-03-14,5.2,1032.3,0.0,4.84,10.6
15183,2017-03-14,5.7,1032.2,0.0,5.315,10.6
15184,2017-03-14,6.2,1032.3,0.0,5.707999999999999,10.6
15185,2017-03-14,6.7,1032.3,0.0,6.091,10.6
15186,2017-03-14,7.6,1032.6,0.0,6.76,10.6
15187,2017-03-14,8.2,1032.5,0.0,7.48,10.6
15188,2017-03-16,10.3,1028.2,0.0,8.998,10.65
15189,2017-03-15,10.9,1028.7,0.0,9.367,10.65
15190,2017-03-15,11.1,1029.0,0.0,9.478,10.65
15191,2017-03-15,11.9,1029.1,0.0,9.902000000000001,10.65
15192,2017-03-15,12.3,1029.1,0.0,10.088,10.65
15193,2017-03-15,13.4,1029.0,0.0,10.752,10.65
15194,2017-03-15,14.2,1029.3,104.0,11.36,10.65
15195,2017-03-15,14.7,1029.5,128.0,11.4,10.65
15196,2017-03-15,15.0,1030.1,192.0,11.604000000000001,10.65
15197,2017-03-15,14.4,1030.7,258.0,11.32,10.65
15198,2017-03-15,13.8,1031.4,171.0,11.282,10.65
15199,2017-03-15,13.4,1031.8,271.0,11.175999999999998,10.65
15200,2017-03-15,11.7,1032.3,246.0,10.315,10.65
15201,2017-03-15,9.9,1032.6,207.0,9.116,10.65
15202,2017-03-15,9.7,1032.7,70.0,8.76,10.65
15203,2017-03-15,9.5,1032.5,62.0,8.525,10.65
15204,2017-03-15,9.5,1032.4,14.0,8.3,10.65
15205,2017-03-15,9.4,1032.1,0.0,8.15,10.65
15206,2017-03-15,9.2,1031.9,0.0,8.075,10.65
15207,2017-03-15,9.3,1031.9,0.0,8.148,10.65
15208,2017-03-15,9.1,1032.1,0.0,7.996,10.65
15209,2017-03-15,8.9,1032.6,0.0,7.99,10.65
15210,2017-03-15,9.3,1033.1,0.0,8.221,10.65
15211,2017-03-15,9.4,1033.2,0.0,8.298,10.65
15212,2017-03-17,11.6,1017.3,0.0,9.968,10.0
15213,2017-03-16,13.7,1017.7,0.0,11.179,10.0
15214,2017-03-16,13.8,1018.0,0.0,11.184000000000001,10.0
15215,2017-03-16,14.7,1018.0,0.0,11.52,10.0
15216,2017-03-16,16.8,1017.7,0.0,12.466,10.0
15217,2017-03-16,18.2,1017.6,5.0,12.98,10.0
15218,2017-03-16,20.4,1017.9,79.0,13.764000000000001,10.0
15219,2017-03-16,20.7,1018.3,290.0,13.724,10.0
15220,2017-03-16,20.1,1018.9,457.0,13.7,10.0
15221,2017-03-16,18.9,1019.9,594.0,12.879000000000001,10.0
15222,2017-03-16,18.5,1020.8,677.0,12.905,10.0
15223,2017-03-16,17.9,1021.9,712.0,12.755,10.0
15224,2017-03-16,16.7,1022.6,682.0,12.384,10.0
15225,2017-03-16,15.5,1023.3,357.0,12.17,10.0
15226,2017-03-16,13.6,1023.7,469.0,11.384,10.0
15227,2017-03-16,11.5,1024.2,288.0,9.955,10.0
15228,2017-03-16,8.4,1024.5,102.0,8.0,10.0
15229,2017-03-16,7.3,1024.8,0.0,6.865,10.0
15230,2017-03-16,6.9,1025.0,0.0,6.455,10.0
15231,2017-03-16,7.6,1025.1,0.0,7.18,10.0
15232,2017-03-16,8.2,1025.5,0.0,7.72,10.0
15233,2017-03-16,8.2,1026.2,0.0,7.64,10.0
15234,2017-03-16,8.3,1027.0,0.0,7.58,10.0
15235,2017-03-16,9.4,1027.6,0.0,8.372,10.0
15236,2017-03-18,7.8,1017.2,0.0,5.67,14.95
15237,2017-03-17,8.2,1017.4,0.0,6.626,14.95
15238,2017-03-17,8.2,1018.1,0.0,6.45,14.95
15239,2017-03-17,8.9,1017.9,0.0,7.02,14.95
15240,2017-03-17,9.6,1018.1,0.0,7.247999999999999,14.95
15241,2017-03-17,10.5,1018.2,0.0,7.375,14.95
15242,2017-03-17,11.4,1018.4,84.0,8.036,14.95
15243,2017-03-17,12.5,1018.7,244.0,8.5,14.95
15244,2017-03-17,12.2,1019.0,378.0,8.792,14.95
15245,2017-03-17,12.0,1019.2,485.0,8.98,14.95
15246,2017-03-17,11.4,1019.4,134.0,8.452,14.95
15247,2017-03-17,11.2,1019.7,209.0,8.664,14.95
15248,2017-03-17,10.6,1020.0,343.0,8.542,14.95
15249,2017-03-17,9.6,1019.9,218.0,8.072000000000001,14.95
15250,2017-03-17,9.1,1019.6,155.0,7.712000000000001,14.95
15251,2017-03-17,8.6,1019.4,120.0,7.4879999999999995,14.95
15252,2017-03-17,8.6,1018.9,26.0,7.566,14.95
15253,2017-03-17,8.4,1018.5,0.0,7.247999999999999,14.95
15254,2017-03-17,7.9,1018.3,0.0,7.414,14.95
15255,2017-03-17,7.5,1017.9,0.0,7.245,14.95
15256,2017-03-17,7.6,1017.6,0.0,7.18,14.95
15257,2017-03-17,8.4,1017.5,0.0,7.76,14.95
15258,2017-03-17,10.1,1017.8,0.0,8.948,14.95
15259,2017-03-17,12.2,1017.4,0.0,10.66,14.95
15260,2017-03-19,12.2,1016.0,0.0,11.2,9.7
15261,2017-03-18,12.2,1016.0,0.0,11.2,9.7
15262,2017-03-18,12.3,1016.0,0.0,11.22,9.7
15263,2017-03-18,12.2,1016.0,0.0,11.2,9.7
15264,2017-03-18,12.4,1015.9,0.0,11.32,9.7
15265,2017-03-18,12.4,1015.4,0.0,11.32,9.7
15266,2017-03-18,12.5,1015.0,18.0,11.26,9.7
15267,2017-03-18,12.6,1014.8,30.0,11.38,9.7
15268,2017-03-18,13.8,1014.6,121.0,12.08,9.7
15269,2017-03-18,13.3,1015.0,281.0,11.74,9.7
15270,2017-03-18,12.2,1015.5,105.0,10.88,9.7
15271,2017-03-18,11.4,1015.5,172.0,10.46,9.7
15272,2017-03-18,11.2,1015.5,81.0,10.196,9.7
15273,2017-03-18,10.5,1015.0,102.0,9.465,9.7
15274,2017-03-18,9.4,1014.9,70.0,8.52,9.7
15275,2017-03-18,9.1,1014.2,39.0,8.138,9.7
15276,2017-03-18,8.9,1014.0,19.0,7.956,9.7
15277,2017-03-18,8.3,1013.8,0.0,7.332000000000001,9.7
15278,2017-03-18,7.8,1013.9,0.0,6.803999999999999,9.7
15279,2017-03-18,7.3,1014.4,0.0,6.263999999999999,9.7
15280,2017-03-18,7.1,1014.5,0.0,5.886,9.7
15281,2017-03-18,6.9,1015.2,0.0,5.773,9.7
15282,2017-03-18,6.6,1015.9,0.0,5.664,9.7
15283,2017-03-18,7.2,1016.4,0.0,5.426,9.7
15284,2017-03-20,10.9,1013.6,0.0,9.456,10.6
15285,2017-03-19,11.1,1013.8,0.0,9.745,10.6
15286,2017-03-19,11.2,1013.9,0.0,9.664,10.6
15287,2017-03-19,11.6,1014.0,0.0,9.968,10.6
15288,2017-03-19,11.8,1014.0,0.0,10.082,10.6
15289,2017-03-19,12.0,1013.9,0.0,10.0,10.6
15290,2017-03-19,12.3,1013.8,37.0,10.088,10.6
15291,2017-03-19,12.6,1013.8,58.0,10.27,10.6
15292,2017-03-19,12.6,1013.9,91.0,10.365,10.6
15293,2017-03-19,12.7,1013.7,176.0,10.686,10.6
15294,2017-03-19,12.7,1014.2,248.0,10.46,10.6
15295,2017-03-19,11.9,1014.6,125.0,10.262,10.6
15296,2017-03-19,11.7,1015.3,104.0,10.149,10.6
15297,2017-03-19,12.0,1015.2,123.0,10.44,10.6
15298,2017-03-19,11.4,1015.2,104.0,10.116,10.6
15299,2017-03-19,10.8,1015.2,39.0,10.064,10.6
15300,2017-03-19,10.8,1014.8,25.0,10.156,10.6
15301,2017-03-19,10.5,1015.1,0.0,10.025,10.6
15302,2017-03-19,10.6,1015.1,0.0,10.036,10.6
15303,2017-03-19,11.2,1014.9,0.0,10.556,10.6
15304,2017-03-19,11.5,1015.0,0.0,10.74,10.6
15305,2017-03-19,11.7,1015.5,0.0,10.827,10.6
15306,2017-03-19,11.9,1015.9,0.0,11.009,10.6
15307,2017-03-19,12.2,1016.0,0.0,11.12,10.6
15308,2017-03-20,10.3,1011.6,105.0,8.5,9.7
15309,2017-03-20,9.5,1012.3,32.0,8.225,9.7
15310,2017-03-20,9.4,1012.1,0.0,8.446,9.7
15311,2017-03-20,9.8,1012.0,0.0,8.684,9.7
15312,2017-03-20,10.3,1012.0,0.0,9.081,9.7
15313,2017-03-20,10.4,1012.1,0.0,9.272,9.7
15314,2017-03-20,10.6,1012.8,0.0,9.402000000000001,9.7
15315,2017-03-20,10.8,1013.2,0.0,9.352,9.7
15316,2017-03-20,10.7,1013.5,0.0,8.987,9.7
15317,2017-03-22,5.9,1012.9,0.0,4.558,11.3
15318,2017-03-21,6.8,1012.8,0.0,4.86,11.3
15319,2017-03-21,7.1,1012.5,0.0,4.752,11.3
15320,2017-03-21,7.6,1013.0,0.0,5.083,11.3
15321,2017-03-21,8.4,1013.1,0.0,5.352,11.3
15322,2017-03-21,9.3,1012.5,5.0,5.684,11.3
15323,2017-03-21,10.3,1012.1,69.0,6.04,11.3
15324,2017-03-21,9.8,1012.1,221.0,6.026,11.3
15325,2017-03-21,9.6,1012.2,250.0,5.852,11.3
15326,2017-03-21,9.1,1012.6,338.0,5.987,11.3
15327,2017-03-21,8.8,1012.7,327.0,5.4879999999999995,11.3
15328,2017-03-21,8.7,1012.5,269.0,6.69,11.3
15329,2017-03-21,8.2,1012.3,246.0,6.712000000000001,11.3
15330,2017-03-21,8.5,1012.1,69.0,6.9,11.3
15331,2017-03-21,8.6,1011.7,185.0,7.332000000000001,11.3
15332,2017-03-21,8.3,1011.0,88.0,6.912000000000001,11.3
15333,2017-03-21,8.6,1010.7,53.0,7.4879999999999995,11.3
15334,2017-03-21,8.7,1010.1,0.0,7.747999999999999,11.3
15335,2017-03-21,8.8,1009.8,0.0,7.778,11.3
15336,2017-03-21,9.4,1009.6,0.0,8.298,11.3
15337,2017-03-21,9.8,1009.1,0.0,9.032,11.3
15338,2017-03-21,10.0,1009.2,0.0,9.2,11.3
15339,2017-03-21,9.8,1009.4,0.0,9.128,11.3
15340,2017-03-21,10.3,1009.3,0.0,9.081,11.3
15341,2017-03-23,7.1,1008.0,0.0,6.655,9.95
15342,2017-03-22,7.4,1008.1,0.0,6.99,9.95
15343,2017-03-22,7.3,1007.4,0.0,6.778,9.95
15344,2017-03-22,7.4,1007.4,0.0,6.797999999999999,9.95
15345,2017-03-22,7.3,1007.3,0.0,6.604,9.95
15346,2017-03-22,8.4,1007.6,0.0,7.354,9.95
15347,2017-03-22,10.3,1006.5,49.0,7.919,9.95
15348,2017-03-22,10.6,1006.6,44.0,7.556,9.95
15349,2017-03-22,13.7,1006.6,109.0,8.516,9.95
15350,2017-03-22,14.0,1007.1,171.0,8.78,9.95
15351,2017-03-22,13.9,1007.6,272.0,8.692,9.95
15352,2017-03-22,13.6,1008.1,355.0,8.942,9.95
15353,2017-03-22,12.9,1008.5,380.0,8.82,9.95
15354,2017-03-22,11.9,1009.0,830.0,8.674,9.95
15355,2017-03-22,10.1,1009.4,531.0,7.733,9.95
15356,2017-03-22,7.2,1009.5,169.0,5.827999999999999,9.95
15357,2017-03-22,6.2,1009.4,62.0,5.077,9.95
15358,2017-03-22,5.6,1009.6,0.0,4.774,9.95
15359,2017-03-22,5.7,1010.0,0.0,4.863,9.95
15360,2017-03-22,6.1,1010.1,0.0,5.148,9.95
15361,2017-03-22,5.9,1010.5,0.0,4.9719999999999995,9.95
15362,2017-03-22,5.8,1011.2,0.0,4.748,9.95
15363,2017-03-22,6.6,1011.5,0.0,5.207999999999999,9.95
15364,2017-03-22,5.6,1012.4,0.0,4.444,9.95
15365,2017-03-24,9.1,1007.3,209.0,7.641,10.1
15366,2017-03-23,9.1,1007.3,209.0,7.641,10.1
15367,2017-03-23,9.1,1007.3,209.0,7.641,10.1
15368,2017-03-23,9.1,1007.3,209.0,7.641,10.1
15369,2017-03-23,9.1,1007.3,209.0,7.641,10.1
15370,2017-03-23,9.1,1007.3,209.0,7.641,10.1
15371,2017-03-23,9.1,1007.3,209.0,7.641,10.1
15372,2017-03-23,9.1,1007.3,209.0,7.641,10.1
15373,2017-03-23,9.1,1007.3,209.0,7.641,10.1
15374,2017-03-23,9.1,1007.3,209.0,7.641,10.1
15375,2017-03-23,9.1,1007.3,209.0,7.641,10.1
15376,2017-03-23,9.1,1007.3,209.0,7.641,10.1
15377,2017-03-23,9.1,1007.3,209.0,7.641,10.1
15378,2017-03-23,9.1,1007.3,209.0,7.641,10.1
15379,2017-03-23,8.9,1007.3,141.0,7.452000000000001,10.1
15380,2017-03-23,7.6,1007.0,130.0,6.416,10.1
15381,2017-03-23,5.9,1006.7,53.0,4.9719999999999995,10.1
15382,2017-03-23,5.8,1006.5,19.0,4.8839999999999995,10.1
15383,2017-03-23,6.7,1006.5,0.0,5.452000000000001,10.1
15384,2017-03-23,6.3,1006.3,0.0,5.178,10.1
15385,2017-03-23,6.5,1006.9,0.0,5.275,10.1
15386,2017-03-23,6.9,1006.9,0.0,5.5360000000000005,10.1
15387,2017-03-23,7.9,1007.2,0.0,6.892,10.1
15388,2017-03-23,6.9,1007.4,0.0,6.544,10.1
15389,2017-03-25,9.7,1024.1,0.0,8.529,7.35
15390,2017-03-24,9.8,1023.9,0.0,8.684,7.35
15391,2017-03-24,9.2,1023.9,0.0,8.288,7.35
15392,2017-03-24,9.7,1024.1,0.0,8.452,7.35
15393,2017-03-24,10.6,1023.7,0.0,9.058,7.35
15394,2017-03-24,11.3,1023.4,0.0,9.587,7.35
15395,2017-03-24,11.3,1022.5,18.0,9.587,7.35
15396,2017-03-24,12.0,1022.2,62.0,10.0,7.35
15397,2017-03-24,5.0,1022.1,32767.0,4.9,7.35
15398,2017-03-24,5.0,1022.1,32767.0,4.9,7.35
15399,2017-03-24,9.2,1021.9,125.0,8.863999999999999,7.35
15400,2017-03-24,9.2,1021.9,125.0,8.863999999999999,7.35
15401,2017-03-24,9.2,1021.9,125.0,8.863999999999999,7.35
15402,2017-03-24,9.2,1021.9,125.0,8.863999999999999,7.35
15403,2017-03-24,8.7,1021.8,156.0,8.3,7.35
15404,2017-03-24,9.3,1021.9,14.0,8.956,7.35
15405,2017-03-24,9.1,1007.3,209.0,7.641,7.35
15406,2017-03-24,9.1,1007.3,209.0,7.641,7.35
15407,2017-03-24,9.1,1007.3,209.0,7.641,7.35
15408,2017-03-24,9.1,1007.3,209.0,7.641,7.35
15409,2017-03-24,9.1,1007.3,209.0,7.641,7.35
15410,2017-03-24,9.1,1007.3,209.0,7.641,7.35
15411,2017-03-24,9.1,1007.3,209.0,7.641,7.35
15412,2017-03-24,9.1,1007.3,209.0,7.641,7.35
15413,2017-03-26,11.7,1017.0,0.0,7.3020000000000005,9.05
15414,2017-03-25,12.3,1017.2,0.0,7.62,9.05
15415,2017-03-25,13.9,1017.1,0.0,7.8660000000000005,9.05
15416,2017-03-25,14.7,1016.9,0.0,8.142999999999999,9.05
15417,2017-03-25,15.3,1016.2,0.0,8.329,9.05
15418,2017-03-25,16.3,1016.0,12.0,8.805,9.05
15419,2017-03-25,17.5,1015.5,58.0,9.275,9.05
15420,2017-03-25,18.1,1015.4,306.0,10.09,9.05
15421,2017-03-25,17.8,1016.0,478.0,10.0,9.05
15422,2017-03-25,17.2,1016.3,610.0,10.211,9.05
15423,2017-03-25,15.9,1017.2,712.0,9.999,9.05
15424,2017-03-25,14.5,1018.4,744.0,9.48,9.05
15425,2017-03-25,12.7,1019.4,729.0,8.57,9.05
15426,2017-03-25,11.1,1019.9,656.0,7.683,9.05
15427,2017-03-25,9.7,1020.2,540.0,7.108,9.05
15428,2017-03-25,8.4,1022.5,0.0,7.108,9.05
15429,2017-03-25,8.4,1022.5,0.0,7.108,9.05
15430,2017-03-25,8.4,1022.5,0.0,7.108,9.05
15431,2017-03-25,8.4,1022.5,0.0,7.108,9.05
15432,2017-03-25,8.4,1022.5,0.0,7.108,9.05
15433,2017-03-25,8.5,1022.6,0.0,7.22,9.05
15434,2017-03-25,9.1,1023.1,0.0,7.856,9.05
15435,2017-03-25,9.4,1023.4,0.0,8.076,9.05
15436,2017-03-25,9.7,1023.6,0.0,8.298,9.05
15437,2017-03-28,14.2,1018.3,0.0,10.28,13.2
15438,2017-03-27,12.4,1019.2,0.0,9.65,9.05
15439,2017-03-26,13.5,1019.4,0.0,10.29,9.05
15440,2017-03-26,14.4,1019.2,0.0,10.92,9.05
15441,2017-03-26,15.4,1018.5,0.0,11.508,9.05
15442,2017-03-26,16.4,1018.1,16.0,11.9,9.05
15443,2017-03-26,17.3,1017.7,141.0,12.28,9.05
15444,2017-03-26,17.8,1017.8,213.0,12.276,9.05
15445,2017-03-26,17.8,1018.2,431.0,12.02,9.05
15446,2017-03-26,17.5,1018.3,563.0,11.75,9.05
15447,2017-03-26,16.9,1018.5,675.0,11.58,9.05
15448,2017-03-26,15.7,1018.5,657.0,10.95,9.05
15449,2017-03-26,15.2,1018.8,626.0,10.17,9.05
15450,2017-03-26,13.6,1018.7,510.0,8.95,9.05
15451,2017-03-26,11.9,1018.4,468.0,7.656000000000001,9.05
15452,2017-03-26,10.7,1017.8,334.0,6.76,9.05
15453,2017-03-26,8.4,1017.3,144.0,5.44,9.05
15454,2017-03-26,7.2,1017.4,16.0,4.6160000000000005,9.05
15455,2017-03-26,7.1,1016.6,0.0,4.609,9.05
15456,2017-03-26,8.2,1016.7,0.0,5.244,9.05
15457,2017-03-26,8.7,1017.2,0.0,5.5920000000000005,9.05
15458,2017-03-26,8.9,1017.0,0.0,5.696000000000001,9.05
15459,2017-03-26,9.9,1017.0,0.0,6.1129999999999995,9.05
15460,2017-03-26,10.9,1017.0,0.0,6.72,9.05
15461,2017-03-27,14.7,1018.2,0.0,10.443,13.2
15462,2017-03-27,14.4,1017.7,0.0,10.206,13.2
15463,2017-03-27,15.2,1017.4,0.0,10.62,13.2
15464,2017-03-27,17.2,1017.0,14.0,11.845999999999998,13.2
15465,2017-03-27,17.8,1016.9,65.0,12.148,13.2
15466,2017-03-27,18.0,1016.9,265.0,11.565,13.2
15467,2017-03-27,18.4,1016.5,450.0,11.76,13.2
15468,2017-03-27,18.3,1016.9,573.0,11.695,13.2
15469,2017-03-27,18.2,1017.2,666.0,11.767999999999999,13.2
15470,2017-03-27,17.9,1017.6,687.0,11.192,13.2
15471,2017-03-27,17.5,1018.4,721.0,11.345,13.2
15472,2017-03-27,16.3,1018.4,652.0,10.86,13.2
15473,2017-03-27,14.7,1018.6,538.0,9.975,13.2
15474,2017-03-27,13.0,1018.6,345.0,9.26,13.2
15475,2017-03-27,10.2,1018.5,163.0,7.8260000000000005,13.2
15476,2017-03-27,8.2,1018.4,18.0,6.797999999999999,13.2
15477,2017-03-27,8.1,1018.3,0.0,6.684,13.2
15478,2017-03-27,8.4,1018.2,0.0,7.19,13.2
15479,2017-03-27,9.4,1018.2,0.0,7.854,13.2
15480,2017-03-27,9.9,1018.4,0.0,7.968,13.2
15481,2017-03-27,10.1,1019.0,0.0,8.219,13.2
15482,2017-03-27,10.2,1019.3,0.0,8.318,13.2
15483,2017-03-27,12.0,1019.2,0.0,9.4,13.2
15484,2017-03-29,11.6,1024.7,0.0,9.416,12.8
15485,2017-03-28,12.0,1024.4,0.0,10.2,12.8
15486,2017-03-28,13.1,1024.0,0.0,10.755,12.8
15487,2017-03-28,14.5,1023.4,0.0,11.44,12.8
15488,2017-03-28,15.9,1023.1,14.0,11.720999999999998,12.8
15489,2017-03-28,16.5,1022.5,113.0,11.78,12.8
15490,2017-03-28,17.7,1022.2,105.0,12.66,12.8
15491,2017-03-28,17.0,1022.0,520.0,12.06,12.8
15492,2017-03-28,17.2,1021.9,169.0,12.09,12.8
15493,2017-03-28,16.3,1022.2,290.0,12.288,12.8
15494,2017-03-28,18.2,1022.0,415.0,12.847999999999999,12.8
15495,2017-03-28,18.0,1021.7,916.0,13.5,12.8
15496,2017-03-28,13.9,1022.0,884.0,11.184000000000001,12.8
15497,2017-03-28,13.7,1021.7,773.0,10.64,12.8
15498,2017-03-28,12.2,1021.2,153.0,9.584,12.8
15499,2017-03-28,10.7,1020.4,179.0,8.639,12.8
15500,2017-03-28,9.6,1020.1,21.0,7.836,12.8
15501,2017-03-28,9.4,1019.4,0.0,7.694,12.8
15502,2017-03-28,8.9,1019.1,0.0,7.38,12.8
15503,2017-03-28,9.8,1018.8,0.0,7.896,12.8
15504,2017-03-28,10.4,1018.8,0.0,8.18,12.8
15505,2017-03-28,11.9,1018.6,0.0,9.209,12.8
15506,2017-03-28,12.5,1018.5,0.0,9.42,12.8
15507,2017-03-28,13.6,1018.4,0.0,10.15,12.8
15508,2017-03-29,20.9,1023.3,343.0,13.73,13.7
15509,2017-03-29,21.3,1023.5,531.0,13.912,13.7
15510,2017-03-29,21.0,1024.2,628.0,13.66,13.7
15511,2017-03-29,20.8,1024.8,701.0,13.73,13.7
15512,2017-03-29,20.5,1025.5,756.0,13.32,13.7
15513,2017-03-29,18.8,1026.0,504.0,12.757,13.7
15514,2017-03-29,15.9,1026.6,306.0,11.832,13.7
15515,2017-03-29,13.8,1026.5,318.0,10.75,13.7
15516,2017-03-29,11.3,1026.4,213.0,9.407,13.7
15517,2017-03-29,10.2,1026.0,54.0,8.4,13.7
15518,2017-03-29,9.1,1025.7,19.0,7.712000000000001,13.7
15519,2017-03-29,8.1,1025.2,0.0,6.684,13.7
15520,2017-03-29,8.8,1024.8,0.0,7.4079999999999995,13.7
15521,2017-03-29,8.0,1024.8,0.0,6.84,13.7
15522,2017-03-29,9.4,1024.9,0.0,7.78,13.7
15523,2017-03-29,10.1,1025.1,0.0,8.057,13.7
15524,2017-05-30,16.2,1014.2,81.0,15.28,22.3
15525,2017-05-17,20.1,1021.0,0.0,15.854000000000001,13.65
15526,2017-05-17,20.1,1021.0,0.0,15.854000000000001,13.65
15527,2017-05-17,20.1,1021.0,0.0,15.854000000000001,13.65
15528,2017-05-17,20.1,1021.0,0.0,15.854000000000001,13.65
15529,2017-03-29,10.5,1024.9,0.0,8.275,13.7
15530,2017-03-29,11.0,1024.8,0.0,8.66,13.7
15531,2017-03-31,17.7,1015.3,0.0,11.93,15.0
15532,2017-03-30,17.9,1015.8,0.0,11.970999999999998,15.0
15533,2017-03-30,19.0,1016.1,0.0,12.15,15.0
15534,2017-03-30,18.9,1016.1,0.0,12.74,15.0
15535,2017-03-30,20.4,1016.3,18.0,13.764000000000001,15.0
15536,2017-03-30,22.3,1016.4,67.0,14.263,15.0
15537,2017-03-30,23.3,1016.9,322.0,13.772,15.0
15538,2017-03-30,23.5,1017.6,497.0,13.515,15.0
15539,2017-03-30,22.9,1018.3,649.0,13.41,15.0
15540,2017-03-30,22.6,1019.3,698.0,14.405,15.0
15541,2017-03-30,21.0,1020.2,694.0,13.94,15.0
15542,2017-03-30,20.6,1021.3,677.0,13.71,15.0
15543,2017-03-30,19.5,1022.0,631.0,13.655,15.0
15544,2017-03-30,17.7,1022.6,563.0,12.974,15.0
15545,2017-03-30,14.4,1022.6,380.0,11.52,15.0
15546,2017-03-30,12.7,1023.0,202.0,10.151,15.0
15547,2017-03-30,11.0,1023.0,35.0,8.93,15.0
15548,2017-03-30,11.0,1023.0,0.0,8.75,15.0
15549,2017-03-30,12.1,1023.0,0.0,9.593,15.0
15550,2017-03-30,12.9,1023.3,0.0,10.01,15.0
15551,2017-03-30,13.2,1023.5,0.0,10.08,15.0
15552,2017-03-30,12.8,1023.9,0.0,9.937000000000001,15.0
15553,2017-03-30,14.5,1024.1,0.0,11.24,15.0
15554,2017-03-30,14.6,1024.3,0.0,11.2,15.0
15555,2017-04-01,12.0,1011.4,0.0,10.6,15.7
15556,2017-03-31,13.2,1011.7,0.0,11.74,15.7
15557,2017-03-31,12.9,1011.8,0.0,11.34,15.7
15558,2017-03-31,15.5,1011.8,0.0,12.252,15.7
15559,2017-03-31,17.2,1011.5,33.0,12.431,15.7
15560,2017-03-31,17.5,1011.6,63.0,12.125,15.7
15561,2017-03-31,17.9,1011.9,241.0,12.06,15.7
15562,2017-03-31,18.5,1012.3,178.0,12.425999999999998,15.7
15563,2017-03-31,17.9,1012.8,262.0,12.788,15.7
15564,2017-03-31,18.0,1013.2,264.0,13.046,15.7
15565,2017-03-31,19.0,1013.4,810.0,14.2,15.7
15566,2017-03-31,16.3,1013.6,410.0,12.52,15.7
15567,2017-03-31,16.3,1013.6,299.0,12.172,15.7
15568,2017-03-31,14.4,1012.9,287.0,11.04,15.7
15569,2017-03-31,14.5,1012.4,125.0,9.94,15.7
15570,2017-03-31,15.2,1012.2,160.0,10.14,15.7
15571,2017-03-31,15.0,1012.0,26.0,10.08,15.7
15572,2017-03-31,14.5,1012.0,0.0,10.285,15.7
15573,2017-03-31,15.2,1011.9,0.0,10.74,15.7
15574,2017-03-31,15.7,1012.4,0.0,11.19,15.7
15575,2017-03-31,15.9,1012.9,0.0,11.720999999999998,15.7
15576,2017-03-31,15.1,1013.5,0.0,11.009,15.7
15577,2017-03-31,16.4,1014.1,0.0,11.42,15.7
15578,2017-03-31,17.3,1014.7,0.0,11.693,15.7
15579,2017-04-01,9.0,1010.9,79.0,8.28,14.45
15580,2017-04-01,8.8,1010.6,28.0,8.0,14.45
15581,2017-04-01,9.4,1010.3,0.0,8.372,14.45
15582,2017-04-01,9.7,1010.0,0.0,8.529,14.45
15583,2017-04-01,9.8,1010.1,0.0,8.606,14.45
15584,2017-04-01,10.4,1010.3,0.0,9.02,14.45
15585,2017-04-01,10.9,1010.7,0.0,9.634,14.45
15586,2017-04-01,10.9,1011.2,0.0,9.812000000000001,14.45
15587,2017-04-01,12.1,1011.5,0.0,10.7,14.45
15588,2017-04-03,11.4,1024.2,0.0,9.318,14.9
15589,2017-04-02,12.3,1023.6,0.0,9.573,14.9
15590,2017-04-02,13.1,1023.1,0.0,9.85,14.9
15591,2017-04-02,14.2,1022.4,0.0,10.28,14.9
15592,2017-04-02,15.5,1021.4,30.0,10.89,14.9
15593,2017-04-02,16.5,1020.7,58.0,11.26,14.9
15594,2017-04-02,16.4,1020.2,345.0,11.18,14.9
15595,2017-04-02,16.2,1020.1,548.0,10.94,14.9
15596,2017-04-02,15.4,1019.9,209.0,10.68,14.9
15597,2017-04-02,15.3,1019.9,320.0,10.95,14.9
15598,2017-04-02,15.5,1019.7,851.0,10.89,14.9
15599,2017-04-02,14.5,1019.6,773.0,10.6,14.9
15600,2017-04-02,13.5,1019.4,696.0,10.53,14.9
15601,2017-04-02,10.6,1019.1,364.0,9.058,14.9
15602,2017-04-02,8.3,1018.5,95.0,7.56,14.9
15603,2017-04-02,7.4,1017.5,51.0,6.8839999999999995,14.9
15604,2017-04-02,6.9,1016.7,18.0,6.3660000000000005,14.9
15605,2017-04-02,7.6,1015.7,0.0,6.928,14.9
15606,2017-04-02,7.8,1015.2,0.0,7.144,14.9
15607,2017-04-02,7.5,1014.5,0.0,6.735,14.9
15608,2017-04-02,8.6,1014.0,0.0,7.52,14.9
15609,2017-04-02,9.9,1013.8,0.0,8.367,14.9
15610,2017-04-02,10.9,1013.7,0.0,9.011000000000001,14.9
15611,2017-04-02,10.8,1013.5,0.0,8.912,14.9
15612,2017-04-04,11.4,1023.2,0.0,8.75,12.8
15613,2017-04-03,13.1,1023.2,0.0,9.25,12.8
15614,2017-04-03,14.2,1023.1,0.0,9.488,12.8
15615,2017-04-03,15.6,1023.0,0.0,10.14,12.8
15616,2017-04-03,17.2,1022.6,18.0,10.373,12.8
15617,2017-04-03,18.4,1022.5,72.0,11.08,12.8
15618,2017-04-03,17.9,1022.5,102.0,10.591,12.8
15619,2017-04-03,18.5,1022.9,605.0,11.09,12.8
15620,2017-04-03,18.9,1023.3,462.0,11.43,12.8
15621,2017-04-03,18.7,1023.7,870.0,11.29,12.8
15622,2017-04-03,17.6,1024.1,788.0,10.970999999999998,12.8
15623,2017-04-03,16.8,1024.6,803.0,10.661,12.8
15624,2017-04-03,18.2,1025.0,687.0,12.652999999999999,12.8
15625,2017-04-03,16.4,1025.0,584.0,12.52,12.8
15626,2017-04-03,12.3,1024.8,424.0,10.4,12.8
15627,2017-04-03,9.3,1025.0,230.0,8.294,12.8
15628,2017-04-03,7.6,1024.8,40.0,7.0120000000000005,12.8
15629,2017-04-03,7.6,1024.5,0.0,6.843999999999999,12.8
15630,2017-04-03,8.0,1024.4,0.0,7.2,12.8
15631,2017-04-03,8.4,1024.3,0.0,7.354,12.8
15632,2017-04-03,8.9,1024.4,0.0,7.74,12.8
15633,2017-04-03,9.4,1024.3,0.0,8.002,12.8
15634,2017-04-03,10.0,1024.2,0.0,8.28,12.8
15635,2017-04-03,10.6,1024.3,0.0,8.714,12.8
15636,2017-04-05,9.8,1024.8,0.0,8.527999999999999,12.9
15637,2017-04-04,10.4,1024.5,0.0,8.936,12.9
15638,2017-04-04,11.2,1024.2,0.0,9.4,12.9
15639,2017-04-04,12.3,1023.7,0.0,10.294,12.9
15640,2017-04-04,13.4,1023.0,25.0,10.964,12.9
15641,2017-04-04,13.8,1022.7,76.0,10.98,12.9
15642,2017-04-04,14.3,1022.3,200.0,10.84,12.9
15643,2017-04-04,15.0,1022.1,392.0,11.04,12.9
15644,2017-04-04,16.4,1021.8,243.0,11.42,12.9
15645,2017-04-04,16.5,1022.0,439.0,11.3,12.9
15646,2017-04-04,16.5,1022.2,554.0,11.42,12.9
15647,2017-04-04,14.8,1022.7,429.0,11.0,12.9
15648,2017-04-04,15.2,1022.7,490.0,10.62,12.9
15649,2017-04-04,14.0,1022.6,345.0,10.48,12.9
15650,2017-04-04,13.4,1022.3,257.0,10.42,12.9
15651,2017-04-04,11.1,1022.3,253.0,9.2,12.9
15652,2017-04-04,9.3,1022.4,40.0,8.148,12.9
15653,2017-04-04,8.8,1022.0,0.0,7.704,12.9
15654,2017-04-04,9.3,1022.2,0.0,8.002,12.9
15655,2017-04-04,9.9,1022.4,0.0,8.36,12.9
15656,2017-04-04,10.3,1022.8,0.0,8.583,12.9
15657,2017-04-04,10.5,1022.8,0.0,8.615,12.9
15658,2017-04-04,11.4,1023.3,0.0,8.847999999999999,12.9
15659,2017-04-04,11.8,1023.4,0.0,9.027000000000001,12.9
15660,2017-04-06,9.2,1027.9,0.0,6.564,12.0
15661,2017-04-05,9.7,1027.7,0.0,7.148,12.0
15662,2017-04-05,10.6,1027.0,0.0,8.291,12.0
15663,2017-04-05,12.0,1026.4,0.0,9.09,12.0
15664,2017-04-05,13.8,1025.8,28.0,9.9,12.0
15665,2017-04-05,14.4,1025.2,151.0,9.75,12.0
15666,2017-04-05,14.2,1025.4,165.0,9.936,12.0
15667,2017-04-05,13.8,1025.7,374.0,9.674,12.0
15668,2017-04-05,13.9,1025.9,243.0,10.25,12.0
15669,2017-04-05,13.5,1026.6,248.0,10.53,12.0
15670,2017-04-05,13.4,1026.6,763.0,10.54,12.0
15671,2017-04-05,13.3,1026.9,916.0,10.644,12.0
15672,2017-04-05,12.2,1026.8,698.0,9.896,12.0
15673,2017-04-05,10.7,1027.3,315.0,9.058,12.0
15674,2017-04-05,9.4,1027.0,330.0,8.298,12.0
15675,2017-04-05,8.4,1026.2,199.0,7.46,12.0
15676,2017-04-05,7.9,1025.7,42.0,6.8229999999999995,12.0
15677,2017-04-05,8.4,1025.1,0.0,7.19,12.0
15678,2017-04-05,8.7,1024.6,0.0,7.747999999999999,12.0
15679,2017-04-05,9.0,1024.6,0.0,8.2,12.0
15680,2017-04-05,9.4,1024.7,0.0,8.52,12.0
15681,2017-04-05,9.4,1024.7,0.0,8.607999999999999,12.0
15682,2017-04-05,9.5,1024.8,0.0,8.6,12.0
15683,2017-04-05,9.4,1024.6,0.0,8.446,12.0
15684,2017-04-07,8.5,1027.2,0.0,6.39,11.65
15685,2017-04-06,10.3,1027.1,0.0,7.396,11.65
15686,2017-04-06,10.4,1027.0,0.0,7.29,11.65
15687,2017-04-06,11.3,1026.6,0.0,7.643,11.65
15688,2017-04-06,12.4,1026.4,26.0,8.15,11.65
15689,2017-04-06,13.3,1026.0,67.0,8.462,11.65
15690,2017-04-06,13.4,1026.2,346.0,8.458,11.65
15691,2017-04-06,13.5,1026.4,533.0,8.54,11.65
15692,2017-04-06,13.8,1026.6,724.0,8.604,11.65
15693,2017-04-06,13.2,1027.3,791.0,8.076,11.65
15694,2017-04-06,12.5,1028.0,896.0,7.6,11.65
15695,2017-04-06,11.6,1028.7,831.0,7.216,11.65
15696,2017-04-06,10.2,1028.8,195.0,6.74,11.65
15697,2017-04-06,9.7,1028.7,577.0,7.16,11.65
15698,2017-04-06,7.8,1028.6,373.0,6.188,11.65
15699,2017-04-06,7.0,1028.6,237.0,5.5360000000000005,11.65
15700,2017-04-06,5.4,1028.4,42.0,4.468,11.65
15701,2017-04-06,5.7,1027.7,0.0,4.595,11.65
15702,2017-04-06,5.9,1027.5,0.0,4.627,11.65
15703,2017-04-06,6.6,1027.4,0.0,5.056,11.65
15704,2017-04-06,6.9,1027.4,0.0,5.16,11.65
15705,2017-04-06,7.4,1027.6,0.0,5.31,11.65
15706,2017-04-06,8.2,1027.9,0.0,5.73,11.65
15707,2017-04-06,8.7,1027.9,0.0,6.146,11.65
15708,2017-04-08,12.7,1023.7,0.0,10.151,10.9
15709,2017-04-07,12.6,1023.8,0.0,9.83,10.9
15710,2017-04-07,13.8,1023.8,0.0,10.49,10.9
15711,2017-04-07,15.0,1023.5,0.0,10.8,10.9
15712,2017-04-07,16.9,1023.1,28.0,11.58,10.9
15713,2017-04-07,18.1,1022.7,67.0,11.982000000000001,10.9
15714,2017-04-07,17.8,1022.9,339.0,11.793,10.9
15715,2017-04-07,17.2,1023.2,515.0,11.437000000000001,10.9
15716,2017-04-07,16.9,1023.8,656.0,11.089,10.9
15717,2017-04-07,16.4,1024.4,747.0,10.94,10.9
15718,2017-04-07,9.6,1026.1,445.0,7.247999999999999,10.9
15719,2017-04-07,9.6,1026.1,445.0,7.247999999999999,10.9
15720,2017-04-07,9.6,1026.1,445.0,7.247999999999999,10.9
15721,2017-04-07,9.6,1026.1,445.0,7.247999999999999,10.9
15722,2017-04-07,9.6,1026.1,445.0,7.247999999999999,10.9
15723,2017-04-07,6.9,1025.9,257.0,5.5360000000000005,10.9
15724,2017-04-07,5.1,1025.8,62.0,4.329,10.9
15725,2017-04-07,4.9,1025.8,0.0,4.129,10.9
15726,2017-04-07,4.4,1025.8,0.0,3.75,10.9
15727,2017-04-07,4.9,1026.0,0.0,4.0680000000000005,10.9
15728,2017-04-07,5.5,1026.1,0.0,4.49,10.9
15729,2017-04-07,5.9,1026.6,0.0,4.64,10.9
15730,2017-04-07,7.4,1027.0,0.0,5.466,10.9
15731,2017-04-07,8.3,1027.1,0.0,6.15,10.9
15732,2017-04-09,13.5,1020.7,0.0,9.57,33.75
15733,2017-04-08,15.3,1020.6,0.0,10.23,33.75
15734,2017-04-08,15.9,1020.4,0.0,10.89,33.75
15735,2017-04-08,18.0,1020.2,0.0,12.06,33.75
15736,2017-04-08,20.0,1019.8,32.0,12.86,33.75
15737,2017-04-08,21.0,1019.7,69.0,13.1,33.75
15738,2017-04-08,20.9,1020.0,353.0,13.177999999999999,33.75
15739,2017-04-08,20.9,1020.2,517.0,13.252,33.75
15740,2017-04-08,20.0,1021.0,652.0,12.74,33.75
15741,2017-04-08,19.7,1021.4,754.0,12.595999999999998,33.75
15742,2017-04-08,18.6,1021.9,791.0,12.024000000000001,33.75
15743,2017-04-08,18.2,1022.4,779.0,12.452,33.75
15744,2017-04-08,17.4,1022.8,715.0,12.28,33.75
15745,2017-04-08,16.2,1022.9,591.0,11.86,33.75
15746,2017-04-08,13.0,1022.8,441.0,10.54,33.75
15747,2017-04-08,10.2,1023.0,250.0,8.892000000000001,33.75
15748,2017-04-08,7.6,1023.0,62.0,7.0120000000000005,33.75
15749,2017-04-08,7.8,1022.8,0.0,7.0360000000000005,33.75
15750,2017-04-08,7.9,1022.6,0.0,7.171,33.75
15751,2017-04-08,8.8,1022.6,0.0,7.926,33.75
15752,2017-04-08,9.1,1023.0,0.0,8.067,33.75
15753,2017-04-08,10.2,1023.3,0.0,8.646,33.75
15754,2017-04-08,10.7,1023.5,0.0,8.987,33.75
15755,2017-04-08,11.9,1023.6,0.0,9.8,33.75
15756,2017-04-10,16.4,1019.2,0.0,11.38,12.8
15757,2017-04-09,18.1,1019.3,0.0,11.843,12.8
15758,2017-04-09,18.9,1019.0,0.0,12.085,12.8
15759,2017-04-09,21.0,1018.4,0.0,13.52,12.8
15760,2017-04-09,23.8,1018.3,32.0,14.064,12.8
15761,2017-04-09,25.3,1018.2,44.0,14.91,12.8
15762,2017-04-09,24.4,1018.5,374.0,14.73,12.8
15763,2017-04-09,24.1,1019.0,550.0,14.1,12.8
15764,2017-04-09,23.6,1019.6,682.0,14.084000000000001,12.8
15765,2017-04-09,23.3,1019.9,782.0,13.862,12.8
15766,2017-04-09,22.5,1020.3,833.0,13.61,12.8
15767,2017-04-09,21.8,1020.9,828.0,13.582,12.8
15768,2017-04-09,20.5,1021.2,756.0,13.71,12.8
15769,2017-04-09,18.9,1021.1,638.0,12.74,12.8
15770,2017-04-09,15.8,1020.9,482.0,11.632,12.8
15771,2017-04-09,13.4,1020.8,283.0,10.06,12.8
15772,2017-04-09,10.4,1020.7,65.0,8.334,12.8
15773,2017-04-09,9.7,1020.4,0.0,7.907,12.8
15774,2017-04-09,10.5,1020.3,0.0,8.275,12.8
15775,2017-04-09,10.1,1020.4,0.0,8.154,12.8
15776,2017-04-09,12.3,1020.4,0.0,9.244,12.8
15777,2017-04-09,12.3,1020.5,0.0,9.017999999999999,12.8
15778,2017-04-09,12.3,1020.9,0.0,9.017999999999999,12.8
15779,2017-04-09,12.8,1021.0,0.0,9.094,12.8
15780,2017-04-11,8.4,1025.0,0.0,5.792000000000001,16.4
15781,2017-04-10,9.1,1024.5,0.0,6.382999999999999,16.4
15782,2017-04-10,10.3,1024.2,0.0,7.391,16.4
15783,2017-04-10,11.7,1023.4,0.0,8.264,16.4
15784,2017-04-10,13.5,1022.6,30.0,9.254,16.4
15785,2017-04-10,14.8,1022.4,88.0,9.696,16.4
15786,2017-04-10,15.7,1022.3,424.0,10.26,16.4
15787,2017-04-10,15.0,1022.4,190.0,10.2,16.4
15788,2017-04-10,15.0,1022.5,281.0,10.56,16.4
15789,2017-04-10,14.4,1022.7,350.0,10.68,16.4
15790,2017-04-10,13.9,1022.9,461.0,10.85,16.4
15791,2017-04-10,13.4,1022.7,236.0,10.645999999999999,16.4
15792,2017-04-10,13.0,1022.5,322.0,10.65,16.4
15793,2017-04-10,12.2,1022.2,352.0,10.298,16.4
15794,2017-04-10,11.5,1021.8,155.0,9.686,16.4
15795,2017-04-10,10.8,1021.3,62.0,9.176,16.4
15796,2017-04-10,10.7,1020.8,28.0,9.335,16.4
15797,2017-04-10,10.6,1020.0,0.0,9.488,16.4
15798,2017-04-10,10.1,1019.9,0.0,9.11,16.4
15799,2017-04-10,10.1,1019.6,0.0,9.209,16.4
15800,2017-04-10,11.6,1019.3,0.0,10.304,16.4
15801,2017-04-10,13.2,1019.2,0.0,11.4,16.4
15802,2017-04-10,15.4,1019.0,0.0,11.74,16.4
15803,2017-04-10,15.4,1019.0,0.0,10.92,16.4
15804,2017-04-12,10.1,1024.8,0.0,7.49,12.85
15805,2017-04-11,10.3,1024.6,0.0,7.666,12.85
15806,2017-04-11,12.1,1024.5,0.0,8.09,12.85
15807,2017-04-11,13.4,1024.3,0.0,8.654,12.85
15808,2017-04-11,14.7,1024.0,35.0,9.164,12.85
15809,2017-04-11,15.8,1024.2,76.0,9.248,12.85
15810,2017-04-11,16.0,1024.5,390.0,9.24,12.85
15811,2017-04-11,15.8,1024.9,559.0,8.98,12.85
15812,2017-04-11,15.1,1025.6,703.0,8.852,12.85
15813,2017-04-11,14.6,1026.0,800.0,8.408,12.85
15814,2017-04-11,14.0,1026.4,846.0,8.102,12.85
15815,2017-04-11,12.9,1026.8,779.0,7.42,12.85
15816,2017-04-11,12.1,1027.1,714.0,7.28,12.85
15817,2017-04-11,10.9,1027.0,589.0,7.22,12.85
15818,2017-04-11,9.4,1026.5,454.0,7.0920000000000005,12.85
15819,2017-04-11,7.9,1026.6,318.0,6.188,12.85
15820,2017-04-11,6.0,1026.3,86.0,4.85,12.85
15821,2017-04-11,5.8,1025.7,0.0,4.68,12.85
15822,2017-04-11,6.1,1024.9,0.0,4.793,12.85
15823,2017-04-11,5.9,1025.2,0.0,4.696000000000001,12.85
15824,2017-04-11,5.7,1025.4,0.0,4.5280000000000005,12.85
15825,2017-04-11,6.4,1025.6,0.0,4.82,12.85
15826,2017-04-11,6.7,1025.4,0.0,4.92,12.85
15827,2017-04-11,7.6,1025.4,0.0,5.412000000000001,12.85
15828,2017-04-13,9.3,1017.9,0.0,7.622999999999999,12.3
15829,2017-04-12,10.1,1017.6,0.0,8.3,12.3
15830,2017-04-12,11.1,1017.4,0.0,9.027000000000001,12.3
15831,2017-04-12,13.3,1016.8,0.0,10.43,12.3
15832,2017-04-12,15.6,1016.2,33.0,11.543,12.3
15833,2017-04-12,17.0,1016.2,60.0,11.66,12.3
15834,2017-04-12,17.4,1016.4,362.0,11.392000000000001,12.3
15835,2017-04-12,17.2,1016.9,494.0,11.084000000000001,12.3
15836,2017-04-12,17.5,1017.4,686.0,10.805,12.3
15837,2017-04-12,16.9,1018.2,791.0,10.39,12.3
15838,2017-04-12,16.0,1019.2,796.0,9.607000000000001,12.3
15839,2017-04-12,14.5,1020.2,821.0,8.905,12.3
15840,2017-04-12,13.3,1020.7,747.0,8.462,12.3
15841,2017-04-12,11.7,1021.2,631.0,7.4879999999999995,12.3
15842,2017-04-12,10.2,1021.6,480.0,6.66,12.3
15843,2017-04-12,8.2,1022.0,304.0,5.64,12.3
15844,2017-04-12,6.6,1022.2,70.0,4.98,12.3
15845,2017-04-12,6.2,1022.2,0.0,5.02,12.3
15846,2017-04-12,5.8,1022.2,0.0,4.748,12.3
15847,2017-04-12,6.4,1022.3,0.0,5.263999999999999,12.3
15848,2017-04-12,7.1,1022.8,0.0,5.643,12.3
15849,2017-04-12,7.8,1023.5,0.0,6.1,12.3
15850,2017-04-12,8.6,1023.9,0.0,6.57,12.3
15851,2017-04-12,8.9,1024.6,0.0,6.75,12.3
15852,2017-04-14,11.7,1016.6,0.0,9.609,11.8
15853,2017-04-13,11.9,1016.6,0.0,9.8,11.8
15854,2017-04-13,12.8,1016.6,0.0,10.244000000000002,11.8
15855,2017-04-13,13.4,1016.3,0.0,10.18,11.8
15856,2017-04-13,13.8,1016.1,19.0,10.38,11.8
15857,2017-04-13,14.0,1016.0,88.0,10.48,11.8
15858,2017-04-13,14.5,1016.1,179.0,10.88,11.8
15859,2017-04-13,14.4,1016.4,234.0,10.56,11.8
15860,2017-04-13,14.2,1016.8,209.0,10.28,11.8
15861,2017-04-13,13.9,1017.3,503.0,10.02,11.8
15862,2017-04-13,13.9,1017.5,232.0,10.36,11.8
15863,2017-04-13,13.4,1017.8,380.0,10.06,11.8
15864,2017-04-13,11.4,1018.1,735.0,9.314,11.8
15865,2017-04-13,9.4,1018.3,485.0,8.221,11.8
15866,2017-04-13,8.4,1018.2,149.0,7.6,11.8
15867,2017-04-13,8.2,1018.0,81.0,7.48,11.8
15868,2017-04-13,8.0,1017.5,58.0,7.36,11.8
15869,2017-04-13,7.6,1017.2,0.0,7.0120000000000005,11.8
15870,2017-04-13,7.6,1017.0,0.0,6.905,11.8
15871,2017-04-13,7.4,1017.1,0.0,6.517,11.8
15872,2017-04-13,7.2,1017.0,0.0,6.156000000000001,11.8
15873,2017-04-13,7.9,1017.2,0.0,6.734,11.8
15874,2017-04-13,8.3,1017.5,0.0,7.108,11.8
15875,2017-04-13,8.9,1017.8,0.0,7.38,11.8
15876,2017-04-15,11.3,1016.9,0.0,8.467,10.1
15877,2017-04-14,11.7,1016.7,0.0,8.823,10.1
15878,2017-04-14,12.5,1016.5,0.0,9.075,10.1
15879,2017-04-14,13.5,1015.9,0.0,9.45,10.1
15880,2017-04-14,14.3,1015.6,40.0,9.788,10.1
15881,2017-04-14,14.7,1015.5,104.0,9.741,10.1
15882,2017-04-14,14.8,1015.6,151.0,9.696,10.1
15883,2017-04-14,15.4,1015.7,564.0,9.96,10.1
15884,2017-04-14,15.0,1016.0,712.0,9.6,10.1
15885,2017-04-14,14.7,1016.5,847.0,9.624,10.1
15886,2017-04-14,14.0,1016.7,682.0,9.12,10.1
15887,2017-04-14,13.7,1016.8,276.0,9.25,10.1
15888,2017-04-14,12.8,1017.1,373.0,8.38,10.1
15889,2017-04-14,11.5,1017.2,380.0,8.435,10.1
15890,2017-04-14,10.6,1017.0,202.0,8.198,10.1
15891,2017-04-14,9.7,1016.8,100.0,7.6579999999999995,10.1
15892,2017-04-14,9.3,1016.4,51.0,7.5360000000000005,10.1
15893,2017-04-14,9.4,1016.0,0.0,7.608,10.1
15894,2017-04-14,9.8,1016.0,0.0,7.896,10.1
15895,2017-04-14,10.1,1016.0,0.0,8.057,10.1
15896,2017-04-14,10.4,1016.0,0.0,8.347999999999999,10.1
15897,2017-04-14,10.7,1016.1,0.0,8.9,10.1
15898,2017-04-14,11.2,1016.5,0.0,9.216000000000001,10.1
15899,2017-04-14,11.5,1016.5,0.0,9.51,10.1
15900,2017-04-16,9.9,1020.7,0.0,7.32,11.4
15901,2017-04-15,10.8,1020.5,0.0,8.472000000000001,11.4
15902,2017-04-15,11.9,1019.9,0.0,9.802999999999999,11.4
15903,2017-04-15,12.8,1019.3,0.0,10.244000000000002,11.4
15904,2017-04-15,13.4,1018.5,21.0,10.752,11.4
15905,2017-04-15,14.3,1018.2,63.0,11.32,11.4
15906,2017-04-15,14.7,1018.0,515.0,11.88,11.4
15907,2017-04-15,13.3,1018.4,243.0,11.96,11.4
15908,2017-04-15,12.6,1018.4,777.0,11.44,11.4
15909,2017-04-15,12.5,1018.8,454.0,10.94,11.4
15910,2017-04-15,11.2,1019.0,186.0,10.016,11.4
15911,2017-04-15,10.8,1019.0,107.0,9.704,11.4
15912,2017-04-15,10.6,1018.8,144.0,9.488,11.4
15913,2017-04-15,10.1,1018.6,144.0,9.11,11.4
15914,2017-04-15,9.2,1018.1,91.0,8.443999999999999,11.4
15915,2017-04-15,8.4,1018.0,53.0,7.62,11.4
15916,2017-04-15,8.2,1017.8,9.0,7.142,11.4
15917,2017-04-15,8.4,1017.1,0.0,7.272,11.4
15918,2017-04-15,8.3,1016.8,0.0,7.08,11.4
15919,2017-04-15,7.9,1017.0,0.0,6.645,11.4
15920,2017-04-15,8.9,1017.0,0.0,7.524,11.4
15921,2017-04-15,9.3,1017.0,0.0,7.71,11.4
15922,2017-04-15,9.8,1017.2,0.0,7.814,11.4
15923,2017-04-15,10.4,1016.9,0.0,8.096,11.4
15924,2017-04-17,9.2,1022.0,0.0,7.376,12.1
15925,2017-04-16,9.8,1022.1,0.0,7.486000000000001,12.1
15926,2017-04-16,10.7,1022.0,0.0,7.739,12.1
15927,2017-04-16,11.7,1021.6,0.0,7.9670000000000005,12.1
15928,2017-04-16,12.8,1021.2,49.0,8.38,12.1
15929,2017-04-16,13.0,1021.4,213.0,8.36,12.1
15930,2017-04-16,13.0,1021.5,77.0,8.46,12.1
15931,2017-04-16,12.5,1021.8,246.0,8.32,12.1
15932,2017-04-16,12.6,1022.1,237.0,8.31,12.1
15933,2017-04-16,12.5,1022.3,294.0,8.32,12.1
15934,2017-04-16,12.1,1022.6,209.0,7.91,12.1
15935,2017-04-16,12.0,1022.8,1002.0,7.747000000000001,12.1
15936,2017-04-16,10.6,1023.1,316.0,7.556,12.1
15937,2017-04-16,9.3,1023.1,318.0,7.5360000000000005,12.1
15938,2017-04-16,8.2,1022.8,294.0,6.8839999999999995,12.1
15939,2017-04-16,7.1,1022.9,144.0,6.129,12.1
15940,2017-04-16,6.8,1022.2,111.0,5.92,12.1
15941,2017-04-16,6.7,1022.0,0.0,5.752999999999999,12.1
15942,2017-04-16,7.0,1021.7,0.0,5.78,12.1
15943,2017-04-16,7.2,1021.6,0.0,5.932,12.1
15944,2017-04-16,7.6,1021.6,0.0,5.986000000000001,12.1
15945,2017-04-16,8.2,1021.7,0.0,6.27,12.1
15946,2017-04-16,8.9,1021.6,0.0,6.75,12.1
15947,2017-04-16,9.5,1021.2,0.0,6.905,12.1
15948,2017-04-18,7.4,1023.0,0.0,5.466,10.55
15949,2017-04-17,8.6,1022.7,0.0,6.57,10.55
15950,2017-04-17,9.1,1022.4,0.0,6.947,10.55
15951,2017-04-17,9.8,1021.7,0.0,7.24,10.55
15952,2017-04-17,10.7,1020.9,77.0,7.642,10.55
15953,2017-04-17,11.4,1020.4,123.0,7.932,10.55
15954,2017-04-17,12.4,1019.9,218.0,8.42,10.55
15955,2017-04-17,11.4,1019.9,91.0,9.036,10.55
15956,2017-04-17,11.1,1019.9,204.0,8.663,10.55
15957,2017-04-17,12.3,1019.4,227.0,8.905,10.55
15958,2017-04-17,11.6,1019.1,503.0,8.645,10.55
15959,2017-04-17,10.9,1019.1,301.0,8.472000000000001,10.55
15960,2017-04-17,10.9,1019.0,552.0,9.812000000000001,10.55
15961,2017-04-17,10.2,1018.7,58.0,9.138,10.55
15962,2017-04-17,9.8,1018.4,251.0,8.762,10.55
15963,2017-04-17,9.4,1018.6,130.0,8.294,10.55
15964,2017-04-17,8.7,1018.6,53.0,7.747999999999999,10.55
15965,2017-04-17,8.5,1018.6,0.0,7.46,10.55
15966,2017-04-17,8.6,1019.0,0.0,7.4879999999999995,10.55
15967,2017-04-17,8.1,1019.2,0.0,6.86,10.55
15968,2017-04-17,7.9,1019.9,0.0,6.734,10.55
15969,2017-04-17,7.7,1020.5,0.0,6.348,10.55
15970,2017-04-17,8.3,1021.2,0.0,6.744,10.55
15971,2017-04-17,8.4,1021.6,0.0,6.9,10.55
15972,2017-04-19,6.1,1029.4,0.0,4.02,9.8
15973,2017-04-18,6.8,1029.3,0.0,4.144,9.8
15974,2017-04-18,7.7,1028.5,0.0,4.467,9.8
15975,2017-04-18,8.7,1027.8,0.0,4.7780000000000005,9.8
15976,2017-04-18,10.3,1027.0,28.0,5.225,9.8
15977,2017-04-18,10.5,1026.7,258.0,5.48,9.8
15978,2017-04-18,10.6,1026.3,462.0,5.45,9.8
15979,2017-04-18,9.9,1026.3,622.0,5.6339999999999995,9.8
15980,2017-04-18,10.1,1026.2,935.0,5.98,9.8
15981,2017-04-18,9.1,1026.5,1074.0,6.074,9.8
15982,2017-04-18,8.2,1026.8,392.0,6.27,9.8
15983,2017-04-18,5.9,1027.3,188.0,5.11,9.8
15984,2017-04-18,7.8,1026.7,72.0,5.3260000000000005,9.8
15985,2017-04-18,9.6,1026.0,373.0,5.939,9.8
15986,2017-04-18,8.0,1025.8,526.0,5.083,9.8
15987,2017-04-18,6.8,1025.6,345.0,4.51,9.8
15988,2017-04-18,4.8,1025.2,120.0,3.34,9.8
15989,2017-04-18,3.7,1024.7,7.0,2.378,9.8
15990,2017-04-18,4.4,1024.2,0.0,2.91,9.8
15991,2017-04-18,4.9,1024.0,0.0,3.37,9.8
15992,2017-04-18,5.2,1023.8,0.0,3.65,9.8
15993,2017-04-18,5.2,1023.6,0.0,3.58,9.8
15994,2017-04-18,5.7,1023.5,0.0,3.91,9.8
15995,2017-04-18,6.2,1023.3,0.0,4.6,9.8
15996,2017-04-20,6.2,1033.8,0.0,2.1,9.1
15997,2017-04-19,6.9,1033.6,0.0,2.42,9.1
15998,2017-04-19,7.3,1033.2,0.0,2.6439999999999997,9.1
15999,2017-04-19,8.1,1032.3,0.0,3.008,9.1
16000,2017-04-19,9.3,1031.7,62.0,3.759,9.1
16001,2017-04-19,9.9,1031.3,243.0,4.0360000000000005,9.1
16002,2017-04-19,10.4,1031.3,422.0,4.28,9.1
16003,2017-04-19,10.5,1031.3,589.0,4.35,9.1
16004,2017-04-19,10.4,1031.6,737.0,4.18,9.1
16005,2017-04-19,9.9,1032.0,838.0,3.733,9.1
16006,2017-04-19,9.9,1031.9,874.0,4.538,9.1
16007,2017-04-19,9.2,1032.5,868.0,4.86,9.1
16008,2017-04-19,9.4,1032.5,872.0,5.678,9.1
16009,2017-04-19,8.6,1032.4,833.0,5.37,9.1
16010,2017-04-19,6.8,1032.1,494.0,4.86,9.1
16011,2017-04-19,4.8,1031.7,330.0,3.9560000000000004,9.1
16012,2017-04-19,2.9,1031.4,114.0,2.34,9.1
16013,2017-04-19,2.3,1031.0,7.0,1.74,9.1
16014,2017-04-19,2.8,1030.8,0.0,2.17,9.1
16015,2017-04-19,3.1,1030.5,0.0,2.3,9.1
16016,2017-04-19,3.4,1030.2,0.0,2.596,9.1
16017,2017-04-19,4.0,1030.1,0.0,2.92,9.1
16018,2017-04-19,4.8,1030.0,0.0,3.522,9.1
16019,2017-04-19,5.3,1029.9,0.0,3.8,9.1
16020,2017-04-21,7.3,1032.8,0.0,3.264,7.15
16021,2017-04-20,7.9,1032.7,0.0,3.612,7.15
16022,2017-04-20,8.8,1032.6,0.0,4.1,7.15
16023,2017-04-20,10.2,1032.4,0.0,4.742,7.15
16024,2017-04-20,12.0,1032.1,63.0,5.42,7.15
16025,2017-04-20,12.8,1032.3,202.0,5.93,7.15
16026,2017-04-20,12.8,1032.5,424.0,5.72,7.15
16027,2017-04-20,12.4,1032.9,519.0,5.48,7.15
16028,2017-04-20,12.0,1033.6,707.0,5.29,7.15
16029,2017-04-20,11.9,1034.1,847.0,5.211,7.15
16030,2017-04-20,11.0,1034.5,868.0,4.6,7.15
16031,2017-04-20,10.1,1034.9,761.0,4.37,7.15
16032,2017-04-20,9.5,1035.5,758.0,4.095,7.15
16033,2017-04-20,10.0,1035.5,717.0,4.27,7.15
16034,2017-04-20,7.7,1035.4,522.0,3.248,7.15
16035,2017-04-20,5.1,1035.4,330.0,2.199,7.15
16036,2017-04-20,2.4,1034.9,134.0,0.307,7.15
16037,2017-04-20,1.1,1034.7,11.0,-0.59,7.15
16038,2017-04-20,1.4,1034.3,0.0,-0.44,7.15
16039,2017-04-20,1.9,1034.1,0.0,-0.17300000000000001,7.15
16040,2017-04-20,2.4,1034.0,0.0,0.076,7.15
16041,2017-04-20,3.9,1034.1,0.0,0.65,7.15
16042,2017-04-20,5.1,1034.1,0.0,1.702,7.15
16043,2017-04-20,5.7,1034.0,0.0,1.8430000000000002,7.15
16044,2017-04-22,10.5,1027.9,0.0,8.19,7.8
16045,2017-04-21,11.7,1028.0,0.0,8.696,7.8
16046,2017-04-21,12.7,1027.9,0.0,9.011000000000001,7.8
16047,2017-04-21,14.5,1027.5,0.0,9.48,7.8
16048,2017-04-21,16.9,1027.3,67.0,9.672,7.8
16049,2017-04-21,17.4,1027.6,223.0,9.775,7.8
16050,2017-04-21,17.6,1028.0,417.0,9.65,7.8
16051,2017-04-21,17.2,1028.2,577.0,9.427999999999999,7.8
16052,2017-04-21,17.5,1029.1,707.0,9.4,7.8
16053,2017-04-21,16.5,1030.0,814.0,7.98,7.8
16054,2017-04-21,15.0,1030.9,863.0,6.88,7.8
16055,2017-04-21,13.8,1031.5,865.0,6.254,7.8
16056,2017-04-21,13.0,1031.8,793.0,6.35,7.8
16057,2017-04-21,12.1,1031.9,684.0,5.94,7.8
16058,2017-04-21,10.6,1032.0,531.0,5.48,7.8
16059,2017-04-21,8.3,1032.0,350.0,4.817,7.8
16060,2017-04-21,4.7,1031.9,134.0,2.78,7.8
16061,2017-04-21,3.6,1031.7,11.0,1.76,7.8
16062,2017-04-21,3.2,1031.8,0.0,1.37,7.8
16063,2017-04-21,4.2,1031.9,0.0,1.72,7.8
16064,2017-04-21,4.5,1032.1,0.0,2.08,7.8
16065,2017-04-21,4.8,1032.2,0.0,2.64,7.8
16066,2017-04-21,6.2,1032.6,0.0,2.932,7.8
16067,2017-04-21,7.1,1032.7,0.0,3.1860000000000004,7.8
16068,2017-04-23,10.1,1025.4,0.0,7.895,9.7
16069,2017-04-22,10.4,1025.3,0.0,8.264,9.7
16070,2017-04-22,10.6,1025.0,0.0,8.542,9.7
16071,2017-04-22,10.8,1024.3,0.0,8.912,9.7
16072,2017-04-22,11.3,1024.0,40.0,9.221,9.7
16073,2017-04-22,12.3,1024.0,134.0,9.882,9.7
16074,2017-04-22,14.3,1023.8,144.0,10.72,9.7
16075,2017-04-22,15.2,1023.7,132.0,10.5,9.7
16076,2017-04-22,15.4,1024.0,345.0,10.32,9.7
16077,2017-04-22,14.4,1024.7,332.0,10.206,9.7
16078,2017-04-22,14.8,1025.0,1097.0,10.404000000000002,9.7
16079,2017-04-22,14.0,1025.7,408.0,10.24,9.7
16080,2017-04-22,12.8,1026.2,494.0,10.352,9.7
16081,2017-04-22,11.3,1026.4,343.0,9.674,9.7
16082,2017-04-22,10.7,1026.6,179.0,9.161,9.7
16083,2017-04-22,9.6,1026.7,114.0,8.376,9.7
16084,2017-04-22,8.9,1026.3,54.0,7.99,9.7
16085,2017-04-22,9.1,1026.1,12.0,7.996,9.7
16086,2017-04-22,8.9,1025.9,0.0,7.812,9.7
16087,2017-04-22,8.7,1026.4,0.0,7.596,9.7
16088,2017-04-22,8.3,1026.6,0.0,6.996,9.7
16089,2017-04-22,9.1,1027.0,0.0,7.641,9.7
16090,2017-04-22,9.7,1027.6,0.0,7.7410000000000005,9.7
16091,2017-04-22,10.0,1027.8,0.0,7.96,9.7
16092,2017-04-24,7.8,1021.8,0.0,5.006,9.35
16093,2017-04-23,8.9,1022.2,0.0,5.794,9.35
16094,2017-04-23,9.8,1022.4,0.0,6.32,9.35
16095,2017-04-23,11.0,1022.1,0.0,6.8,9.35
16096,2017-04-23,13.0,1022.0,74.0,7.9,9.35
16097,2017-04-23,13.0,1022.3,60.0,7.886,9.35
16098,2017-04-23,13.3,1022.5,452.0,8.058,9.35
16099,2017-04-23,13.4,1023.0,141.0,7.928,9.35
16100,2017-04-23,13.4,1023.7,197.0,7.82,9.35
16101,2017-04-23,12.7,1024.1,230.0,7.46,9.35
16102,2017-04-23,12.4,1024.8,877.0,7.04,9.35
16103,2017-04-23,11.7,1025.5,506.0,6.518,9.35
16104,2017-04-23,10.6,1025.8,439.0,6.08,9.35
16105,2017-04-23,10.4,1026.0,438.0,5.9,9.35
16106,2017-04-23,9.5,1026.0,580.0,5.67,9.35
16107,2017-04-23,8.3,1026.0,348.0,5.76,9.35
16108,2017-04-23,5.3,1025.7,142.0,4.129,9.35
16109,2017-04-23,3.9,1025.4,12.0,2.8339999999999996,9.35
16110,2017-04-23,4.4,1025.4,0.0,3.112,9.35
16111,2017-04-23,5.9,1025.3,0.0,4.0,9.35
16112,2017-04-23,6.9,1025.4,0.0,4.66,9.35
16113,2017-04-23,7.5,1025.6,0.0,5.32,9.35
16114,2017-04-23,8.1,1025.9,0.0,6.24,9.35
16115,2017-04-23,9.2,1025.7,0.0,7.2,9.35
16116,2017-04-25,10.5,1010.5,0.0,7.66,11.0
16117,2017-04-24,11.1,1010.9,0.0,7.986000000000001,11.0
16118,2017-04-24,12.0,1011.1,0.0,8.32,11.0
16119,2017-04-24,13.4,1010.9,0.0,8.948,11.0
16120,2017-04-24,15.0,1010.9,72.0,9.84,11.0
16121,2017-04-24,15.5,1011.4,223.0,9.675,11.0
16122,2017-04-24,16.1,1011.7,452.0,9.418,11.0
16123,2017-04-24,15.9,1012.2,638.0,9.177,11.0
16124,2017-04-24,15.9,1012.7,758.0,9.177,11.0
16125,2017-04-24,15.1,1014.0,800.0,8.38,11.0
16126,2017-04-24,15.2,1015.0,874.0,8.62,11.0
16127,2017-04-24,14.0,1016.0,875.0,8.06,11.0
16128,2017-04-24,13.7,1016.7,809.0,7.832000000000001,11.0
16129,2017-04-24,12.2,1017.2,740.0,7.26,11.0
16130,2017-04-24,10.7,1017.5,489.0,6.66,11.0
16131,2017-04-24,8.6,1017.9,359.0,6.028,11.0
16132,2017-04-24,5.6,1017.9,132.0,3.89,11.0
16133,2017-04-24,4.2,1018.3,14.0,2.8080000000000003,11.0
16134,2017-04-24,4.3,1018.3,0.0,2.86,11.0
16135,2017-04-24,4.8,1019.0,0.0,3.46,11.0
16136,2017-04-24,4.8,1019.6,0.0,3.39,11.0
16137,2017-04-24,6.2,1020.2,0.0,4.17,11.0
16138,2017-04-24,6.7,1020.9,0.0,4.36,11.0
16139,2017-04-24,7.4,1021.4,0.0,4.772,11.0
16140,2017-04-26,5.9,1010.8,0.0,2.6719999999999997,10.35
16141,2017-04-25,6.7,1010.4,0.0,2.9419999999999997,10.35
16142,2017-04-25,7.2,1010.1,0.0,3.176,10.35
16143,2017-04-25,8.5,1009.7,7.0,3.98,10.35
16144,2017-04-25,9.1,1009.3,58.0,4.206,10.35
16145,2017-04-25,9.6,1009.3,158.0,4.628,10.35
16146,2017-04-25,9.8,1009.6,225.0,4.668,10.35
16147,2017-04-25,10.1,1009.8,283.0,4.873,10.35
16148,2017-04-25,9.6,1010.3,432.0,4.114,10.35
16149,2017-04-25,8.9,1010.7,577.0,4.0360000000000005,10.35
16150,2017-04-25,8.3,1011.0,476.0,4.1530000000000005,10.35
16151,2017-04-25,7.6,1011.5,420.0,3.792,10.35
16152,2017-04-25,6.9,1011.5,294.0,3.6,10.35
16153,2017-04-25,6.7,1011.2,343.0,3.8280000000000003,10.35
16154,2017-04-25,6.5,1011.1,153.0,4.75,10.35
16155,2017-04-25,5.7,1010.8,76.0,4.394,10.35
16156,2017-04-25,5.3,1010.6,14.0,4.255,10.35
16157,2017-04-25,6.9,1010.0,0.0,5.22,10.35
16158,2017-04-25,8.4,1009.3,0.0,7.272,10.35
16159,2017-04-25,8.8,1009.1,0.0,7.63,10.35
16160,2017-04-25,8.9,1009.1,0.0,7.596,10.35
16161,2017-04-25,8.8,1009.3,0.0,7.17,10.35
16162,2017-04-25,9.3,1009.7,0.0,7.275,10.35
16163,2017-04-25,9.7,1010.2,0.0,7.3260000000000005,10.35
16164,2017-04-27,4.2,1016.3,0.0,3.216,7.25
16165,2017-04-26,4.7,1016.0,0.0,3.655,7.25
16166,2017-04-26,5.1,1015.6,0.0,4.085,7.25
16167,2017-04-26,5.6,1014.9,0.0,4.394,7.25
16168,2017-04-26,6.9,1014.4,93.0,5.01,7.25
16169,2017-04-26,6.5,1014.2,120.0,5.125,7.25
16170,2017-04-26,7.5,1013.6,28.0,5.08,7.25
16171,2017-04-26,8.6,1013.4,837.0,6.0,7.25
16172,2017-04-26,6.8,1013.8,682.0,5.14,7.25
16173,2017-04-26,6.0,1013.6,338.0,4.58,7.25
16174,2017-04-26,7.7,1013.1,401.0,4.928999999999999,7.25
16175,2017-04-26,8.2,1013.0,1125.0,5.136,7.25
16176,2017-04-26,7.1,1013.1,236.0,4.183,7.25
16177,2017-04-26,7.4,1013.0,265.0,4.476,7.25
16178,2017-04-26,6.6,1012.7,564.0,4.27,7.25
16179,2017-04-26,4.6,1012.6,369.0,2.75,7.25
16180,2017-04-26,3.2,1012.3,165.0,1.79,7.25
16181,2017-04-26,2.1,1011.9,16.0,0.8,7.25
16182,2017-04-26,2.6,1011.4,0.0,1.102,7.25
16183,2017-04-26,3.5,1011.6,0.0,1.48,7.25
16184,2017-04-26,4.0,1011.7,0.0,1.64,7.25
16185,2017-04-26,4.2,1011.5,0.0,1.88,7.25
16186,2017-04-26,4.7,1011.7,0.0,2.24,7.25
16187,2017-04-26,5.2,1011.2,0.0,2.5860000000000003,7.25
16188,2017-04-28,6.0,1017.2,0.0,3.17,7.15
16189,2017-04-27,6.4,1017.4,0.0,3.2119999999999997,7.15
16190,2017-04-27,7.1,1017.2,0.0,3.48,7.15
16191,2017-04-27,8.1,1016.8,5.0,3.792,7.15
16192,2017-04-27,9.3,1016.4,54.0,4.316,7.15
16193,2017-04-27,10.4,1016.3,193.0,4.813,7.15
16194,2017-04-27,9.7,1016.2,97.0,4.79,7.15
16195,2017-04-27,9.7,1016.7,573.0,5.26,7.15
16196,2017-04-27,9.8,1017.1,849.0,5.34,7.15
16197,2017-04-27,9.3,1017.2,241.0,5.405,7.15
16198,2017-04-27,6.2,1017.7,239.0,4.45,7.15
16199,2017-04-27,8.7,1017.5,550.0,5.3,7.15
16200,2017-04-27,8.4,1017.9,988.0,5.352,7.15
16201,2017-04-27,7.2,1018.0,225.0,4.688,7.15
16202,2017-04-27,6.5,1017.8,575.0,4.76,7.15
16203,2017-04-27,4.7,1017.8,385.0,3.592,7.15
16204,2017-04-27,2.9,1017.5,171.0,2.2,7.15
16205,2017-04-27,2.1,1017.2,18.0,1.54,7.15
16206,2017-04-27,2.2,1017.1,0.0,1.57,7.15
16207,2017-04-27,2.5,1016.9,0.0,1.8,7.15
16208,2017-04-27,2.9,1016.7,0.0,2.14,7.15
16209,2017-04-27,3.0,1016.4,0.0,2.24,7.15
16210,2017-04-27,3.8,1016.5,0.0,2.8160000000000003,7.15
16211,2017-04-27,4.2,1016.5,0.0,3.148,7.15
16212,2017-04-29,8.7,1017.1,0.0,7.367999999999999,6.3
16213,2017-04-28,9.7,1017.1,0.0,7.824,6.3
16214,2017-04-28,10.0,1016.6,0.0,7.96,6.3
16215,2017-04-28,10.3,1016.4,0.0,8.002,6.3
16216,2017-04-28,11.0,1016.1,23.0,8.3,6.3
16217,2017-04-28,11.8,1015.8,127.0,8.372,6.3
16218,2017-04-28,12.8,1015.6,230.0,8.47,6.3
16219,2017-04-28,11.2,1015.6,253.0,8.072000000000001,6.3
16220,2017-04-28,10.1,1015.6,214.0,8.219,6.3
16221,2017-04-28,13.1,1015.4,165.0,9.12,6.3
16222,2017-04-28,11.9,1015.4,325.0,8.238,6.3
16223,2017-04-28,11.1,1015.8,1049.0,8.66,6.3
16224,2017-04-28,8.6,1016.2,255.0,7.566,6.3
16225,2017-04-28,7.3,1016.0,271.0,6.517,6.3
16226,2017-04-28,6.2,1015.8,218.0,5.544,6.3
16227,2017-04-28,5.3,1015.7,88.0,4.789,6.3
16228,2017-04-28,4.7,1015.4,21.0,4.043,6.3
16229,2017-04-28,4.4,1015.6,5.0,3.64,6.3
16230,2017-04-28,4.2,1015.7,0.0,2.944,6.3
16231,2017-04-28,4.3,1015.9,0.0,2.79,6.3
16232,2017-04-28,4.5,1016.2,0.0,2.89,6.3
16233,2017-04-28,4.5,1016.5,0.0,2.68,6.3
16234,2017-04-28,4.6,1016.9,0.0,2.59,6.3
16235,2017-04-28,4.9,1017.1,0.0,2.8,6.3
16236,2017-04-30,11.4,1009.1,0.0,7.415,8.0
16237,2017-04-29,11.7,1009.5,0.0,7.581,8.0
16238,2017-04-29,12.8,1009.9,0.0,8.2,8.0
16239,2017-04-29,14.0,1009.9,7.0,9.081,8.0
16240,2017-04-29,15.2,1010.0,42.0,9.548,8.0
16241,2017-04-29,15.7,1010.5,84.0,9.706,8.0
16242,2017-04-29,16.5,1011.3,156.0,10.09,8.0
16243,2017-04-29,17.0,1011.8,244.0,10.39,8.0
16244,2017-04-29,16.7,1012.8,858.0,10.262,8.0
16245,2017-04-29,16.4,1013.6,791.0,9.82,8.0
16246,2017-04-29,15.7,1014.3,308.0,10.32,8.0
16247,2017-04-29,15.2,1014.9,374.0,10.11,8.0
16248,2017-04-29,14.6,1015.4,872.0,10.325999999999999,8.0
16249,2017-04-29,14.2,1015.9,719.0,10.4,8.0
16250,2017-04-29,12.0,1016.0,564.0,9.7,8.0
16251,2017-04-29,10.2,1016.2,381.0,8.624,8.0
16252,2017-04-29,7.1,1016.1,160.0,6.21,8.0
16253,2017-04-29,4.9,1016.4,21.0,4.6160000000000005,8.0
16254,2017-04-29,3.5,1016.3,0.0,3.125,8.0
16255,2017-04-29,4.2,1016.6,0.0,3.7319999999999998,8.0
16256,2017-04-29,5.1,1017.0,0.0,4.6739999999999995,8.0
16257,2017-04-29,5.2,1017.0,0.0,4.696000000000001,8.0
16258,2017-04-29,6.1,1017.1,0.0,5.371,8.0
16259,2017-04-29,7.3,1017.2,0.0,6.263999999999999,8.0
16260,2017-05-01,9.9,1001.7,0.0,8.683,10.75
16261,2017-04-30,10.3,1000.8,0.0,9.247,10.75
16262,2017-04-30,11.2,1001.1,0.0,10.101,10.75
16263,2017-04-30,11.3,999.9,0.0,10.196,10.75
16264,2017-04-30,11.4,999.2,7.0,10.288,10.75
16265,2017-04-30,10.9,999.3,18.0,10.081,10.75
16266,2017-04-30,12.5,999.4,62.0,11.14,10.75
16267,2017-04-30,17.2,997.8,132.0,11.602,10.75
16268,2017-04-30,16.1,998.6,348.0,11.66,10.75
16269,2017-04-30,15.1,1000.3,176.0,11.842,10.75
16270,2017-04-30,18.8,1000.4,130.0,10.97,10.75
16271,2017-04-30,18.5,1000.6,633.0,10.76,10.75
16272,2017-04-30,16.9,1001.3,436.0,10.26,10.75
16273,2017-04-30,16.4,1002.1,698.0,9.596,10.75
16274,2017-04-30,14.4,1003.1,598.0,8.876,10.75
16275,2017-04-30,11.7,1003.7,269.0,7.6739999999999995,10.75
16276,2017-04-30,9.7,1004.3,304.0,6.881,10.75
16277,2017-04-30,8.1,1004.7,19.0,5.7,10.75
16278,2017-04-30,8.6,1005.3,0.0,6.028,10.75
16279,2017-04-30,8.4,1005.8,0.0,5.76,10.75
16280,2017-04-30,8.1,1006.4,0.0,5.52,10.75
16281,2017-04-30,8.8,1007.1,0.0,6.167999999999999,10.75
16282,2017-04-30,9.9,1008.0,0.0,6.865,10.75
16283,2017-04-30,10.1,1008.5,0.0,6.7620000000000005,10.75
16284,2017-05-15,13.7,1025.0,0.0,11.694,16.55
16285,2017-05-02,9.7,1012.9,0.0,7.7410000000000005,0.0
16286,2017-05-01,11.5,1012.4,0.0,8.036,11.5
16287,2017-05-01,12.2,1011.9,5.0,8.34,11.5
16288,2017-05-01,13.4,1011.5,56.0,8.556000000000001,11.5
16289,2017-05-01,14.7,1010.8,137.0,9.164,11.5
16290,2017-05-01,15.7,1010.6,171.0,9.575,11.5
16291,2017-05-01,14.9,1010.3,278.0,8.531,11.5
16292,2017-05-01,14.8,1009.9,230.0,8.301,11.5
16293,2017-05-01,13.8,1009.7,366.0,8.488,11.5
16294,2017-05-01,13.7,1009.5,828.0,8.54,11.5
16295,2017-05-01,13.0,1009.0,457.0,8.366,11.5
16296,2017-05-01,12.6,1008.6,823.0,8.5,11.5
16297,2017-05-01,11.2,1008.0,925.0,8.572000000000001,11.5
16298,2017-05-01,10.8,1007.3,715.0,8.296,11.5
16299,2017-05-01,8.8,1007.1,188.0,7.596,11.5
16300,2017-05-01,8.4,1006.1,214.0,7.272,11.5
16301,2017-05-01,7.2,1005.2,14.0,5.992000000000001,11.5
16302,2017-05-01,7.1,1004.0,0.0,5.886,11.5
16303,2017-05-01,7.2,1003.2,0.0,5.827999999999999,11.5
16304,2017-05-01,8.8,1002.5,0.0,7.63,11.5
16305,2017-05-01,9.5,1002.2,0.0,8.148,11.5
16306,2017-05-01,9.7,1001.7,0.0,8.298,11.5
16307,2017-05-01,9.9,1001.6,0.0,8.604,11.5
16308,2017-05-03,10.4,1017.7,0.0,8.684,5.65
16309,2017-05-02,11.3,1017.6,0.0,9.587,5.65
16310,2017-05-02,11.5,1017.3,0.0,9.785,5.65
16311,2017-05-02,12.0,1017.0,0.0,10.0,5.65
16312,2017-05-02,14.1,1016.2,33.0,9.969,5.65
16313,2017-05-02,15.0,1015.8,88.0,10.08,5.65
16314,2017-05-02,14.8,1015.9,155.0,9.347999999999999,5.65
16315,2017-05-02,14.8,1015.8,56.0,9.696,5.65
16316,2017-05-02,15.3,1015.5,169.0,9.751,5.65
16317,2017-05-02,14.9,1015.3,316.0,9.767999999999999,5.65
16318,2017-05-02,14.5,1015.1,220.0,9.48,5.65
16319,2017-05-02,14.1,1015.2,1002.0,9.747,5.65
16320,2017-05-02,14.3,1015.3,434.0,10.36,5.65
16321,2017-05-02,14.4,1015.1,830.0,10.68,5.65
16322,2017-05-02,12.5,1014.8,585.0,9.65,5.65
16323,2017-05-02,10.2,1014.3,176.0,8.892000000000001,5.65
16324,2017-05-02,9.3,1013.9,236.0,8.44,5.65
16325,2017-05-02,8.2,1013.7,25.0,7.56,5.65
16326,2017-05-02,8.4,1013.3,0.0,7.518,5.65
16327,2017-05-02,8.3,1013.1,0.0,7.164,5.65
16328,2017-05-02,8.4,1012.8,0.0,7.272,5.65
16329,2017-05-02,9.1,1012.6,0.0,7.712000000000001,5.65
16330,2017-05-02,9.3,1012.5,0.0,7.7829999999999995,5.65
16331,2017-05-02,9.4,1012.8,0.0,7.622999999999999,5.65
16332,2017-05-04,8.7,1016.6,0.0,8.38,13.0
16333,2017-05-03,8.9,1016.9,0.0,8.58,13.0
16334,2017-05-03,9.0,1016.7,0.0,8.6,13.0
16335,2017-05-03,9.1,1016.3,0.0,8.69,13.0
16336,2017-05-03,9.1,1016.1,40.0,8.607999999999999,13.0
16337,2017-05-03,9.2,1016.2,88.0,8.612,13.0
16338,2017-05-03,8.8,1016.3,155.0,8.32,13.0
16339,2017-05-03,8.6,1016.4,139.0,8.2,13.0
16340,2017-05-03,9.3,1016.5,62.0,8.44,13.0
16341,2017-05-03,10.8,1016.2,102.0,9.863,13.0
16342,2017-05-03,10.2,1016.2,118.0,9.612,13.0
16343,2017-05-03,10.4,1016.6,221.0,9.44,13.0
16344,2017-05-03,10.7,1016.7,227.0,9.683,13.0
16345,2017-05-03,9.7,1016.9,221.0,8.956,13.0
16346,2017-05-03,9.1,1016.8,77.0,8.607999999999999,13.0
16347,2017-05-03,8.9,1016.7,32.0,8.34,13.0
16348,2017-05-03,8.9,1016.7,19.0,8.34,13.0
16349,2017-05-03,8.9,1016.6,9.0,8.26,13.0
16350,2017-05-03,8.9,1016.6,0.0,8.26,13.0
16351,2017-05-03,9.2,1017.0,0.0,8.527999999999999,13.0
16352,2017-05-03,9.1,1017.1,0.0,8.362,13.0
16353,2017-05-03,9.2,1017.5,0.0,8.288,13.0
16354,2017-05-03,9.7,1017.7,0.0,8.298,13.0
16355,2017-05-03,9.8,1017.8,0.0,8.288,13.0
16356,2017-05-05,10.2,1017.6,0.0,9.514,9.75
16357,2017-05-04,10.9,1017.3,0.0,10.263,9.75
16358,2017-05-04,11.8,1017.0,0.0,10.82,9.75
16359,2017-05-04,12.2,1016.5,5.0,10.86,9.75
16360,2017-05-04,13.2,1016.3,32.0,11.46,9.75
16361,2017-05-04,15.5,1015.7,248.0,11.94,9.75
16362,2017-05-04,14.9,1015.3,341.0,12.22,9.75
16363,2017-05-04,15.4,1015.0,193.0,11.74,9.75
16364,2017-05-04,14.4,1015.1,144.0,11.82,9.75
16365,2017-05-04,15.7,1015.0,933.0,11.769,9.75
16366,2017-05-04,14.7,1015.4,283.0,11.76,9.75
16367,2017-05-04,12.8,1015.8,353.0,11.0,9.75
16368,2017-05-04,11.9,1015.7,418.0,10.505,9.75
16369,2017-05-04,10.0,1015.7,346.0,9.2,9.75
16370,2017-05-04,8.8,1015.6,114.0,8.48,9.75
16371,2017-05-04,8.7,1015.4,169.0,8.38,9.75
16372,2017-05-04,8.3,1015.4,56.0,8.06,9.75
16373,2017-05-04,8.3,1015.2,18.0,7.96,9.75
16374,2017-05-04,8.3,1015.5,0.0,8.06,9.75
16375,2017-05-04,7.9,1015.6,0.0,7.657,9.75
16376,2017-05-04,8.2,1015.8,0.0,7.96,9.75
16377,2017-05-04,8.1,1016.0,0.0,7.86,9.75
16378,2017-05-04,7.9,1016.4,0.0,7.657,9.75
16379,2017-05-04,8.2,1016.7,0.0,7.88,9.75
16380,2017-05-06,13.8,1008.9,0.0,11.388,12.4
16381,2017-05-05,13.7,1009.7,0.0,11.488,12.4
16382,2017-05-05,14.8,1010.0,0.0,11.48,12.4
16383,2017-05-05,16.2,1010.1,11.0,12.404000000000002,12.4
16384,2017-05-05,17.4,1010.7,109.0,12.9,12.4
16385,2017-05-05,17.7,1011.5,109.0,12.819,12.4
16386,2017-05-05,17.4,1012.0,272.0,13.026,12.4
16387,2017-05-05,16.8,1013.1,265.0,12.592,12.4
16388,2017-05-05,16.5,1013.5,907.0,12.46,12.4
16389,2017-05-05,16.5,1014.4,722.0,12.492,12.4
16390,2017-05-05,15.5,1015.2,446.0,12.285,12.4
16391,2017-05-05,14.7,1015.7,1144.0,12.06,12.4
16392,2017-05-05,12.4,1016.3,671.0,10.82,12.4
16393,2017-05-05,10.7,1017.0,276.0,9.683,12.4
16394,2017-05-05,9.9,1017.1,251.0,9.116,12.4
16395,2017-05-05,9.6,1017.3,262.0,8.956,12.4
16396,2017-05-05,9.1,1017.4,72.0,8.69,12.4
16397,2017-05-05,8.6,1017.1,19.0,8.36,12.4
16398,2017-05-05,7.9,1017.1,0.0,7.68,12.4
16399,2017-05-05,8.2,1017.0,0.0,7.88,12.4
16400,2017-05-05,8.3,1017.0,0.0,7.9,12.4
16401,2017-05-05,8.8,1017.1,0.0,8.4,12.4
16402,2017-05-05,9.3,1017.3,0.0,8.783999999999999,12.4
16403,2017-05-05,9.8,1017.3,0.0,9.224,12.4
16404,2017-05-07,11.4,1011.1,0.0,10.835999999999999,12.9
16405,2017-05-06,11.8,1010.7,0.0,11.212,12.9
16406,2017-05-06,11.8,1010.3,0.0,11.114,12.9
16407,2017-05-06,11.7,1009.8,0.0,11.118,12.9
16408,2017-05-06,11.7,1009.1,28.0,10.927999999999999,12.9
16409,2017-05-06,11.6,1008.6,47.0,10.735999999999999,12.9
16410,2017-05-06,11.7,1008.1,81.0,10.73,12.9
16411,2017-05-06,11.4,1007.6,54.0,10.554,12.9
16412,2017-05-06,11.1,1007.3,102.0,10.372,12.9
16413,2017-05-06,11.0,1006.7,69.0,10.37,12.9
16414,2017-05-06,11.1,1006.0,95.0,10.463,12.9
16415,2017-05-06,11.0,1005.4,93.0,10.28,12.9
16416,2017-05-06,11.2,1005.0,107.0,10.372,12.9
16417,2017-05-06,11.1,1004.9,77.0,10.280999999999999,12.9
16418,2017-05-06,11.0,1004.7,135.0,10.01,12.9
16419,2017-05-06,11.5,1005.1,25.0,9.87,12.9
16420,2017-05-06,12.2,1004.9,30.0,10.094,12.9
16421,2017-05-06,11.9,1004.8,18.0,9.802999999999999,12.9
16422,2017-05-06,11.8,1005.0,0.0,9.706,12.9
16423,2017-05-06,11.9,1005.7,0.0,9.802999999999999,12.9
16424,2017-05-06,12.7,1006.7,0.0,10.244000000000002,12.9
16425,2017-05-06,13.1,1007.6,0.0,10.537,12.9
16426,2017-05-06,13.3,1008.2,0.0,10.751,12.9
16427,2017-05-06,13.5,1008.5,0.0,11.175999999999998,12.9
16428,2017-05-08,8.8,1021.0,0.0,8.0,10.9
16429,2017-05-07,9.7,1020.8,0.0,8.45,10.9
16430,2017-05-07,10.8,1020.5,0.0,9.088,10.9
16431,2017-05-07,11.3,1019.8,5.0,9.761000000000001,10.9
16432,2017-05-07,11.8,1019.3,12.0,10.082,10.9
16433,2017-05-07,12.5,1019.1,125.0,10.595,10.9
16434,2017-05-07,13.3,1019.0,141.0,10.857999999999999,10.9
16435,2017-05-07,12.5,1019.0,123.0,10.49,10.9
16436,2017-05-07,13.5,1018.8,350.0,11.49,10.9
16437,2017-05-07,12.9,1019.1,320.0,11.2,10.9
16438,2017-05-07,11.7,1019.1,195.0,10.398,10.9
16439,2017-05-07,11.6,1019.0,195.0,10.388,10.9
16440,2017-05-07,11.2,1018.3,237.0,10.192,10.9
16441,2017-05-07,10.6,1018.0,239.0,9.835,10.9
16442,2017-05-07,10.2,1017.4,86.0,9.407,10.9
16443,2017-05-07,9.9,1016.6,98.0,9.312000000000001,10.9
16444,2017-05-07,9.8,1015.7,49.0,9.32,10.9
16445,2017-05-07,9.7,1014.8,0.0,9.324,10.9
16446,2017-05-07,9.8,1014.1,0.0,9.416,10.9
16447,2017-05-07,10.1,1013.7,0.0,9.802999999999999,10.9
16448,2017-05-07,10.2,1013.1,0.0,9.906,10.9
16449,2017-05-07,10.4,1012.5,0.0,10.016,10.9
16450,2017-05-07,10.8,1012.2,0.0,10.432,10.9
16451,2017-05-07,11.1,1011.6,0.0,10.735999999999999,10.9
16452,2017-05-09,9.6,1022.3,0.0,9.048,12.2
16453,2017-05-08,9.6,1022.3,0.0,9.048,12.2
16454,2017-05-08,9.4,1021.9,0.0,8.96,12.2
16455,2017-05-08,9.6,1021.6,0.0,9.048,12.2
16456,2017-05-08,9.7,1021.5,16.0,8.948,12.2
16457,2017-05-08,9.9,1021.5,58.0,8.683,12.2
16458,2017-05-08,10.4,1021.7,60.0,8.684,12.2
16459,2017-05-08,10.7,1021.7,127.0,8.639,12.2
16460,2017-05-08,11.5,1021.9,234.0,8.94,12.2
16461,2017-05-08,10.5,1022.1,336.0,7.85,12.2
16462,2017-05-08,10.4,1022.3,334.0,7.666,12.2
16463,2017-05-08,11.0,1022.4,462.0,8.0,12.2
16464,2017-05-08,11.6,1022.1,657.0,8.628,12.2
16465,2017-05-08,10.4,1022.0,487.0,8.684,12.2
16466,2017-05-08,10.3,1021.7,236.0,8.998,12.2
16467,2017-05-08,9.4,1021.4,91.0,8.612,12.2
16468,2017-05-08,9.0,1020.9,44.0,8.26,12.2
16469,2017-05-08,8.7,1020.7,9.0,8.14,12.2
16470,2017-05-08,8.7,1020.6,0.0,8.06,12.2
16471,2017-05-08,8.9,1021.0,0.0,8.18,12.2
16472,2017-05-08,9.0,1021.2,0.0,8.28,12.2
16473,2017-05-08,8.9,1021.2,0.0,8.18,12.2
16474,2017-05-08,8.9,1021.1,0.0,8.1,12.2
16475,2017-05-08,8.9,1021.5,0.0,8.027999999999999,12.2
16476,2017-05-10,10.8,1011.6,0.0,7.336,10.2
16477,2017-05-09,11.5,1012.1,0.0,7.805,10.2
16478,2017-05-09,12.4,1012.3,0.0,8.24,10.2
16479,2017-05-09,13.9,1012.7,18.0,9.23,10.2
16480,2017-05-09,15.2,1012.7,118.0,9.351,10.2
16481,2017-05-09,15.8,1013.2,306.0,9.783999999999999,10.2
16482,2017-05-09,16.0,1014.1,485.0,9.94,10.2
16483,2017-05-09,15.9,1014.8,649.0,9.725,10.2
16484,2017-05-09,15.8,1015.4,789.0,9.382,10.2
16485,2017-05-09,15.0,1016.8,884.0,8.863999999999999,10.2
16486,2017-05-09,15.0,1017.6,930.0,9.27,10.2
16487,2017-05-09,13.5,1018.4,930.0,8.23,10.2
16488,2017-05-09,12.7,1019.0,867.0,8.39,10.2
16489,2017-05-09,11.4,1019.4,773.0,8.452,10.2
16490,2017-05-09,9.6,1019.8,608.0,7.92,10.2
16491,2017-05-09,7.7,1020.1,431.0,6.416,10.2
16492,2017-05-09,6.0,1020.3,223.0,5.44,10.2
16493,2017-05-09,4.9,1020.2,33.0,4.545,10.2
16494,2017-05-09,5.3,1020.6,0.0,4.862,10.2
16495,2017-05-09,5.9,1020.8,0.0,5.347,10.2
16496,2017-05-09,6.7,1021.2,0.0,6.091,10.2
16497,2017-05-09,7.9,1021.4,0.0,7.171,10.2
16498,2017-05-09,8.9,1021.8,0.0,8.1,10.2
16499,2017-05-09,9.4,1022.0,0.0,8.783999999999999,10.2
16500,2017-05-11,15.9,998.9,0.0,11.832,0.0
16501,2017-05-10,16.7,999.3,0.0,12.02,12.55
16502,2017-05-10,17.7,999.4,0.0,12.437999999999999,12.55
16503,2017-05-10,19.4,999.5,21.0,13.16,12.55
16504,2017-05-10,20.3,999.7,148.0,13.814,12.55
16505,2017-05-10,20.5,1000.2,197.0,13.45,12.55
16506,2017-05-10,20.5,1000.8,432.0,12.93,12.55
16507,2017-05-10,20.9,1001.3,656.0,13.04,12.55
16508,2017-05-10,20.4,1002.0,816.0,12.584000000000001,12.55
16509,2017-05-10,19.4,1003.0,882.0,12.026,12.55
16510,2017-05-10,18.6,1003.8,949.0,11.622,12.55
16511,2017-05-10,18.0,1004.6,946.0,11.36,12.55
16512,2017-05-10,17.8,1005.3,809.0,11.33,12.55
16513,2017-05-10,16.3,1005.8,782.0,10.603,12.55
16514,2017-05-10,14.2,1006.5,615.0,9.6,12.55
16515,2017-05-10,11.0,1006.8,439.0,7.9,12.55
16516,2017-05-10,8.3,1007.2,236.0,6.39,12.55
16517,2017-05-10,6.3,1007.8,32.0,4.813,12.55
16518,2017-05-10,6.4,1008.2,0.0,4.75,12.55
16519,2017-05-10,7.0,1008.9,0.0,5.02,12.55
16520,2017-05-10,7.8,1009.6,0.0,5.412000000000001,12.55
16521,2017-05-10,8.6,1010.2,0.0,5.936,12.55
16522,2017-05-10,9.5,1010.6,0.0,6.62,12.55
16523,2017-05-10,10.1,1011.1,0.0,7.028,12.55
16524,2017-05-12,14.7,995.4,0.0,13.7,8.2
16525,2017-05-11,14.8,995.1,0.0,13.9,8.2
16526,2017-05-11,14.9,994.7,0.0,13.9,8.2
16527,2017-05-11,15.2,994.2,0.0,14.012,8.2
16528,2017-05-11,15.5,993.7,35.0,14.0,8.2
16529,2017-05-11,15.9,993.7,65.0,13.9,8.2
16530,2017-05-11,17.3,993.4,120.0,14.187000000000001,8.2
16531,2017-05-11,17.8,993.5,195.0,14.276,8.2
16532,2017-05-11,19.9,993.7,390.0,15.0,8.2
16533,2017-05-11,18.6,994.3,599.0,14.5,8.2
16534,2017-05-11,20.3,994.2,285.0,15.11,8.2
16535,2017-05-11,20.6,994.1,506.0,15.09,8.2
16536,2017-05-11,21.2,994.4,831.0,15.638,8.2
16537,2017-05-11,18.9,994.4,473.0,15.148,8.2
16538,2017-05-11,16.9,995.1,271.0,14.057,8.2
16539,2017-05-11,16.5,995.5,526.0,14.67,8.2
16540,2017-05-11,14.7,995.8,199.0,13.508,8.2
16541,2017-05-11,13.8,996.1,26.0,12.64,8.2
16542,2017-05-11,13.6,996.1,0.0,12.7,8.2
16543,2017-05-11,13.5,996.6,0.0,12.5,8.2
16544,2017-05-11,14.0,997.2,0.0,12.6,8.2
16545,2017-05-11,14.8,998.0,0.0,12.74,8.2
16546,2017-05-11,15.3,998.4,0.0,11.806,8.2
16547,2017-05-11,15.4,998.7,0.0,11.74,8.2
16548,2017-05-13,14.2,1004.4,0.0,13.116,18.65
16549,2017-05-12,14.7,1003.9,0.0,13.418,18.65
16550,2017-05-12,16.1,1003.0,0.0,14.364,18.65
16551,2017-05-12,16.8,1002.1,33.0,14.992,18.65
16552,2017-05-12,17.1,1001.1,113.0,15.0,18.65
16553,2017-05-12,16.3,999.8,46.0,13.890999999999998,18.65
16554,2017-05-12,19.4,999.4,107.0,15.064,18.65
16555,2017-05-12,21.9,998.9,819.0,16.422,18.65
16556,2017-05-12,22.3,998.8,288.0,16.808,18.65
16557,2017-05-12,21.9,998.9,153.0,16.66,18.65
16558,2017-05-12,21.5,998.9,461.0,16.82,18.65
16559,2017-05-12,20.2,999.0,76.0,15.544,18.65
16560,2017-05-12,20.9,999.3,622.0,15.67,18.65
16561,2017-05-12,20.9,998.9,758.0,15.72,18.65
16562,2017-05-12,18.2,999.0,629.0,15.01,18.65
16563,2017-05-12,15.4,998.5,476.0,13.588,18.65
16564,2017-05-12,13.5,998.4,179.0,12.26,18.65
16565,2017-05-12,11.6,998.2,30.0,10.64,18.65
16566,2017-05-12,11.7,997.6,0.0,10.73,18.65
16567,2017-05-12,12.2,997.3,0.0,11.2,18.65
16568,2017-05-12,12.5,996.8,0.0,11.5,18.65
16569,2017-05-12,13.0,996.4,0.0,11.92,18.65
16570,2017-05-12,13.7,996.4,0.0,12.62,18.65
16571,2017-05-12,14.0,995.6,0.0,13.1,18.65
16572,2017-05-14,14.8,1014.7,0.0,12.54,18.15
16573,2017-05-13,14.9,1014.2,0.0,12.52,18.15
16574,2017-05-13,16.6,1013.6,0.0,13.376,18.15
16575,2017-05-13,18.0,1012.9,18.0,14.1,18.15
16576,2017-05-13,18.7,1012.1,81.0,14.184000000000001,18.15
16577,2017-05-13,18.3,1012.1,105.0,14.164000000000001,18.15
16578,2017-05-13,19.4,1011.8,239.0,13.655,18.15
16579,2017-05-13,19.7,1011.5,315.0,13.79,18.15
16580,2017-05-13,19.6,1011.3,1065.0,13.52,18.15
16581,2017-05-13,20.7,1011.1,501.0,14.31,18.15
16582,2017-05-13,20.8,1010.9,1088.0,14.65,18.15
16583,2017-05-13,17.6,1010.9,1099.0,13.125,18.15
16584,2017-05-13,16.7,1010.5,490.0,12.94,18.15
16585,2017-05-13,15.7,1010.0,429.0,12.748,18.15
16586,2017-05-13,15.2,1009.3,673.0,13.1,18.15
16587,2017-05-13,13.1,1008.4,287.0,11.92,18.15
16588,2017-05-13,12.9,1007.8,200.0,12.0,18.15
16589,2017-05-13,11.2,1007.2,37.0,10.648,18.15
16590,2017-05-13,11.5,1006.5,0.0,10.74,18.15
16591,2017-05-13,12.7,1006.0,0.0,11.62,18.15
16592,2017-05-13,12.5,1005.5,0.0,11.6,18.15
16593,2017-05-13,13.0,1005.3,0.0,11.92,18.15
16594,2017-05-13,12.9,1005.2,0.0,11.9,18.15
16595,2017-05-13,14.0,1005.1,0.0,12.854000000000001,18.15
16596,2017-05-14,13.6,1024.5,0.0,11.591,16.55
16597,2017-05-14,15.6,1024.0,0.0,12.220999999999998,16.55
16598,2017-05-14,17.7,1023.1,30.0,13.073,16.55
16599,2017-05-14,17.8,1022.5,125.0,13.044,16.55
16600,2017-05-14,18.3,1022.0,209.0,13.244000000000002,16.55
16601,2017-05-14,18.7,1021.5,394.0,13.716,16.55
16602,2017-05-14,18.3,1021.4,533.0,13.577,16.55
16603,2017-05-14,17.8,1021.3,830.0,13.544,16.55
16604,2017-05-14,18.5,1021.0,921.0,14.63,16.55
16605,2017-05-14,16.5,1021.1,172.0,13.99,16.55
16606,2017-05-14,14.5,1021.2,84.0,12.46,16.55
16607,2017-05-14,17.4,1020.2,207.0,13.404000000000002,16.55
16608,2017-05-14,18.4,1020.0,819.0,14.24,16.55
16609,2017-05-14,14.2,1019.8,144.0,12.06,16.55
16610,2017-05-14,13.3,1019.2,134.0,11.286,16.55
16611,2017-05-14,12.4,1018.4,155.0,10.68,16.55
16612,2017-05-14,11.7,1017.9,47.0,9.9,16.55
16613,2017-05-14,11.4,1017.1,0.0,9.7,16.55
16614,2017-05-14,11.3,1016.7,0.0,9.761000000000001,16.55
16615,2017-05-14,11.9,1016.4,0.0,10.424000000000001,16.55
16616,2017-05-14,12.4,1016.0,0.0,10.94,16.55
16617,2017-05-14,13.3,1015.7,0.0,11.66,16.55
16618,2017-05-14,14.0,1015.2,0.0,12.28,16.55
16619,2018-02-28,-1.7,1006.8,81.0,-4.61,-3.3
16620,2017-05-16,17.7,1026.1,0.0,14.882,15.55
16621,2017-05-15,18.8,1025.9,0.0,15.372,15.55
16622,2017-05-15,20.2,1025.8,0.0,15.415999999999999,15.55
16623,2017-05-15,22.1,1025.5,23.0,15.905999999999999,15.55
16624,2017-05-15,23.1,1025.2,86.0,15.952,15.55
16625,2017-05-15,24.3,1025.3,172.0,16.768,15.55
16626,2017-05-15,24.8,1025.2,431.0,16.227999999999998,15.55
16627,2017-05-15,25.5,1025.8,664.0,16.82,15.55
16628,2017-05-15,24.9,1026.2,824.0,16.576,15.55
16629,2017-05-15,23.4,1026.4,972.0,15.866,15.55
16630,2017-05-15,24.6,1026.7,983.0,16.576,15.55
16631,2017-05-15,23.5,1027.1,821.0,16.168,15.55
16632,2017-05-15,20.4,1027.2,861.0,14.54,15.55
16633,2017-05-15,21.4,1027.5,642.0,14.86,15.55
16634,2017-05-15,17.8,1027.2,438.0,14.061,15.55
16635,2017-05-15,14.9,1026.9,234.0,13.017999999999999,15.55
16636,2017-05-15,12.9,1026.6,91.0,11.4,15.55
16637,2017-05-15,12.7,1026.1,49.0,11.3,15.55
16638,2017-05-15,13.0,1026.0,0.0,11.52,15.55
16639,2017-05-15,13.0,1025.8,0.0,11.44,15.55
16640,2017-05-15,12.4,1025.7,0.0,11.1,15.55
16641,2017-05-15,12.6,1025.7,0.0,11.18,15.55
16642,2017-05-15,13.3,1025.5,0.0,11.66,15.55
16643,2017-05-15,13.2,1025.4,0.0,11.56,15.55
16644,2018-02-28,-1.7,1007.5,369.0,-4.71,-3.3
16645,2018-02-28,-1.7,1008.8,311.0,-4.86,-3.3
16646,2018-02-28,-2.2,1009.6,311.0,-5.26,-3.3
16647,2018-02-28,-2.4,1010.7,582.0,-5.236000000000001,-3.3
16648,2018-02-28,-3.4,1011.9,330.0,-5.9,-3.3
16649,2018-02-28,-4.7,1012.3,160.0,-6.74,-3.3
16650,2018-02-28,-5.2,1012.5,316.0,-7.0360000000000005,-3.3
16651,2018-02-28,-6.2,1012.9,183.0,-7.71,-3.3
16652,2018-02-28,-6.7,1013.5,23.0,-8.09,-3.3
16653,2018-02-28,-6.6,1013.5,0.0,-8.02,-3.3
16654,2018-02-28,-6.5,1013.9,0.0,-7.92,-3.3
16655,2018-02-28,-6.4,1014.2,0.0,-7.79,-3.3
16656,2018-02-28,-5.9,1014.3,0.0,-7.487,-3.3
16657,2018-02-28,-5.8,1014.8,0.0,-7.404,-3.3
16658,2018-02-28,-5.9,1015.3,0.0,-7.454,-3.3
16659,2018-02-28,-5.7,1015.7,0.0,-7.282,-3.3
16660,2018-02-28,-5.3,1015.9,0.0,-6.989,-1.05
16661,2018-02-27,-4.5,1016.2,0.0,-6.38,-1.05
16662,2018-02-27,-4.4,1016.3,0.0,-6.32,-1.05
16663,2018-02-27,-4.2,1016.4,0.0,-6.32,-1.05
16664,2018-02-27,-3.3,1016.4,0.0,-5.79,-1.05
16665,2018-02-27,-3.1,1016.6,0.0,-5.57,-1.05
16666,2018-02-27,-2.9,1016.5,32.0,-5.165,-1.05
16667,2017-05-17,21.0,1021.6,0.0,15.67,0.0
16668,2018-02-27,-3.1,1016.7,60.0,-4.83,-1.05
16669,2018-02-27,-3.1,1017.0,46.0,-4.78,-1.05
16670,2018-02-27,-2.8,1017.3,148.0,-4.5280000000000005,-1.05
16671,2018-02-27,-3.0,1017.8,186.0,-4.3,-1.05
16672,2018-02-27,-3.6,1018.4,193.0,-4.828,-1.05
16673,2018-02-27,-3.8,1018.8,200.0,-4.936,-1.05
16674,2018-02-27,-4.4,1019.0,237.0,-5.48,-1.05
16675,2018-02-27,-5.3,1019.7,53.0,-6.08,-1.05
16676,2018-02-27,-5.7,1019.9,69.0,-6.47,-1.05
16677,2018-02-27,-6.2,1020.2,14.0,-6.9479999999999995,-1.05
16678,2018-02-27,-6.0,1020.4,0.0,-6.9,-1.05
16679,2018-02-27,-5.5,1020.7,0.0,-6.43,-1.05
16680,2018-02-27,-5.2,1020.8,0.0,-6.27,-1.05
16681,2018-02-27,-4.8,1021.1,0.0,-5.96,-1.05
16682,2018-02-27,-4.7,1021.6,0.0,-5.93,-1.05
16683,2018-02-27,-4.4,1021.7,0.0,-5.822,-1.05
16684,2017-05-18,27.6,1010.2,25.0,18.784000000000002,0.0
16685,2017-05-17,20.1,1021.0,0.0,15.854000000000001,13.65
16686,2017-05-17,20.1,1021.0,0.0,15.854000000000001,13.65
16687,2017-05-17,20.1,1021.0,0.0,15.854000000000001,13.65
16688,2017-05-17,20.1,1021.0,0.0,15.854000000000001,13.65
16689,2017-05-17,20.1,1021.0,0.0,15.854000000000001,13.65
16690,2017-05-17,20.1,1021.0,0.0,15.854000000000001,13.65
16691,2017-05-17,20.2,1021.3,0.0,15.544,13.65
16692,2017-05-19,10.7,1008.0,9.0,10.235,14.65
16693,2017-05-18,10.7,1008.0,9.0,10.235,14.65
16694,2017-05-18,10.7,1008.0,9.0,10.235,14.65
16695,2017-05-18,10.7,1008.0,9.0,10.235,14.65
16696,2017-05-18,10.8,1007.4,32.0,10.34,14.65
16697,2017-05-18,11.8,1007.0,7.0,11.31,14.65
16698,2017-05-18,13.9,1006.0,12.0,13.1,14.65
16699,2017-05-18,19.7,1005.8,39.0,17.143,14.65
16700,2017-05-18,20.6,1006.5,346.0,17.686,14.65
16701,2017-05-18,21.8,1007.0,364.0,17.008,14.65
16702,2017-05-18,21.5,1008.1,643.0,17.08,14.65
16703,2017-05-18,21.3,1008.8,538.0,16.604,14.65
16704,2017-05-18,21.2,1009.6,1100.0,17.116,14.65
16705,2017-05-18,18.8,1010.2,269.0,16.19,14.65
16706,2017-05-18,18.2,1010.5,406.0,16.09,14.65
16707,2017-05-18,16.4,1011.0,90.0,15.46,14.65
16708,2017-05-18,16.4,1010.6,132.0,15.648,14.65
16709,2017-05-18,15.9,1010.6,25.0,15.263,14.65
16710,2017-05-18,27.6,1010.2,25.0,18.784000000000002,14.65
16711,2017-05-18,27.6,1010.2,25.0,18.784000000000002,14.65
16712,2017-05-18,27.6,1010.2,25.0,18.784000000000002,14.65
16713,2017-05-18,27.6,1010.2,25.0,18.784000000000002,14.65
16714,2017-05-18,27.6,1010.2,25.0,18.784000000000002,14.65
16715,2017-05-18,27.6,1010.2,25.0,18.784000000000002,14.65
16716,2018-02-27,-4.1,1022.0,0.0,-5.492000000000001,-1.05
16717,2018-02-27,-3.7,1022.1,0.0,-5.26,0.8
16718,2018-02-26,-3.2,1022.3,0.0,-5.11,0.8
16719,2017-05-20,17.6,1013.3,287.0,11.966,13.8
16720,2017-05-19,17.6,1013.3,287.0,11.966,13.8
16721,2017-05-19,17.6,1013.3,287.0,11.966,13.8
16722,2017-05-19,17.6,1013.3,287.0,11.966,13.8
16723,2017-05-19,17.6,1013.3,287.0,11.966,13.8
16724,2017-05-19,17.6,1013.3,287.0,11.966,13.8
16725,2017-05-19,17.6,1013.3,287.0,11.966,13.8
16726,2017-05-19,17.6,1013.3,287.0,11.966,13.8
16727,2017-05-19,17.8,1013.2,283.0,12.148,13.8
16728,2017-05-19,18.4,1012.9,965.0,12.032,13.8
16729,2017-05-19,10.7,1008.0,9.0,10.235,13.8
16730,2017-05-19,10.7,1008.0,9.0,10.235,13.8
16731,2017-05-19,10.7,1008.0,9.0,10.235,13.8
16732,2017-05-19,10.7,1008.0,9.0,10.235,13.8
16733,2017-05-19,10.7,1008.0,9.0,10.235,13.8
16734,2017-05-19,10.7,1008.0,9.0,10.235,13.8
16735,2017-05-19,10.7,1008.0,9.0,10.235,13.8
16736,2017-05-19,10.7,1008.0,9.0,10.235,13.8
16737,2017-05-19,10.7,1008.0,9.0,10.235,13.8
16738,2017-05-19,10.7,1008.0,9.0,10.235,13.8
16739,2017-05-19,10.7,1008.0,9.0,10.235,13.8
16740,2017-05-21,12.9,1024.1,0.0,10.991,9.75
16741,2017-05-20,13.8,1024.0,0.0,11.49,9.75
16742,2017-05-20,14.7,1023.4,0.0,11.96,9.75
16743,2017-05-20,16.2,1022.8,21.0,12.43,9.75
16744,2017-05-20,17.7,1022.4,39.0,13.172,9.75
16745,2017-05-20,17.9,1022.0,58.0,12.72,9.75
16746,2017-05-20,17.1,1021.8,172.0,11.968,9.75
16747,2017-05-20,19.4,1021.4,744.0,12.782,9.75
16748,2017-05-20,16.4,1021.2,1027.0,11.22,9.75
16749,2017-05-20,17.5,1021.0,564.0,12.344000000000001,9.75
16750,2017-05-20,18.7,1021.1,1067.0,12.832,9.75
16751,2017-05-20,17.9,1020.8,339.0,13.013,9.75
16752,2017-05-20,17.8,1020.5,925.0,13.3,9.75
16753,2017-05-20,16.3,1019.7,833.0,12.492,9.75
16754,2017-05-20,14.7,1019.3,707.0,11.96,9.75
16755,2017-05-20,11.8,1018.8,475.0,10.492,9.75
16756,2017-05-20,9.3,1018.2,271.0,8.44,9.75
16757,2017-05-20,17.6,1013.3,287.0,11.966,9.75
16758,2017-05-20,17.6,1013.3,287.0,11.966,9.75
16759,2017-05-20,17.6,1013.3,287.0,11.966,9.75
16760,2017-05-20,17.6,1013.3,287.0,11.966,9.75
16761,2017-05-20,17.6,1013.3,287.0,11.966,9.75
16762,2017-05-20,17.6,1013.3,287.0,11.966,9.75
16763,2017-05-20,17.6,1013.3,287.0,11.966,9.75
16764,2017-05-22,15.7,1018.1,0.0,11.655999999999999,28.1
16765,2017-05-21,16.4,1018.4,0.0,12.1,28.1
16766,2017-05-21,17.5,1018.7,0.0,12.5,28.1
16767,2017-05-21,18.7,1018.6,21.0,13.030999999999999,28.1
16768,2017-05-21,19.8,1018.8,158.0,13.52,28.1
16769,2017-05-21,20.7,1019.2,339.0,13.724,28.1
16770,2017-05-21,20.8,1019.7,526.0,13.932,28.1
16771,2017-05-21,20.7,1020.5,710.0,13.857999999999999,28.1
16772,2017-05-21,20.8,1021.2,879.0,13.724,28.1
16773,2017-05-21,20.5,1021.8,487.0,13.784,28.1
16774,2017-05-21,20.6,1022.6,1011.0,13.915999999999999,28.1
16775,2017-05-21,20.1,1023.4,974.0,13.7,28.1
16776,2017-05-21,19.9,1024.0,905.0,13.489,28.1
16777,2017-05-21,19.0,1024.3,796.0,13.713,28.1
16778,2017-05-21,17.3,1024.6,650.0,13.689,28.1
16779,2017-05-21,15.0,1024.6,476.0,12.9,28.1
16780,2017-05-21,11.9,1024.4,283.0,10.585999999999999,28.1
16781,2017-05-21,8.4,1024.3,76.0,8.08,28.1
16782,2017-05-21,7.8,1024.2,0.0,7.39,28.1
16783,2017-05-21,8.3,1024.0,0.0,7.82,28.1
16784,2017-05-21,8.7,1024.1,0.0,8.22,28.1
16785,2017-05-21,9.4,1024.2,0.0,8.446,28.1
16786,2017-05-21,10.2,1024.4,0.0,9.22,28.1
16787,2017-05-21,11.1,1024.3,0.0,9.656,28.1
16788,2017-05-23,18.9,1014.6,0.0,16.06,15.4
16789,2017-05-22,19.9,1014.5,0.0,16.23,15.4
16790,2017-05-22,21.3,1013.8,0.0,16.456,15.4
16791,2017-05-22,23.8,1013.2,21.0,17.4,15.4
16792,2017-05-22,24.9,1013.0,153.0,18.386,15.4
16793,2017-05-22,25.6,1012.8,360.0,17.284000000000002,15.4
16794,2017-05-22,26.4,1013.2,306.0,17.624000000000002,15.4
16795,2017-05-22,26.4,1013.3,592.0,16.887999999999998,15.4
16796,2017-05-22,25.8,1013.6,454.0,16.817,15.4
16797,2017-05-22,24.0,1013.6,455.0,16.3,15.4
16798,2017-05-22,23.4,1013.9,559.0,15.62,15.4
16799,2017-05-22,22.9,1014.2,765.0,15.960999999999999,15.4
16800,2017-05-22,22.3,1014.3,814.0,15.786,15.4
16801,2017-05-22,21.1,1014.6,816.0,14.982999999999999,15.4
16802,2017-05-22,19.3,1014.9,661.0,14.029000000000002,15.4
16803,2017-05-22,17.0,1015.1,441.0,13.15,15.4
16804,2017-05-22,15.5,1015.1,295.0,12.285,15.4
16805,2017-05-22,12.5,1015.5,105.0,10.184,15.4
16806,2017-05-22,11.9,1015.7,5.0,9.704,15.4
16807,2017-05-22,13.2,1015.6,0.0,10.427999999999999,15.4
16808,2017-05-22,13.4,1015.9,0.0,10.31,15.4
16809,2017-05-22,14.0,1016.8,0.0,10.72,15.4
16810,2017-05-22,14.8,1017.2,0.0,11.12,15.4
16811,2017-05-22,15.2,1017.5,0.0,11.334000000000001,15.4
16812,2017-05-24,17.0,1023.0,0.0,15.3,17.35
16813,2017-05-23,18.2,1022.9,0.0,15.85,17.35
16814,2017-05-23,19.3,1022.3,0.0,16.262,17.35
16815,2017-05-23,20.7,1021.5,18.0,16.421,17.35
16816,2017-05-23,21.5,1021.1,107.0,16.43,17.35
16817,2017-05-23,22.4,1021.0,104.0,16.4,17.35
16818,2017-05-23,22.7,1020.7,144.0,16.508,17.35
16819,2017-05-23,22.8,1020.6,670.0,16.508,17.35
16820,2017-05-23,22.7,1020.4,784.0,16.664,17.35
16821,2017-05-23,21.5,1020.3,947.0,15.76,17.35
16822,2017-05-23,20.9,1020.4,816.0,15.72,17.35
16823,2017-05-23,19.8,1020.1,942.0,15.368,17.35
16824,2017-05-23,19.2,1019.8,809.0,14.912,17.35
16825,2017-05-23,17.4,1019.5,738.0,14.624,17.35
16826,2017-05-23,15.9,1019.5,691.0,13.952,17.35
16827,2017-05-23,14.4,1019.2,227.0,13.224,17.35
16828,2017-05-23,17.3,1015.1,0.0,14.772,17.35
16829,2017-05-23,17.3,1015.1,0.0,14.772,17.35
16830,2017-05-23,17.3,1015.1,0.0,14.772,17.35
16831,2017-05-23,17.3,1015.1,0.0,14.772,17.35
16832,2017-05-23,17.3,1015.1,0.0,14.772,17.35
16833,2017-05-23,17.3,1015.1,0.0,14.772,17.35
16834,2017-05-23,17.3,1014.8,0.0,15.005999999999998,17.35
16835,2017-05-23,18.3,1014.7,0.0,15.5,17.35
16836,2017-05-25,17.5,1022.0,0.0,14.825,34.5
16837,2017-05-24,18.1,1022.3,0.0,15.12,34.5
16838,2017-05-24,19.4,1021.9,0.0,15.607999999999999,34.5
16839,2017-05-24,21.0,1021.9,28.0,16.04,34.5
16840,2017-05-24,22.7,1021.7,155.0,17.346,34.5
16841,2017-05-24,23.2,1021.6,322.0,17.62,34.5
16842,2017-05-24,23.3,1021.9,633.0,17.53,34.5
16843,2017-05-24,23.0,1022.3,719.0,17.7,34.5
16844,2017-05-24,22.6,1022.7,1092.0,17.54,34.5
16845,2017-05-24,22.3,1022.8,399.0,17.24,34.5
16846,2017-05-24,21.1,1023.1,504.0,16.62,34.5
16847,2017-05-24,20.6,1023.6,420.0,16.224,34.5
16848,2017-05-24,20.2,1023.9,601.0,16.312,34.5
16849,2017-05-24,18.4,1024.1,338.0,15.94,34.5
16850,2017-05-24,17.0,1024.4,306.0,15.5,34.5
16851,2017-05-24,16.0,1024.0,169.0,14.98,34.5
16852,2017-05-24,15.2,1023.8,98.0,14.415999999999999,34.5
16853,2017-05-24,14.5,1023.8,30.0,13.9,34.5
16854,2017-05-24,14.3,1023.4,0.0,13.7,34.5
16855,2017-05-24,14.3,1023.0,0.0,13.8,34.5
16856,2017-05-24,14.8,1023.2,0.0,14.0,34.5
16857,2017-05-24,15.0,1022.9,0.0,14.1,34.5
16858,2017-05-24,15.5,1023.0,0.0,14.44,34.5
16859,2017-05-24,16.3,1023.0,0.0,14.914000000000001,34.5
16860,2017-05-26,20.8,1016.7,0.0,15.64,18.95
16861,2017-05-25,15.0,1021.0,5.0,13.3,18.95
16862,2017-05-25,15.0,1021.0,5.0,13.3,18.95
16863,2017-05-25,15.0,1021.0,5.0,13.3,18.95
16864,2017-05-25,15.0,1021.0,5.0,13.3,18.95
16865,2017-05-25,15.0,1021.0,5.0,13.3,18.95
16866,2017-05-25,15.0,1021.0,5.0,13.3,18.95
16867,2017-05-25,15.0,1021.0,5.0,13.3,18.95
16868,2017-05-25,15.0,1021.0,5.0,13.3,18.95
16869,2017-05-25,15.0,1021.0,5.0,13.3,18.95
16870,2017-05-25,15.0,1021.0,5.0,13.3,18.95
16871,2017-05-25,15.0,1021.0,5.0,13.3,18.95
16872,2017-05-25,15.0,1021.0,5.0,13.3,18.95
16873,2017-05-25,15.0,1021.0,5.0,13.3,18.95
16874,2017-05-25,15.0,1021.0,5.0,13.3,18.95
16875,2017-05-25,15.0,1021.0,5.0,13.3,18.95
16876,2017-05-25,15.0,1021.0,5.0,13.3,18.95
16877,2017-05-25,15.0,1021.0,5.0,13.3,18.95
16878,2017-05-25,15.0,1021.0,5.0,13.3,18.95
16879,2017-05-25,15.5,1021.1,0.0,13.78,18.95
16880,2017-05-25,16.0,1021.2,0.0,14.164000000000001,18.95
16881,2017-05-25,15.9,1021.3,0.0,14.754000000000001,18.95
16882,2017-05-25,16.2,1021.6,0.0,15.164000000000001,18.95
16883,2017-05-25,16.9,1021.9,0.0,15.298,18.95
16884,2017-05-27,21.5,1011.5,0.0,17.08,17.65
16885,2017-05-26,22.5,1011.5,0.0,17.3,17.65
16886,2017-05-26,23.6,1011.7,0.0,17.42,17.65
16887,2017-05-26,25.3,1011.4,25.0,18.1,17.65
16888,2017-05-26,26.3,1011.4,158.0,18.642,17.65
16889,2017-05-26,26.8,1011.5,339.0,18.49,17.65
16890,2017-05-26,26.9,1012.1,513.0,18.57,17.65
16891,2017-05-26,26.6,1012.2,679.0,17.974,17.65
16892,2017-05-26,26.5,1012.7,816.0,18.07,17.65
16893,2017-05-26,25.8,1013.1,907.0,17.939,17.65
16894,2017-05-26,25.3,1013.7,951.0,17.185,17.65
16895,2017-05-26,24.8,1014.1,947.0,17.098,17.65
16896,2017-05-26,23.9,1014.6,888.0,16.83,17.65
16897,2017-05-26,22.9,1014.7,793.0,16.436,17.65
16898,2017-05-26,21.8,1015.3,657.0,15.91,17.65
16899,2017-05-26,20.5,1015.8,487.0,15.19,17.65
16900,2017-05-26,19.1,1015.9,304.0,14.697000000000001,17.65
16901,2017-05-26,17.4,1015.8,84.0,14.034,17.65
16902,2017-05-26,16.6,1016.0,7.0,13.515999999999998,17.65
16903,2017-05-26,17.0,1015.8,0.0,13.8,17.65
16904,2017-05-26,18.1,1016.2,0.0,14.424000000000001,17.65
16905,2017-05-26,18.7,1016.1,0.0,14.66,17.65
16906,2017-05-26,18.4,1016.3,0.0,14.675999999999998,17.65
16907,2017-05-26,19.9,1016.8,0.0,15.182,17.65
16908,2017-05-28,21.4,1015.1,0.0,19.176,13.45
16909,2017-05-27,23.4,1014.9,0.0,19.992,13.45
16910,2017-05-27,25.5,1014.7,0.0,20.3,13.45
16911,2017-05-27,26.1,1014.1,33.0,20.721,13.45
16912,2017-05-27,27.5,1014.0,130.0,21.155,13.45
16913,2017-05-27,18.1,1012.2,0.0,15.78,13.45
16914,2017-05-27,18.1,1012.2,0.0,15.78,13.45
16915,2017-05-27,18.1,1012.2,0.0,15.78,13.45
16916,2017-05-27,18.1,1012.2,0.0,15.78,13.45
16917,2017-05-27,18.1,1012.2,0.0,15.78,13.45
16918,2017-05-27,18.1,1012.2,0.0,15.78,13.45
16919,2017-05-27,18.1,1012.2,0.0,15.78,13.45
16920,2017-05-27,18.1,1012.2,0.0,15.78,13.45
16921,2017-05-27,18.1,1012.2,0.0,15.78,13.45
16922,2017-05-27,18.1,1012.2,0.0,15.78,13.45
16923,2017-05-27,18.1,1012.2,0.0,15.78,13.45
16924,2017-05-27,18.1,1012.2,0.0,15.78,13.45
16925,2017-05-27,18.1,1012.2,0.0,15.78,13.45
16926,2017-05-27,18.1,1012.2,0.0,15.78,13.45
16927,2017-05-27,18.4,1011.9,0.0,15.83,13.45
16928,2017-05-27,18.9,1012.1,0.0,16.17,13.45
16929,2017-05-27,19.4,1012.0,0.0,16.222,13.45
16930,2017-05-27,20.2,1012.0,0.0,16.566,13.45
16931,2017-05-27,20.7,1011.8,0.0,16.667,13.45
16932,2017-05-29,25.0,1011.6,0.0,19.43,22.05
16933,2017-05-28,25.4,1011.4,0.0,20.204,22.05
16934,2017-05-28,25.9,1011.5,0.0,21.394000000000002,22.05
16935,2017-05-28,27.4,1011.4,18.0,22.63,22.05
16936,2017-05-28,29.9,1011.9,83.0,23.81,22.05
16937,2017-05-28,30.4,1012.1,422.0,23.29,22.05
16938,2017-05-28,30.1,1012.7,413.0,23.28,22.05
16939,2017-05-28,29.9,1013.4,396.0,23.134,22.05
16940,2017-05-28,29.6,1013.7,791.0,22.962,22.05
16941,2017-05-28,28.3,1014.1,1007.0,22.45,22.05
16942,2017-05-28,28.1,1014.6,548.0,22.15,22.05
16943,2017-05-28,26.5,1014.8,970.0,21.54,22.05
16944,2017-05-28,25.6,1015.0,276.0,20.9,22.05
16945,2017-05-28,23.9,1014.8,612.0,19.852,22.05
16946,2017-05-28,22.2,1015.2,617.0,18.82,22.05
16947,2017-05-28,19.3,1015.2,475.0,17.279,22.05
16948,2017-05-28,17.5,1015.4,176.0,16.24,22.05
16949,2017-05-28,17.0,1015.2,25.0,16.0,22.05
16950,2017-05-28,16.7,1015.7,0.0,15.517999999999999,22.05
16951,2017-05-28,17.4,1015.4,0.0,15.632,22.05
16952,2017-05-28,17.9,1015.4,0.0,15.72,22.05
16953,2017-05-28,18.0,1015.7,0.0,16.35,22.05
16954,2017-05-28,18.8,1015.5,0.0,17.18,22.05
16955,2017-05-28,19.9,1015.7,0.0,17.896,22.05
16956,2017-05-30,19.7,1012.9,0.0,17.694000000000003,15.45
16957,2017-05-29,20.0,1013.2,0.0,17.62,15.45
16958,2017-05-29,20.2,1012.7,0.0,17.574,15.45
16959,2017-05-29,20.8,1011.8,14.0,17.292,15.45
16960,2017-05-29,21.1,1011.5,83.0,16.998,15.45
16961,2017-05-29,23.6,1011.2,65.0,18.444000000000003,15.45
16962,2017-05-29,25.9,1011.1,420.0,19.38,15.45
16963,2017-05-29,26.3,1010.8,763.0,19.875,15.45
16964,2017-05-29,26.1,1010.8,824.0,20.33,15.45
16965,2017-05-29,25.9,1010.8,624.0,20.4,15.45
16966,2017-05-29,25.5,1011.2,385.0,20.0,15.45
16967,2017-05-29,25.6,1011.1,635.0,20.691999999999997,15.45
16968,2017-05-29,28.0,1011.3,1069.0,20.8,15.45
16969,2017-05-29,27.7,1010.8,589.0,20.612,15.45
16970,2017-05-29,26.8,1010.9,624.0,20.862,15.45
16971,2017-05-29,25.0,1010.7,455.0,20.94,15.45
16972,2017-05-29,22.4,1010.2,281.0,19.58,15.45
16973,2017-05-29,20.4,1010.0,88.0,18.046,15.45
16974,2017-05-29,20.0,1009.9,0.0,17.74,15.45
16975,2017-05-29,20.7,1010.4,0.0,18.156,15.45
16976,2017-05-29,21.7,1010.9,0.0,18.555,15.45
16977,2017-05-29,22.9,1010.9,0.0,18.96,15.45
16978,2017-05-29,23.5,1011.1,0.0,19.05,15.45
16979,2017-05-29,24.2,1011.5,0.0,19.02,15.45
16980,2018-02-26,-2.8,1022.2,0.0,-4.984,0.8
16981,2018-02-26,-2.5,1022.3,0.0,-4.784,0.8
16982,2018-02-26,-2.2,1022.3,0.0,-4.57,0.8
16983,2018-02-26,-1.9,1022.5,0.0,-4.274,0.8
16984,2018-02-26,-1.4,1022.3,16.0,-4.0280000000000005,0.8
16985,2018-02-26,-1.1,1022.3,81.0,-4.08,0.8
16986,2018-02-26,-0.8,1022.3,137.0,-3.94,0.8
16987,2018-02-26,-0.7,1022.6,464.0,-3.96,0.8
16988,2018-02-26,-1.1,1023.2,545.0,-4.28,0.8
16989,2018-02-26,-1.4,1023.7,578.0,-4.3,0.8
16990,2017-05-31,21.0,1016.2,438.0,15.41,22.3
16991,2017-05-30,21.0,1016.2,438.0,15.41,22.3
16992,2017-05-30,21.0,1016.2,438.0,15.41,22.3
16993,2017-05-30,21.0,1016.2,438.0,15.41,22.3
16994,2017-05-30,21.0,1016.2,438.0,15.41,22.3
16995,2017-05-30,21.0,1016.2,438.0,15.41,22.3
16996,2017-05-30,21.0,1016.2,438.0,15.41,22.3
16997,2017-05-30,21.0,1016.2,438.0,15.41,22.3
16998,2017-05-30,21.0,1016.2,438.0,15.41,22.3
16999,2017-05-30,20.4,1016.2,461.0,15.824000000000002,22.3
17000,2017-05-30,20.3,1016.3,415.0,15.748,22.3
17001,2017-05-30,19.6,1016.0,475.0,15.35,22.3
17002,2017-05-30,19.8,1012.7,0.0,17.458,22.3
17003,2017-05-30,20.2,1012.9,0.0,18.046,22.3
17004,2017-06-01,17.9,1020.4,0.0,14.61,20.35
17005,2017-05-31,18.8,1020.3,0.0,14.876,20.35
17006,2017-05-31,19.8,1019.8,0.0,15.312999999999999,20.35
17007,2017-05-31,22.0,1019.5,54.0,16.1,20.35
17008,2017-05-31,22.7,1019.2,148.0,16.268,20.35
17009,2017-05-31,23.1,1019.1,339.0,16.59,20.35
17010,2017-05-31,10.0,0.0,32767.0,9.8,20.35
17011,2017-05-31,21.0,1016.2,438.0,15.41,20.35
17012,2017-05-31,21.0,1016.2,438.0,15.41,20.35
17013,2017-05-31,21.0,1016.2,438.0,15.41,20.35
17014,2017-05-31,21.0,1016.2,438.0,15.41,20.35
17015,2017-05-31,21.0,1016.2,438.0,15.41,20.35
17016,2017-05-31,21.0,1016.2,438.0,15.41,20.35
17017,2017-05-31,21.0,1016.2,438.0,15.41,20.35
17018,2017-05-31,21.0,1016.2,438.0,15.41,20.35
17019,2017-05-31,21.0,1016.2,438.0,15.41,20.35
17020,2017-05-31,21.0,1016.2,438.0,15.41,20.35
17021,2017-05-31,21.0,1016.2,438.0,15.41,20.35
17022,2017-05-31,21.0,1016.2,438.0,15.41,20.35
17023,2017-05-31,21.0,1016.2,438.0,15.41,20.35
17024,2017-05-31,21.0,1016.2,438.0,15.41,20.35
17025,2017-05-31,21.0,1016.2,438.0,15.41,20.35
17026,2017-05-31,21.0,1016.2,438.0,15.41,20.35
17027,2017-05-31,21.0,1016.2,438.0,15.41,20.35
17028,2017-06-02,25.0,1016.2,40.0,18.14,19.6
17029,2017-06-01,25.0,1016.2,40.0,18.14,19.6
17030,2017-06-01,25.0,1016.2,40.0,18.14,19.6
17031,2017-06-01,25.0,1016.2,40.0,18.14,19.6
17032,2017-06-01,26.1,1016.2,167.0,18.682000000000002,19.6
17033,2017-06-01,26.3,1016.3,381.0,18.458,19.6
17034,2017-06-01,26.6,1016.5,200.0,18.41,19.6
17035,2017-06-01,27.0,1016.8,717.0,17.8,19.6
17036,2017-06-01,27.0,1017.4,828.0,17.8,19.6
17037,2017-06-01,26.3,1017.8,881.0,17.722,19.6
17038,2017-06-01,25.7,1018.2,919.0,17.378,19.6
17039,2017-06-01,25.1,1018.8,912.0,16.814,19.6
17040,2017-06-01,24.0,1019.2,858.0,16.6,19.6
17041,2017-06-01,23.1,1019.3,744.0,16.91,19.6
17042,2017-06-01,21.8,1019.6,617.0,17.008,19.6
17043,2017-06-01,19.3,1019.8,454.0,16.375,19.6
17044,2017-06-01,17.0,1019.9,120.0,15.3,19.6
17045,2017-06-01,15.2,1019.8,67.0,13.905999999999999,19.6
17046,2017-06-01,14.8,1019.6,7.0,13.704,19.6
17047,2017-06-01,14.9,1019.6,0.0,13.704,19.6
17048,2017-06-01,15.6,1019.6,0.0,13.988,19.6
17049,2017-06-01,16.3,1019.9,0.0,14.352,19.6
17050,2017-06-01,16.7,1020.0,0.0,14.436,19.6
17051,2017-06-01,17.3,1020.3,0.0,14.538,19.6
17052,2017-06-03,19.0,1013.5,0.0,18.28,13.8
17053,2017-06-02,19.0,1013.6,0.0,18.16,13.8
17054,2017-06-02,19.0,1013.5,0.0,18.04,13.8
17055,2017-06-02,22.0,1012.9,77.0,20.4,13.8
17056,2017-06-02,22.0,1013.1,12.0,20.1,13.8
17057,2017-06-02,22.0,1012.6,90.0,20.2,13.8
17058,2017-06-02,22.0,1013.1,160.0,19.9,13.8
17059,2017-06-02,24.0,0.0,32767.0,23.52,13.8
17060,2017-06-02,24.0,1013.9,97.0,20.7,13.8
17061,2017-06-02,25.0,1016.2,40.0,18.14,13.8
17062,2017-06-02,25.0,1016.2,40.0,18.14,13.8
17063,2017-06-02,25.0,1016.2,40.0,18.14,13.8
17064,2017-06-02,25.0,1016.2,40.0,18.14,13.8
17065,2017-06-02,25.0,1016.2,40.0,18.14,13.8
17066,2017-06-02,25.0,1016.2,40.0,18.14,13.8
17067,2017-06-02,25.0,1016.2,40.0,18.14,13.8
17068,2017-06-02,25.0,1016.2,40.0,18.14,13.8
17069,2017-06-02,25.0,1016.2,40.0,18.14,13.8
17070,2017-06-02,25.0,1016.2,40.0,18.14,13.8
17071,2017-06-02,25.0,1016.2,40.0,18.14,13.8
17072,2017-06-02,25.0,1016.2,40.0,18.14,13.8
17073,2017-06-02,25.0,1016.2,40.0,18.14,13.8
17074,2017-06-02,25.0,1016.2,40.0,18.14,13.8
17075,2017-06-02,25.0,1016.2,40.0,18.14,13.8
17076,2017-06-05,19.0,1014.5,21.0,17.92,19.0
17077,2017-08-22,18.3,1019.2,0.0,17.396,17.55
17078,2017-10-05,10.9,1020.5,0.0,10.172,14.45
17079,2017-10-05,12.1,1019.7,0.0,11.4,14.45
17080,2017-10-05,12.9,1018.7,0.0,12.4,14.45
17081,2017-10-05,13.2,1017.9,16.0,12.6,14.45
17082,2017-10-05,14.8,1017.3,23.0,14.2,14.45
17083,2017-10-05,15.7,1016.9,62.0,14.77,14.45
17084,2017-10-05,15.2,1017.0,97.0,14.318,14.45
17085,2017-10-05,15.3,1017.3,86.0,14.224,14.45
17086,2017-10-05,15.3,1017.6,97.0,14.012,14.45
17087,2017-10-05,14.5,1017.8,265.0,13.32,14.45
17088,2017-10-05,13.9,1017.9,132.0,12.74,14.45
17089,2017-10-05,12.7,1017.5,230.0,11.46,14.45
17090,2017-10-05,11.7,1017.5,139.0,10.315,14.45
17091,2017-10-05,11.1,1017.8,120.0,9.567,14.45
17092,2017-10-05,9.6,1017.6,5.0,8.604,14.45
17093,2017-10-05,9.6,1017.8,0.0,8.68,14.45
17094,2017-10-05,10.2,1018.5,0.0,9.22,14.45
17095,2017-10-05,9.9,1019.1,0.0,9.116,14.45
17096,2017-10-05,9.4,1019.6,0.0,8.696,14.45
17097,2017-10-05,9.7,1020.7,0.0,8.854,14.45
17098,2017-10-05,10.4,1021.2,0.0,9.356,14.45
17099,2017-10-05,11.4,1021.5,0.0,10.116,14.45
17100,2017-10-08,12.3,1017.3,0.0,11.8,11.8
17101,2018-01-22,12.0,1008.0,53.0,11.7,7.45
17102,2018-01-22,11.8,1008.3,0.0,11.505999999999998,7.45
17103,2018-01-22,11.7,1009.1,0.0,11.409,7.45
17104,2018-01-22,11.7,1009.9,0.0,11.409,7.45
17105,2018-01-22,11.7,1010.1,0.0,11.312000000000001,7.45
17106,2018-01-22,11.7,1010.4,0.0,11.312000000000001,7.45
17107,2018-01-22,11.6,1010.9,0.0,11.216,7.45
17108,2018-01-22,11.4,1010.8,0.0,11.024000000000001,7.45
17109,2018-01-22,11.4,1010.9,0.0,11.024000000000001,7.45
17110,2018-01-22,11.2,1011.3,0.0,10.832,7.45
17111,2018-02-08,3.2,1020.6,336.0,1.37,-0.95
17112,2018-02-08,2.7,1021.2,439.0,0.797,-0.95
17113,2018-02-08,1.8,1021.4,56.0,-0.204,-0.95
17114,2018-02-08,0.9,1021.7,56.0,-0.54,-0.95
17115,2018-02-08,-0.1,1021.8,113.0,-1.359,-0.95
17116,2018-02-08,-1.8,1021.4,239.0,-2.424,-0.95
17117,2018-02-08,-3.7,1021.2,53.0,-4.15,-0.95
17118,2018-02-08,-4.3,1021.0,0.0,-4.676,-0.95
17119,2018-02-08,-3.4,1020.6,0.0,-3.9,-0.95
17120,2018-02-08,-3.4,1020.4,0.0,-3.85,-0.95
17121,2018-02-08,-3.1,1020.2,0.0,-3.65,-0.95
17122,2018-02-08,-2.4,1020.3,0.0,-3.0,-0.95
17123,2018-02-08,-2.2,1020.4,0.0,-2.8,-0.95
17124,2018-02-08,-2.4,1020.3,0.0,-3.05,-0.95
17125,2018-02-08,-2.2,1020.4,0.0,-2.95,-0.95
17126,2018-02-18,7.9,1023.4,527.0,6.289,5.45
17127,2018-02-18,4.2,1024.0,236.0,3.42,5.45
17128,2018-02-18,5.2,1024.1,167.0,4.356,5.45
17129,2018-02-18,5.2,1023.8,283.0,4.356,5.45
17130,2018-02-18,2.2,1023.8,125.0,1.64,5.45
17131,2018-02-18,1.1,1023.9,7.0,0.61,5.45
17132,2018-02-18,0.1,1024.2,0.0,-0.268,5.45
17133,2018-02-18,0.3,1024.1,0.0,-0.008,5.45
17134,2018-02-18,0.4,1024.0,0.0,0.02,5.45
17135,2018-02-18,0.6,1024.1,0.0,0.304,5.45
17136,2018-02-18,0.9,1024.2,0.0,0.545,5.45
17137,2018-02-18,0.7,1024.4,0.0,0.262,5.45
17138,2018-02-18,1.3,1024.5,0.0,0.64,5.45
17139,2018-03-02,9.0,990.6,246.0,6.6,-2.2
17140,2018-03-02,8.3,990.7,318.0,6.66,-2.2
17141,2018-03-02,8.0,990.3,279.0,6.9479999999999995,-2.2
17142,2018-03-02,6.1,990.0,67.0,5.614,-2.2
17143,2018-03-02,4.4,989.5,113.0,3.792,-2.2
17144,2018-03-02,2.6,988.5,62.0,1.97,-2.2
17145,2018-03-02,1.9,987.3,51.0,1.2,-2.2
17146,2018-03-02,1.7,986.9,35.0,0.8290000000000001,-2.2
17147,2018-03-02,2.2,986.1,0.0,1.02,-2.2
17148,2018-03-02,1.8,985.6,0.0,0.46,-2.2
17149,2018-03-02,2.7,985.4,0.0,0.9309999999999999,-2.2
17150,2018-03-02,2.2,985.9,0.0,0.218,-2.2
17151,2018-03-02,2.2,986.0,0.0,0.156,-2.2
17152,2018-03-02,1.4,986.8,0.0,-0.44,-2.2
17153,2018-03-02,1.9,987.1,0.0,-0.17300000000000001,-2.2
17154,2018-03-02,1.3,987.8,0.0,-0.664,-2.2
